Col	Row	Count	Time
3	0	0	beam_20220504-225000
3	1	0	beam_20220504-225007
3	2	1000	beam_20220504-225015
3	3	1	beam_20220504-230238
3	4	2	beam_20220504-230246
3	5	0	beam_20220504-230255
3	6	0	beam_20220504-230302
3	7	6	beam_20220504-230309
3	8	0	beam_20220504-230321
3	9	1000	beam_20220504-230328
3	10	0	beam_20220504-231554
3	11	7	beam_20220504-231601
3	12	0	beam_20220504-231614
3	13	1	beam_20220504-231621
3	14	0	beam_20220504-231629
3	15	2	beam_20220504-231636
3	16	25	beam_20220504-231645
3	17	0	beam_20220504-231710
3	18	0	beam_20220504-231717
3	19	943	beam_20220504-231725
3	20	0	beam_20220504-232906
3	21	1	beam_20220504-232913
3	22	0	beam_20220504-232921
3	23	0	beam_20220504-232928
3	24	24	beam_20220504-232936
3	25	0	beam_20220504-233000
3	26	0	beam_20220504-233008
3	27	0	beam_20220504-233015
3	28	1000	beam_20220504-233022
3	29	0	beam_20220504-234248
3	30	273	beam_20220504-234255
3	31	0	beam_20220504-234624
3	32	0	beam_20220504-234631
3	33	0	beam_20220504-234638
3	34	0	beam_20220504-234646