Col	Row	Count	Time
12	0	0	beam_20220506-112713
12	1	0	beam_20220506-112720
12	2	0	beam_20220506-112727
12	3	0	beam_20220506-112735
12	4	60	beam_20220506-112742
12	5	1	beam_20220506-112833
12	6	0	beam_20220506-112841
12	7	1	beam_20220506-112848
12	8	0	beam_20220506-112856
12	9	2	beam_20220506-112903
12	10	0	beam_20220506-112912
12	11	0	beam_20220506-112919
12	12	0	beam_20220506-112926
12	13	0	beam_20220506-112933
12	14	1	beam_20220506-112940
12	15	0	beam_20220506-112948
12	16	0	beam_20220506-112955
12	17	35	beam_20220506-113003
12	18	0	beam_20220506-113036
12	19	0	beam_20220506-113043
12	20	1000	beam_20220506-113050
12	21	269	beam_20220506-114312
12	22	0	beam_20220506-114639
12	23	0	beam_20220506-114646
12	24	0	beam_20220506-114653
12	25	0	beam_20220506-114700
12	26	0	beam_20220506-114707
12	27	0	beam_20220506-114714
12	28	1000	beam_20220506-114721
12	29	2	beam_20220506-115946
12	30	0	beam_20220506-115955
12	31	0	beam_20220506-120002
12	32	0	beam_20220506-120009
12	33	0	beam_20220506-120016
12	34	0	beam_20220506-120023
