Col	Row	Count	Time
14	0	0	beam_20220506-132625
14	1	0	beam_20220506-132632
14	2	0	beam_20220506-132639
14	3	0	beam_20220506-132646
14	4	0	beam_20220506-132653
14	5	0	beam_20220506-132700
14	6	1000	beam_20220506-132707
14	7	1	beam_20220506-133923
14	8	0	beam_20220506-133931
14	9	1000	beam_20220506-133938
14	10	2	beam_20220506-135155
14	11	1000	beam_20220506-135203
14	12	1000	beam_20220506-140419
14	13	0	beam_20220506-141634
14	14	0	beam_20220506-141641
14	15	0	beam_20220506-141648
14	16	1000	beam_20220506-141655
14	17	2	beam_20220506-142922
14	18	1000	beam_20220506-142931
14	19	0	beam_20220506-144146
14	20	0	beam_20220506-144153
14	21	1000	beam_20220506-144200
14	22	4	beam_20220506-145418
14	23	0	beam_20220506-145428
14	24	0	beam_20220506-145435
14	25	1	beam_20220506-145442
14	26	0	beam_20220506-145450
14	27	0	beam_20220506-145457
14	28	1000	beam_20220506-145504
14	29	0	beam_20220506-150720
14	30	0	beam_20220506-150727
14	31	0	beam_20220506-150734
14	32	71	beam_20220506-150742
14	33	1000	beam_20220506-150840
14	34	81	beam_20220506-152057
