Col	Row	Count	Time
5	0	0	beam_20220505-080355
5	1	0	beam_20220505-080403
5	2	1	beam_20220505-080410
5	3	0	beam_20220505-080418
5	4	0	beam_20220505-080425
5	5	8	beam_20220505-080432
5	6	1000	beam_20220505-080445
5	7	0	beam_20220505-081703
5	8	0	beam_20220505-081710
5	9	0	beam_20220505-081717
5	10	0	beam_20220505-081724
5	11	0	beam_20220505-081731
5	12	0	beam_20220505-081738
5	13	1000	beam_20220505-081745
5	14	0	beam_20220505-083002
5	15	184	beam_20220505-083009
5	16	0	beam_20220505-083232
5	17	0	beam_20220505-083239
5	18	1	beam_20220505-083246
5	19	0	beam_20220505-083254
5	20	0	beam_20220505-083301
5	21	1000	beam_20220505-083308
5	22	0	beam_20220505-084528
5	23	1000	beam_20220505-084535
5	24	0	beam_20220505-085755
5	25	0	beam_20220505-085802
5	26	0	beam_20220505-085809
5	27	0	beam_20220505-085816
5	28	1000	beam_20220505-085823
5	29	0	beam_20220505-091042
5	30	1	beam_20220505-091049
5	31	0	beam_20220505-091057
5	32	1	beam_20220505-091104
5	33	0	beam_20220505-091112
5	34	1000	beam_20220505-091119