Col	Row	Count	Time
11	0	0	beam_20220506-095042
11	1	0	beam_20220506-095050
11	2	0	beam_20220506-095057
11	3	0	beam_20220506-095104
11	4	1000	beam_20220506-095111
11	5	0	beam_20220506-100340
11	6	0	beam_20220506-100347
11	7	0	beam_20220506-100354
11	8	0	beam_20220506-100401
11	9	0	beam_20220506-100409
11	10	0	beam_20220506-100416
11	11	1000	beam_20220506-100423
11	12	1	beam_20220506-101653
11	13	0	beam_20220506-101701
11	14	0	beam_20220506-101708
11	15	17	beam_20220506-101715
11	16	0	beam_20220506-101735
11	17	3	beam_20220506-101742
11	18	1000	beam_20220506-101751
11	19	0	beam_20220506-103022
11	20	0	beam_20220506-103029
11	21	1000	beam_20220506-103036
11	22	353	beam_20220506-104307
11	23	0	beam_20220506-104736
11	24	1000	beam_20220506-104744
11	25	35	beam_20220506-110012
11	26	0	beam_20220506-110045
11	27	0	beam_20220506-110052
11	28	1000	beam_20220506-110059
11	29	1	beam_20220506-111322
11	30	0	beam_20220506-111330
11	31	71	beam_20220506-111337
11	32	0	beam_20220506-111436
11	33	1000	beam_20220506-111443
11	34	0	beam_20220506-112706
