Col	Row	Count	Time
1	0	0	beam_20220504-200123
1	1	0	beam_20220504-200130
1	2	0	beam_20220504-200137
1	3	0	beam_20220504-200144
1	4	0	beam_20220504-200152
1	5	0	beam_20220504-200159
1	6	1	beam_20220504-200206
1	7	0	beam_20220504-200214
1	8	1000	beam_20220504-200221
1	9	0	beam_20220504-201447
1	10	0	beam_20220504-201454
1	11	0	beam_20220504-201501
1	12	1	beam_20220504-201508
1	13	0	beam_20220504-201516
1	14	0	beam_20220504-201523
1	15	7	beam_20220504-201530
1	16	0	beam_20220504-201543
1	17	0	beam_20220504-201550
1	18	0	beam_20220504-201557
1	19	0	beam_20220504-201604
1	20	0	beam_20220504-201611
1	21	1	beam_20220504-201618
1	22	0	beam_20220504-201626
1	23	1000	beam_20220504-201633
1	24	0	beam_20220504-202859
1	25	0	beam_20220504-202906
1	26	1	beam_20220504-202913
1	27	0	beam_20220504-202921
1	28	0	beam_20220504-202929
1	29	0	beam_20220504-202936
1	30	0	beam_20220504-202943
1	31	1000	beam_20220504-202950
1	32	0	beam_20220504-204215
1	33	0	beam_20220504-204222
1	34	1000	beam_20220504-204229