Col	Row	Count	Time
11	0	0	beam_20220608-142124
11	1	0	beam_20220608-142127
11	2	0	beam_20220608-142131
11	3	0	beam_20220608-142134
11	4	0	beam_20220608-142137
11	5	1	beam_20220608-142140
11	6	1	beam_20220608-142143
11	7	1	beam_20220608-142146
11	8	0	beam_20220608-142150
11	9	0	beam_20220608-142153
11	10	1	beam_20220608-142156
11	11	0	beam_20220608-142159
11	12	0	beam_20220608-142202
11	13	0	beam_20220608-142205
11	14	1	beam_20220608-142208
11	15	1	beam_20220608-142212
11	16	0	beam_20220608-142215
11	17	1	beam_20220608-142218
11	18	0	beam_20220608-142221
11	19	1	beam_20220608-142224
11	20	0	beam_20220608-142228
11	21	0	beam_20220608-142231
11	22	1	beam_20220608-142234
11	23	0	beam_20220608-142237
11	24	0	beam_20220608-142240
11	25	0	beam_20220608-142243
11	26	1	beam_20220608-142247
11	27	0	beam_20220608-142250
11	28	0	beam_20220608-142253
11	29	0	beam_20220608-142256
11	30	1	beam_20220608-142259
11	31	0	beam_20220608-142302
11	32	0	beam_20220608-142306
11	33	0	beam_20220608-142309
11	34	0	beam_20220608-142312
