Col	Row	Count	Time
32	0	0	beam_20220608-145959
32	1	0	beam_20220608-150002
32	2	0	beam_20220608-150005
32	3	0	beam_20220608-150008
32	4	0	beam_20220608-150011
32	5	1	beam_20220608-150015
32	6	1	beam_20220608-150018
32	7	0	beam_20220608-150021
32	8	0	beam_20220608-150024
32	9	1	beam_20220608-150027
32	10	1	beam_20220608-150030
32	11	0	beam_20220608-150034
32	12	1	beam_20220608-150037
32	13	1	beam_20220608-150040
32	14	1	beam_20220608-150043
32	15	1	beam_20220608-150047
32	16	0	beam_20220608-150050
32	17	1	beam_20220608-150053
32	18	0	beam_20220608-150056
32	19	1	beam_20220608-150059
32	20	0	beam_20220608-150103
32	21	0	beam_20220608-150106
32	22	0	beam_20220608-150109
32	23	0	beam_20220608-150112
32	24	1	beam_20220608-150115
32	25	1	beam_20220608-150118
32	26	0	beam_20220608-150122
32	27	0	beam_20220608-150125
32	28	0	beam_20220608-150128
32	29	0	beam_20220608-150131
32	30	1	beam_20220608-150134
32	31	0	beam_20220608-150137
32	32	0	beam_20220608-150140
32	33	0	beam_20220608-150144
32	34	0	beam_20220608-150147
