Col	Row	Count	Time
26	0	0	beam_20220629-175034
26	1	50	beam_20220629-175035
26	2	50	beam_20220629-175042
26	3	0	beam_20220629-175048
26	4	0	beam_20220629-175050
26	5	50	beam_20220629-175051
26	6	50	beam_20220629-175057
26	7	0	beam_20220629-175104
26	8	0	beam_20220629-175105
26	9	0	beam_20220629-175106
26	10	0	beam_20220629-175107
26	11	50	beam_20220629-175109
26	12	0	beam_20220629-175115
26	13	0	beam_20220629-175116
26	14	50	beam_20220629-175118
26	15	50	beam_20220629-175124
26	16	50	beam_20220629-175131
26	17	0	beam_20220629-175137
26	18	0	beam_20220629-175138
26	19	0	beam_20220629-175140
26	20	50	beam_20220629-175141
26	21	0	beam_20220629-175147
26	22	50	beam_20220629-175149
26	24	0	beam_20220629-175155
26	25	0	beam_20220629-175157
26	26	50	beam_20220629-175158
26	27	50	beam_20220629-175204
26	28	50	beam_20220629-175211
26	29	0	beam_20220629-175217
26	30	0	beam_20220629-175219
26	31	0	beam_20220629-175220
26	32	0	beam_20220629-175221
26	33	50	beam_20220629-175222
26	34	0	beam_20220629-175229
