Col	Row	Count	Time
8	0	50	beam_20220629-171932
8	1	0	beam_20220629-171939
8	2	50	beam_20220629-171940
8	3	0	beam_20220629-171947
8	4	0	beam_20220629-171948
8	5	36	beam_20220629-171949
8	6	0	beam_20220629-171954
8	7	50	beam_20220629-171956
8	8	50	beam_20220629-172002
8	9	0	beam_20220629-172009
8	10	0	beam_20220629-172010
8	11	0	beam_20220629-172011
8	12	50	beam_20220629-172012
8	13	0	beam_20220629-172019
8	14	0	beam_20220629-172020
8	15	0	beam_20220629-172021
8	16	50	beam_20220629-172023
8	17	0	beam_20220629-172029
8	18	0	beam_20220629-172030
8	19	0	beam_20220629-172031
8	20	0	beam_20220629-172033
8	21	50	beam_20220629-172034
8	22	0	beam_20220629-172040
8	23	0	beam_20220629-172042
8	24	0	beam_20220629-172043
8	25	0	beam_20220629-172044
8	26	50	beam_20220629-172045
8	28	0	beam_20220629-172052
8	29	0	beam_20220629-172053
8	30	50	beam_20220629-172054
8	31	0	beam_20220629-172101
8	32	0	beam_20220629-172102
8	33	50	beam_20220629-172103
8	34	0	beam_20220629-172110
