Col	Row	Count	Time
7	0	0	beam_20220629-171752
7	1	0	beam_20220629-171753
7	2	0	beam_20220629-171754
7	3	0	beam_20220629-171755
7	4	0	beam_20220629-171756
7	5	0	beam_20220629-171758
7	6	0	beam_20220629-171759
7	7	0	beam_20220629-171800
7	8	50	beam_20220629-171801
7	9	0	beam_20220629-171808
7	10	0	beam_20220629-171809
7	11	0	beam_20220629-171810
7	12	50	beam_20220629-171811
7	13	0	beam_20220629-171818
7	14	0	beam_20220629-171819
7	15	0	beam_20220629-171820
7	16	50	beam_20220629-171821
7	17	0	beam_20220629-171828
7	18	50	beam_20220629-171829
7	19	0	beam_20220629-171836
7	20	50	beam_20220629-171837
7	21	0	beam_20220629-171843
7	22	0	beam_20220629-171845
7	23	0	beam_20220629-171846
7	24	50	beam_20220629-171847
7	25	0	beam_20220629-171854
7	26	50	beam_20220629-171855
7	27	50	beam_20220629-171901
7	28	0	beam_20220629-171908
7	29	0	beam_20220629-171909
7	30	0	beam_20220629-171910
7	31	50	beam_20220629-171912
7	32	0	beam_20220629-171918
7	33	50	beam_20220629-171919
7	34	50	beam_20220629-171926
