Col	Row	Count	Time
29	0	0	beam_20220629-175625
29	1	0	beam_20220629-175626
29	2	0	beam_20220629-175627
29	3	0	beam_20220629-175628
29	4	50	beam_20220629-175629
29	5	0	beam_20220629-175636
29	6	0	beam_20220629-175637
29	7	50	beam_20220629-175638
29	8	0	beam_20220629-175645
29	9	50	beam_20220629-175646
29	10	0	beam_20220629-175653
29	11	0	beam_20220629-175654
29	12	0	beam_20220629-175655
29	13	50	beam_20220629-175656
29	14	50	beam_20220629-175703
29	15	0	beam_20220629-175709
29	16	0	beam_20220629-175711
29	17	0	beam_20220629-175712
29	18	50	beam_20220629-175713
29	19	0	beam_20220629-175720
29	20	50	beam_20220629-175721
29	21	0	beam_20220629-175728
29	22	50	beam_20220629-175729
29	23	0	beam_20220629-175735
29	24	50	beam_20220629-175736
29	25	50	beam_20220629-175743
29	26	50	beam_20220629-175750
29	27	50	beam_20220629-175756
29	28	0	beam_20220629-175803
29	29	0	beam_20220629-175804
29	30	0	beam_20220629-175805
29	31	0	beam_20220629-175806
29	32	0	beam_20220629-175808
29	33	50	beam_20220629-175809
29	34	43	beam_20220629-175815
