Col	Row	Count	Time
34	0	0	beam_20220629-180553
34	1	0	beam_20220629-180554
34	2	0	beam_20220629-180555
34	3	0	beam_20220629-180557
34	4	0	beam_20220629-180558
34	5	0	beam_20220629-180559
34	6	50	beam_20220629-180600
34	7	0	beam_20220629-180607
34	8	0	beam_20220629-180608
34	9	0	beam_20220629-180609
34	10	50	beam_20220629-180610
34	11	0	beam_20220629-180617
34	12	50	beam_20220629-180618
34	13	50	beam_20220629-180625
34	14	0	beam_20220629-180631
34	15	0	beam_20220629-180632
34	16	50	beam_20220629-180634
34	17	50	beam_20220629-180640
34	18	0	beam_20220629-180647
34	19	0	beam_20220629-180648
34	20	0	beam_20220629-180649
34	21	0	beam_20220629-180650
34	22	50	beam_20220629-180652
34	23	0	beam_20220629-180658
34	24	0	beam_20220629-180659
34	25	0	beam_20220629-180701
34	26	50	beam_20220629-180702
34	27	0	beam_20220629-180708
34	28	0	beam_20220629-180710
34	29	0	beam_20220629-180711
34	30	0	beam_20220629-180712
34	31	0	beam_20220629-180713
34	32	0	beam_20220629-180714
34	33	50	beam_20220629-180716
34	34	0	beam_20220629-180722
