Col	Row	Count	Time
24	0	0	beam_20220629-174702
24	1	0	beam_20220629-174703
24	2	50	beam_20220629-174704
24	3	0	beam_20220629-174711
24	4	0	beam_20220629-174712
24	5	50	beam_20220629-174713
24	6	50	beam_20220629-174720
24	7	0	beam_20220629-174726
24	8	0	beam_20220629-174728
24	9	50	beam_20220629-174729
24	10	50	beam_20220629-174735
24	11	50	beam_20220629-174742
24	12	50	beam_20220629-174749
24	13	0	beam_20220629-174755
24	14	0	beam_20220629-174756
24	15	0	beam_20220629-174758
24	16	0	beam_20220629-174759
24	17	50	beam_20220629-174800
24	18	50	beam_20220629-174807
24	19	50	beam_20220629-174813
24	20	0	beam_20220629-174820
24	21	0	beam_20220629-174821
24	22	0	beam_20220629-174822
24	23	0	beam_20220629-174823
24	24	0	beam_20220629-174825
24	25	50	beam_20220629-174826
24	26	50	beam_20220629-174832
24	27	0	beam_20220629-174839
24	28	0	beam_20220629-174840
24	29	0	beam_20220629-174841
24	30	0	beam_20220629-174843
24	32	0	beam_20220629-174844
24	33	0	beam_20220629-174845
24	34	0	beam_20220629-174846
