Col	Row	Count	Time
11	0	50	beam_20220629-172510
11	1	0	beam_20220629-172516
11	2	50	beam_20220629-172518
11	3	0	beam_20220629-172524
11	4	0	beam_20220629-172526
11	5	50	beam_20220629-172527
11	6	0	beam_20220629-172533
11	7	0	beam_20220629-172535
11	8	50	beam_20220629-172536
11	9	50	beam_20220629-172542
11	10	0	beam_20220629-172549
11	11	50	beam_20220629-172550
11	12	50	beam_20220629-172557
11	13	0	beam_20220629-172603
11	14	0	beam_20220629-172604
11	15	0	beam_20220629-172606
11	16	50	beam_20220629-172607
11	17	0	beam_20220629-172613
11	18	50	beam_20220629-172614
11	19	0	beam_20220629-172621
11	20	50	beam_20220629-172622
11	21	0	beam_20220629-172629
11	22	50	beam_20220629-172630
11	23	0	beam_20220629-172637
11	24	0	beam_20220629-172638
11	25	0	beam_20220629-172639
11	26	0	beam_20220629-172640
11	27	0	beam_20220629-172642
11	28	0	beam_20220629-172643
11	29	50	beam_20220629-172644
11	30	50	beam_20220629-172651
11	31	0	beam_20220629-172657
11	32	0	beam_20220629-172658
11	33	50	beam_20220629-172700
11	34	0	beam_20220629-172706
