Col	Row	Count	Time
1	0	0	beam_20220629-170749
1	1	50	beam_20220629-170750
1	2	0	beam_20220629-170757
1	3	0	beam_20220629-170758
1	4	0	beam_20220629-170759
1	5	0	beam_20220629-170801
1	6	0	beam_20220629-170802
1	7	50	beam_20220629-170803
1	8	50	beam_20220629-170810
1	9	0	beam_20220629-170816
1	10	50	beam_20220629-170817
1	11	0	beam_20220629-170824
1	12	0	beam_20220629-170825
1	13	50	beam_20220629-170826
1	14	50	beam_20220629-170833
1	15	0	beam_20220629-170839
1	16	0	beam_20220629-170841
1	17	0	beam_20220629-170842
1	18	50	beam_20220629-170843
1	19	50	beam_20220629-170850
1	20	0	beam_20220629-170856
1	21	0	beam_20220629-170857
1	22	0	beam_20220629-170859
1	23	0	beam_20220629-170900
1	24	0	beam_20220629-170901
1	25	0	beam_20220629-170902
1	26	0	beam_20220629-170903
1	27	50	beam_20220629-170905
1	28	0	beam_20220629-170911
1	29	0	beam_20220629-170912
1	30	50	beam_20220629-170914
1	31	0	beam_20220629-170920
1	33	50	beam_20220629-170921
1	34	0	beam_20220629-170928
