Col	Row	Count	Time
10	0	50	beam_20220629-172319
10	1	0	beam_20220629-172326
10	2	0	beam_20220629-172327
10	3	0	beam_20220629-172328
10	4	0	beam_20220629-172329
10	5	0	beam_20220629-172330
10	6	50	beam_20220629-172332
10	7	0	beam_20220629-172338
10	8	0	beam_20220629-172339
10	9	50	beam_20220629-172341
10	10	50	beam_20220629-172347
10	12	0	beam_20220629-172354
10	13	0	beam_20220629-172355
10	14	0	beam_20220629-172356
10	15	50	beam_20220629-172357
10	16	0	beam_20220629-172404
10	17	0	beam_20220629-172405
10	18	0	beam_20220629-172406
10	19	50	beam_20220629-172408
10	20	0	beam_20220629-172414
10	21	0	beam_20220629-172415
10	22	50	beam_20220629-172417
10	23	50	beam_20220629-172423
10	24	0	beam_20220629-172430
10	25	50	beam_20220629-172431
10	26	0	beam_20220629-172438
10	27	50	beam_20220629-172439
10	28	0	beam_20220629-172445
10	29	50	beam_20220629-172447
10	30	50	beam_20220629-172453
10	31	0	beam_20220629-172500
10	32	50	beam_20220629-172501
10	33	0	beam_20220629-172507
10	34	0	beam_20220629-172509
