Voltageboard settings: [1.02, 1, 0, 0, 1, 1.1, 0, 0]
Digital: {'interrupt_pushpull': 1, 'En_Inj1': 0, 'En_Inj2': 0, 'En_Inj3': 0, 'En_Inj4': 0, 'En_Inj5': 0, 'En_Inj6': 0, 'En_Inj7': 0, 'En_Inj8': 0, 'En_Inj9': 0, 'En_Inj10': 0, 'En_Inj11': 0, 'En_Inj12': 0, 'En_Inj13': 0, 'En_Inj14': 0, 'En_Inj15': 0, 'En_Inj16': 0, 'En_Inj17': 0, 'En_Inj18': 0, 'ResetB': 0, 'Extrabit0': 1, 'Extrabit1': 1, 'Extrabit2': 1, 'Extrabit3': 1, 'Extrabit4': 1, 'Extrabit5': 1, 'Extrabit6': 1, 'Extrabit7': 1, 'Extrabit8': 0, 'Extrabit9': 0, 'Extrabit10': 0, 'Extrabit11': 0, 'Extrabit12': 0, 'Extrabit13': 0, 'Extrabit14': 0}
Biasblock: {'DisHiDR': 0, 'q01': 0, 'qon0': 0, 'qon1': 1, 'qon2': 0, 'qon3': 1}
DAC: {'blres': 0, 'nu1': 0, 'vn1': 20, 'vnfb': 1, 'vnfoll': 10, 'nu5': 0, 'nu6': 0, 'nu7': 0, 'nu8': 0, 'vn2': 0, 'vnfoll2': 1, 'vnbias': 0, 'vpload': 5, 'nu13': 0, 'vncomp': 2, 'vpfoll': 60, 'nu16': 0, 'vprec': 30, 'vnrec': 30}
Receiver: {'ColConfig0': 274877906941, 'ColConfig1': 68719476734, 'ColConfig2': 68719476734, 'ColConfig3': 68719476734, 'ColConfig4': 68719476734, 'ColConfig5': 68719476734, 'ColConfig6': 68719476734, 'ColConfig7': 68719476734, 'ColConfig8': 68719476734, 'ColConfig9': 68719476734, 'ColConfig10': 68719476734, 'ColConfig11': 68719476734, 'ColConfig12': 68719476734, 'ColConfig13': 68719476734, 'ColConfig14': 68719476734, 'ColConfig15': 68719476734, 'ColConfig16': 68719476734, 'ColConfig17': 68719476734, 'ColConfig18': 68719476734, 'ColConfig19': 68719476734, 'ColConfig20': 68719476734, 'ColConfig21': 68719476734, 'ColConfig22': 68719476734, 'ColConfig23': 68719476734, 'ColConfig24': 68719476734, 'ColConfig25': 68719476734, 'ColConfig26': 68719476734, 'ColConfig27': 68719476734, 'ColConfig28': 68719476734, 'ColConfig29': 68719476734, 'ColConfig30': 68719476734, 'ColConfig31': 68719476734, 'ColConfig32': 68719476734, 'ColConfig33': 68719476734, 'ColConfig34': 68719476734}

NEvent	ChipId	Payload	Locatn	Row/Col	tStamp	MSB	LSB	ToT	ToT(us)
0	0	 4	 0	Row	210	 15	173 	 4013 	 40.13 
0	0	 4	 0	Col	210	 2	76 	 588 	 5.88 
0	0	 4	 0	Row	31	 8	3 	 2051 	 20.51 
0	0	 4	 0	Col	31	 6	163 	 1699 	 16.99 

1	0	 4	 0	Row	84	 2	208 	 720 	 7.2 
1	0	 4	 0	Col	84	 2	169 	 681 	 6.81 

2	0	 4	 0	Row	112	 6	94 	 1630 	 16.3 
2	0	 4	 0	Col	112	 6	55 	 1591 	 15.91 

3	0	 4	 0	Row	64	 0	235 	 235 	 2.35 
3	0	 4	 0	Col	64	 0	101 	 101 	 1.01 

4	0	 4	 0	Row	168	 3	92 	 860 	 8.6 
4	0	 4	 0	Col	169	 2	134 	 646 	 6.46 

5	0	 4	 0	Row	229	 0	139 	 139 	 1.39 

6	0	 4	 0	Row	121	 5	181 	 1461 	 14.61 
6	0	 4	 0	Col	121	 5	109 	 1389 	 13.89 

7	0	 4	 0	Row	178	 12	195 	 3267 	 32.67 
7	0	 4	 0	Col	179	 11	200 	 3016 	 30.16 

8	0	 4	 0	Row	35	 2	167 	 679 	 6.79 
8	0	 4	 0	Col	36	 2	118 	 630 	 6.3 

9	0	 4	 0	Row	122	 5	162 	 1442 	 14.42 
9	0	 4	 0	Col	122	 5	112 	 1392 	 13.92 

10	0	 4	 0	Row	77	 10	87 	 2647 	 26.47 
10	0	 4	 0	Col	77	 10	26 	 2586 	 25.86 

11	0	 4	 0	Row	2	 9	109 	 2413 	 24.13 
11	0	 4	 0	Col	2	 8	184 	 2232 	 22.32 

12	0	 4	 0	Row	57	 3	56 	 824 	 8.24 
12	0	 4	 0	Col	58	 3	12 	 780 	 7.8 

13	0	 4	 0	Row	5	 3	32 	 800 	 8.0 
13	0	 4	 0	Col	5	 3	0 	 768 	 7.68 

14	0	 4	 0	Row	47	 4	4 	 1028 	 10.28 
14	0	 4	 0	Col	99	 3	123 	 891 	 8.91 

15	0	 4	 0	Row	157	 3	194 	 962 	 9.62 
15	0	 4	 0	Col	157	 3	141 	 909 	 9.09 

16	0	 4	 0	Row	229	 4	148 	 1172 	 11.72 
16	0	 4	 0	Col	229	 4	101 	 1125 	 11.25 

17	0	 4	 0	Row	178	 6	45 	 1581 	 15.81 
17	0	 4	 0	Col	179	 5	188 	 1468 	 14.68 

18	0	 4	 0	Row	67	 1	98 	 354 	 3.54 
18	0	 4	 0	Col	67	 1	72 	 328 	 3.28 

19	0	 4	 0	Row	98	 3	23 	 791 	 7.91 
19	0	 4	 0	Col	98	 2	249 	 761 	 7.61 

20	0	 4	 0	Row	85	 8	100 	 2148 	 21.48 
20	0	 4	 0	Col	85	 8	34 	 2082 	 20.82 

21	0	 4	 0	Row	246	 2	60 	 572 	 5.72 
21	0	 4	 0	Col	246	 2	17 	 529 	 5.29 

22	0	 4	 0	Row	248	 7	157 	 1949 	 19.49 
22	0	 4	 0	Col	37	 6	238 	 1774 	 17.74 

23	0	 4	 0	Row	119	 2	122 	 634 	 6.34 
23	0	 4	 0	Col	119	 2	99 	 611 	 6.11 

24	0	 4	 0	Row	225	 8	173 	 2221 	 22.21 
24	0	 4	 0	Col	226	 8	105 	 2153 	 21.53 

25	0	 4	 0	Row	150	 7	253 	 2045 	 20.45 
25	0	 4	 0	Col	150	 7	201 	 1993 	 19.93 

26	0	 4	 0	Row	21	 7	98 	 1890 	 18.9 
26	0	 4	 0	Col	21	 7	26 	 1818 	 18.18 

27	0	 4	 0	Row	28	 7	82 	 1874 	 18.74 
27	0	 4	 0	Col	29	 6	243 	 1779 	 17.79 

28	0	 4	 0	Row	91	 2	174 	 686 	 6.86 
28	0	 4	 0	Col	91	 2	21 	 533 	 5.33 

29	0	 4	 0	Row	213	 14	177 	 3761 	 37.61 
29	0	 4	 0	Col	43	 13	231 	 3559 	 35.59 

30	0	 4	 0	Row	250	 4	51 	 1075 	 10.75 
30	0	 4	 0	Col	250	 4	19 	 1043 	 10.43 

31	0	 4	 0	Row	16	 2	22 	 534 	 5.34 
31	0	 4	 0	Col	16	 1	217 	 473 	 4.73 

32	0	 4	 0	Row	97	 12	66 	 3138 	 31.38 
32	0	 4	 0	Col	97	 11	213 	 3029 	 30.29 

33	0	 4	 0	Row	184	 7	150 	 1942 	 19.42 
33	0	 4	 0	Col	184	 7	86 	 1878 	 18.78 

34	0	 4	 0	Row	171	 3	120 	 888 	 8.88 
34	0	 4	 0	Col	171	 3	68 	 836 	 8.36 

35	0	 4	 0	Row	76	 2	122 	 634 	 6.34 
35	0	 4	 0	Col	77	 1	189 	 445 	 4.45 

36	0	 4	 0	Row	133	 5	243 	 1523 	 15.23 
36	0	 4	 0	Col	133	 5	167 	 1447 	 14.47 

37	0	 4	 0	Row	78	 4	246 	 1270 	 12.7 
37	0	 4	 0	Col	79	 4	34 	 1058 	 10.58 

38	0	 4	 0	Row	191	 5	71 	 1351 	 13.51 
38	0	 4	 0	Col	191	 4	255 	 1279 	 12.79 

39	0	 4	 0	Row	80	 6	157 	 1693 	 16.93 
39	0	 4	 0	Col	80	 6	91 	 1627 	 16.27 

40	0	 4	 0	Row	160	 4	188 	 1212 	 12.12 
40	0	 4	 0	Col	160	 4	155 	 1179 	 11.79 

41	0	 4	 0	Row	107	 6	180 	 1716 	 17.16 
41	0	 4	 0	Col	107	 6	146 	 1682 	 16.82 

42	0	 4	 0	Row	251	 8	25 	 2073 	 20.73 
42	0	 4	 0	Col	251	 7	187 	 1979 	 19.79 

43	0	 4	 0	Row	235	 3	184 	 952 	 9.52 
43	0	 4	 0	Col	235	 3	161 	 929 	 9.29 

44	0	 4	 0	Row	211	 4	66 	 1090 	 10.9 
44	0	 4	 0	Col	211	 4	39 	 1063 	 10.63 

45	0	 4	 0	Row	1	 5	15 	 1295 	 12.95 
45	0	 4	 0	Col	1	 4	254 	 1278 	 12.78 

46	0	 4	 0	Row	105	 11	119 	 2935 	 29.35 
46	0	 4	 0	Col	105	 11	10 	 2826 	 28.26 

47	0	 4	 0	Row	185	 1	32 	 288 	 2.88 
47	0	 4	 0	Col	185	 0	248 	 248 	 2.48 

48	0	 4	 0	Row	54	 2	113 	 625 	 6.25 
48	0	 4	 0	Col	54	 2	68 	 580 	 5.8 

49	0	 4	 0	Row	180	 4	95 	 1119 	 11.19 
49	0	 4	 0	Col	180	 4	52 	 1076 	 10.76 

50	0	 4	 0	Row	220	 8	250 	 2298 	 22.98 
50	0	 4	 0	Col	220	 8	17 	 2065 	 20.65 

51	0	 4	 0	Row	105	 5	8 	 1288 	 12.88 
51	0	 4	 0	Col	95	 4	148 	 1172 	 11.72 

52	0	 4	 0	Row	71	 5	199 	 1479 	 14.79 
52	0	 4	 0	Col	71	 5	161 	 1441 	 14.41 

53	0	 4	 0	Row	99	 3	53 	 821 	 8.21 
53	0	 4	 0	Col	100	 3	19 	 787 	 7.87 

54	0	 4	 0	Row	202	 9	236 	 2540 	 25.4 
54	0	 4	 0	Col	203	 8	228 	 2276 	 22.76 

55	0	 4	 0	Row	60	 6	54 	 1590 	 15.9 
55	0	 4	 0	Col	60	 5	234 	 1514 	 15.14 

56	0	 4	 0	Row	46	 10	16 	 2576 	 25.76 
56	0	 4	 0	Col	46	 9	190 	 2494 	 24.94 

57	0	 4	 0	Row	253	 2	56 	 568 	 5.68 
57	0	 4	 0	Col	253	 2	19 	 531 	 5.31 
57	0	 4	 0	Row	68	 1	164 	 420 	 4.2 
57	0	 4	 0	Col	68	 1	124 	 380 	 3.8 

58	0	 4	 0	Row	190	 8	65 	 2113 	 21.13 
58	0	 4	 0	Col	190	 7	161 	 1953 	 19.53 

59	0	 4	 0	Row	169	 10	113 	 2673 	 26.73 
59	0	 4	 0	Col	170	 9	212 	 2516 	 25.16 

60	0	 4	 0	Row	50	 3	118 	 886 	 8.86 
60	0	 4	 0	Col	50	 3	40 	 808 	 8.08 

61	0	 4	 0	Row	173	 3	200 	 968 	 9.68 
61	0	 4	 0	Col	173	 3	151 	 919 	 9.19 

62	0	 4	 0	Row	51	 3	101 	 869 	 8.69 
62	0	 4	 0	Col	51	 3	76 	 844 	 8.44 

63	0	 4	 0	Row	29	 4	57 	 1081 	 10.81 
63	0	 4	 0	Col	29	 4	35 	 1059 	 10.59 

64	0	 4	 0	Row	28	 0	196 	 196 	 1.96 
64	0	 4	 0	Col	28	 0	149 	 149 	 1.49 

65	0	 4	 0	Row	190	 4	237 	 1261 	 12.61 
65	0	 4	 0	Col	190	 4	169 	 1193 	 11.93 

66	0	 4	 0	Row	10	 9	138 	 2442 	 24.42 
66	0	 4	 0	Col	10	 9	65 	 2369 	 23.69 

67	0	 4	 0	Row	40	 9	4 	 2308 	 23.08 
67	0	 4	 0	Col	40	 8	193 	 2241 	 22.41 

68	0	 4	 0	Row	54	 10	233 	 2793 	 27.93 
68	0	 4	 0	Col	54	 10	174 	 2734 	 27.34 

69	0	 4	 0	Row	15	 1	217 	 473 	 4.73 
69	0	 4	 0	Col	16	 1	181 	 437 	 4.37 

70	0	 4	 0	Row	224	 2	45 	 557 	 5.57 
70	0	 4	 0	Col	225	 1	207 	 463 	 4.63 

71	0	 4	 0	Row	101	 1	163 	 419 	 4.19 
71	0	 4	 0	Col	101	 1	138 	 394 	 3.94 

72	0	 4	 0	Row	11	 11	217 	 3033 	 30.33 
72	0	 4	 0	Col	11	 11	64 	 2880 	 28.8 

73	0	 4	 0	Row	164	 1	189 	 445 	 4.45 
73	0	 4	 0	Col	164	 1	151 	 407 	 4.07 

74	0	 4	 0	Row	124	 0	115 	 115 	 1.15 
74	0	 4	 0	Col	164	 0	54 	 54 	 0.54 

75	0	 4	 0	Row	80	 0	214 	 214 	 2.14 
75	0	 4	 0	Col	80	 0	126 	 126 	 1.26 

76	0	 4	 0	Row	131	 8	254 	 2302 	 23.02 
76	0	 4	 0	Col	131	 8	189 	 2237 	 22.37 

77	0	 4	 0	Row	21	 2	152 	 664 	 6.64 
77	0	 4	 0	Col	22	 2	73 	 585 	 5.85 

78	0	 4	 0	Row	47	 7	67 	 1859 	 18.59 
78	0	 4	 0	Col	47	 6	213 	 1749 	 17.49 

79	0	 4	 0	Row	142	 6	78 	 1614 	 16.14 
79	0	 4	 0	Col	142	 6	54 	 1590 	 15.9 

80	0	 4	 0	Row	43	 5	137 	 1417 	 14.17 
80	0	 4	 0	Col	43	 5	70 	 1350 	 13.5 

81	0	 4	 0	Row	45	 11	115 	 2931 	 29.31 
81	0	 4	 0	Col	45	 11	97 	 2913 	 29.13 

82	0	 4	 0	Row	53	 3	255 	 1023 	 10.23 
82	0	 4	 0	Col	53	 3	194 	 962 	 9.62 

83	0	 4	 0	Row	60	 2	172 	 684 	 6.84 
83	0	 4	 0	Col	60	 2	137 	 649 	 6.49 

84	0	 4	 0	Row	87	 11	247 	 3063 	 30.63 
84	0	 4	 0	Col	87	 11	161 	 2977 	 29.77 

85	0	 4	 0	Row	218	 0	128 	 128 	 1.28 
85	0	 4	 0	Col	218	 0	63 	 63 	 0.63 

86	0	 4	 0	Row	243	 6	67 	 1603 	 16.03 
86	0	 4	 0	Col	243	 6	8 	 1544 	 15.44 

87	0	 4	 0	Row	27	 5	74 	 1354 	 13.54 
87	0	 4	 0	Col	27	 5	48 	 1328 	 13.28 

88	0	 4	 0	Row	249	 2	234 	 746 	 7.46 
88	0	 4	 0	Col	249	 2	203 	 715 	 7.15 

89	0	 4	 0	Row	223	 0	68 	 68 	 0.68 

90	0	 4	 0	Row	136	 8	119 	 2167 	 21.67 
90	0	 4	 0	Col	137	 7	242 	 2034 	 20.34 

91	0	 4	 0	Row	226	 2	145 	 657 	 6.57 
91	0	 4	 0	Col	226	 2	117 	 629 	 6.29 

92	0	 4	 0	Row	100	 3	255 	 1023 	 10.23 
92	0	 4	 0	Col	100	 3	205 	 973 	 9.73 

93	0	 4	 0	Row	6	 9	156 	 2460 	 24.6 
93	0	 4	 0	Col	6	 9	89 	 2393 	 23.93 

94	0	 4	 0	Row	85	 1	212 	 468 	 4.68 
94	0	 4	 0	Col	89	 1	90 	 346 	 3.46 
94	0	 4	 0	Row	224	 4	116 	 1140 	 11.4 
94	0	 4	 0	Col	224	 4	69 	 1093 	 10.93 

95	0	 4	 0	Row	172	 4	186 	 1210 	 12.1 
95	0	 4	 0	Col	173	 4	137 	 1161 	 11.61 

96	0	 4	 0	Row	141	 2	85 	 597 	 5.97 
96	0	 4	 0	Col	141	 2	56 	 568 	 5.68 

97	0	 4	 0	Row	91	 3	99 	 867 	 8.67 
97	0	 4	 0	Col	91	 3	67 	 835 	 8.35 

98	0	 4	 0	Row	149	 1	54 	 310 	 3.1 
98	0	 4	 0	Col	151	 0	117 	 117 	 1.17 

99	0	 4	 0	Row	221	 1	74 	 330 	 3.3 
99	0	 4	 0	Col	221	 1	11 	 267 	 2.67 

100	0	 4	 0	Row	255	 4	252 	 1276 	 12.76 
100	0	 4	 0	Col	255	 4	211 	 1235 	 12.35 

101	0	 4	 0	Row	172	 7	154 	 1946 	 19.46 
101	0	 4	 0	Col	172	 7	115 	 1907 	 19.07 

102	0	 4	 0	Row	123	 8	96 	 2144 	 21.44 
102	0	 4	 0	Col	123	 7	216 	 2008 	 20.08 

103	0	 4	 0	Row	36	 6	41 	 1577 	 15.77 
103	0	 4	 0	Col	36	 5	213 	 1493 	 14.93 

104	0	 4	 0	Row	104	 6	15 	 1551 	 15.51 
104	0	 4	 0	Col	104	 5	50 	 1330 	 13.3 

105	0	 4	 0	Row	221	 1	147 	 403 	 4.03 
105	0	 4	 0	Col	222	 1	109 	 365 	 3.65 

106	0	 4	 0	Row	221	 0	74 	 74 	 0.74 

107	0	 4	 0	Row	163	 2	125 	 637 	 6.37 
107	0	 4	 0	Col	163	 2	92 	 604 	 6.04 

108	0	 4	 0	Row	129	 2	192 	 704 	 7.04 
108	0	 4	 0	Col	129	 2	138 	 650 	 6.5 

109	0	 4	 0	Row	150	 5	160 	 1440 	 14.4 
109	0	 4	 0	Col	150	 5	116 	 1396 	 13.96 

110	0	 4	 0	Row	236	 4	243 	 1267 	 12.67 
110	0	 4	 0	Col	236	 4	218 	 1242 	 12.42 

111	0	 4	 0	Row	242	 5	220 	 1500 	 15.0 
111	0	 4	 0	Col	242	 5	174 	 1454 	 14.54 

112	0	 4	 0	Row	45	 5	58 	 1338 	 13.38 
112	0	 4	 0	Col	45	 5	23 	 1303 	 13.03 

113	0	 4	 0	Row	132	 3	229 	 997 	 9.97 
113	0	 4	 0	Col	132	 3	178 	 946 	 9.46 

114	0	 4	 0	Row	210	 3	23 	 791 	 7.91 
114	0	 4	 0	Col	210	 2	240 	 752 	 7.52 

115	0	 4	 0	Row	81	 1	152 	 408 	 4.08 
115	0	 4	 0	Col	81	 1	109 	 365 	 3.65 

116	0	 4	 0	Row	3	 7	83 	 1875 	 18.75 
116	0	 4	 0	Col	3	 6	227 	 1763 	 17.63 

117	0	 4	 0	Row	229	 2	236 	 748 	 7.48 
117	0	 4	 0	Col	229	 2	214 	 726 	 7.26 

118	0	 4	 0	Row	22	 3	149 	 917 	 9.17 
118	0	 4	 0	Col	22	 3	104 	 872 	 8.72 

119	0	 4	 0	Row	104	 2	1 	 513 	 5.13 
119	0	 4	 0	Col	105	 1	224 	 480 	 4.8 

120	0	 4	 0	Row	28	 0	152 	 152 	 1.52 
120	0	 4	 0	Col	28	 0	109 	 109 	 1.09 

121	0	 4	 0	Row	28	 5	83 	 1363 	 13.63 
121	0	 4	 0	Col	17	 5	58 	 1338 	 13.38 

122	0	 4	 0	Row	8	 5	252 	 1532 	 15.32 
122	0	 4	 0	Col	8	 5	222 	 1502 	 15.02 

123	0	 4	 0	Row	151	 6	239 	 1775 	 17.75 
123	0	 4	 0	Col	151	 6	179 	 1715 	 17.15 

124	0	 4	 0	Row	2	 4	203 	 1227 	 12.27 
124	0	 4	 0	Col	2	 4	176 	 1200 	 12.0 

125	0	 4	 0	Row	119	 2	49 	 561 	 5.61 
125	0	 4	 0	Col	119	 2	20 	 532 	 5.32 

126	0	 4	 0	Row	30	 3	128 	 896 	 8.96 
126	0	 4	 0	Col	30	 3	91 	 859 	 8.59 

127	0	 4	 0	Row	127	 1	36 	 292 	 2.92 
127	0	 4	 0	Col	30	 0	68 	 68 	 0.68 

128	0	 4	 0	Row	188	 1	247 	 503 	 5.03 
128	0	 4	 0	Col	189	 1	172 	 428 	 4.28 

129	0	 4	 0	Row	48	 2	115 	 627 	 6.27 
129	0	 4	 0	Col	48	 2	76 	 588 	 5.88 

130	0	 4	 0	Row	93	 1	138 	 394 	 3.94 
130	0	 4	 0	Col	93	 0	171 	 171 	 1.71 

131	0	 4	 0	Row	65	 5	121 	 1401 	 14.01 
131	0	 4	 0	Col	66	 5	18 	 1298 	 12.98 

132	0	 4	 0	Row	2	 3	240 	 1008 	 10.08 
132	0	 4	 0	Col	5	 3	13 	 781 	 7.81 

133	0	 4	 0	Row	190	 1	194 	 450 	 4.5 
133	0	 4	 0	Col	190	 1	166 	 422 	 4.22 

134	0	 4	 0	Row	47	 5	31 	 1311 	 13.11 
134	0	 4	 0	Col	47	 4	204 	 1228 	 12.28 

135	0	 4	 0	Row	152	 1	23 	 279 	 2.79 
135	0	 4	 0	Col	153	 0	241 	 241 	 2.41 

136	0	 4	 0	Row	214	 4	103 	 1127 	 11.27 
136	0	 4	 0	Col	214	 4	41 	 1065 	 10.65 

137	0	 4	 0	Row	139	 14	113 	 3697 	 36.97 
137	0	 4	 0	Col	139	 13	67 	 3395 	 33.95 

138	0	 4	 0	Row	130	 2	150 	 662 	 6.62 
138	0	 4	 0	Col	130	 2	128 	 640 	 6.4 

139	0	 4	 0	Row	25	 3	209 	 977 	 9.77 
139	0	 4	 0	Col	26	 3	66 	 834 	 8.34 

140	0	 4	 0	Row	107	 1	253 	 509 	 5.09 
140	0	 4	 0	Col	107	 1	138 	 394 	 3.94 

141	0	 4	 0	Row	230	 7	1 	 1793 	 17.93 
141	0	 4	 0	Col	230	 6	220 	 1756 	 17.56 

142	0	 4	 0	Row	220	 2	87 	 599 	 5.99 
142	0	 4	 0	Col	220	 1	233 	 489 	 4.89 

143	0	 4	 0	Row	113	 15	196 	 4036 	 40.36 
143	0	 4	 0	Col	113	 15	140 	 3980 	 39.8 

144	0	 4	 0	Row	17	 6	219 	 1755 	 17.55 
144	0	 4	 0	Col	17	 6	150 	 1686 	 16.86 

145	0	 4	 0	Row	21	 7	76 	 1868 	 18.68 
145	0	 4	 0	Col	21	 7	1 	 1793 	 17.93 

146	0	 4	 0	Row	132	 12	156 	 3228 	 32.28 
146	0	 4	 0	Col	132	 12	65 	 3137 	 31.37 

147	0	 4	 0	Row	120	 7	100 	 1892 	 18.92 
147	0	 4	 0	Col	120	 7	31 	 1823 	 18.23 

148	0	 4	 0	Row	154	 3	229 	 997 	 9.97 
148	0	 4	 0	Col	154	 3	205 	 973 	 9.73 

149	0	 4	 0	Row	119	 0	52 	 52 	 0.52 

150	0	 4	 0	Row	117	 4	185 	 1209 	 12.09 
150	0	 4	 0	Col	120	 3	188 	 956 	 9.56 

151	0	 4	 0	Row	171	 3	148 	 916 	 9.16 
151	0	 4	 0	Col	171	 3	105 	 873 	 8.73 

152	0	 4	 0	Row	3	 3	84 	 852 	 8.52 
152	0	 4	 0	Col	3	 3	62 	 830 	 8.3 

153	0	 4	 0	Row	47	 8	36 	 2084 	 20.84 
153	0	 4	 0	Col	47	 7	186 	 1978 	 19.78 

154	0	 4	 0	Row	198	 14	79 	 3663 	 36.63 
154	0	 4	 0	Col	198	 13	221 	 3549 	 35.49 

155	0	 4	 0	Row	215	 4	98 	 1122 	 11.22 
155	0	 4	 0	Col	218	 4	22 	 1046 	 10.46 

156	0	 4	 0	Row	181	 2	184 	 696 	 6.96 
156	0	 4	 0	Col	181	 2	153 	 665 	 6.65 

157	0	 4	 0	Row	53	 3	190 	 958 	 9.58 
157	0	 4	 0	Col	53	 3	161 	 929 	 9.29 

158	0	 4	 0	Row	107	 8	44 	 2092 	 20.92 
158	0	 4	 0	Col	107	 7	226 	 2018 	 20.18 

159	0	 4	 0	Row	193	 9	202 	 2506 	 25.06 
159	0	 4	 0	Col	193	 9	156 	 2460 	 24.6 

160	0	 4	 0	Row	5	 5	206 	 1486 	 14.86 
160	0	 4	 0	Col	5	 5	123 	 1403 	 14.03 

161	0	 4	 0	Row	13	 3	217 	 985 	 9.85 
161	0	 4	 0	Col	13	 3	189 	 957 	 9.57 

162	0	 4	 0	Row	218	 3	206 	 974 	 9.74 
162	0	 4	 0	Col	218	 3	184 	 952 	 9.52 

163	0	 4	 0	Row	149	 2	109 	 621 	 6.21 
163	0	 4	 0	Col	149	 2	65 	 577 	 5.77 

164	0	 4	 0	Row	52	 2	212 	 724 	 7.24 
164	0	 4	 0	Col	53	 2	89 	 601 	 6.01 

165	0	 4	 0	Row	226	 2	83 	 595 	 5.95 
165	0	 4	 0	Col	226	 2	8 	 520 	 5.2 

166	0	 4	 0	Row	59	 2	202 	 714 	 7.14 
166	0	 4	 0	Col	59	 2	167 	 679 	 6.79 

167	0	 4	 0	Row	206	 12	141 	 3213 	 32.13 
167	0	 4	 0	Col	206	 12	20 	 3092 	 30.92 

168	0	 4	 0	Row	247	 13	48 	 3376 	 33.76 
168	0	 4	 0	Col	247	 12	162 	 3234 	 32.34 

169	0	 4	 0	Row	204	 3	208 	 976 	 9.76 
169	0	 4	 0	Col	204	 3	170 	 938 	 9.38 

170	0	 4	 0	Row	133	 12	112 	 3184 	 31.84 
170	0	 4	 0	Col	133	 12	90 	 3162 	 31.62 

171	0	 4	 0	Row	25	 3	120 	 888 	 8.88 
171	0	 4	 0	Col	25	 3	56 	 824 	 8.24 

172	0	 4	 0	Row	105	 4	194 	 1218 	 12.18 
172	0	 4	 0	Col	105	 4	173 	 1197 	 11.97 

173	0	 4	 0	Row	251	 6	194 	 1730 	 17.3 
173	0	 4	 0	Col	251	 5	212 	 1492 	 14.92 

174	0	 4	 0	Row	85	 2	11 	 523 	 5.23 
174	0	 4	 0	Col	85	 1	241 	 497 	 4.97 

175	0	 4	 0	Row	155	 1	222 	 478 	 4.78 
175	0	 4	 0	Col	156	 1	185 	 441 	 4.41 

176	0	 4	 0	Row	252	 2	17 	 529 	 5.29 
176	0	 4	 0	Col	252	 1	215 	 471 	 4.71 

177	0	 4	 0	Row	110	 10	226 	 2786 	 27.86 
177	0	 4	 0	Col	110	 10	200 	 2760 	 27.6 

178	0	 4	 0	Row	185	 1	124 	 380 	 3.8 
178	0	 4	 0	Col	185	 1	71 	 327 	 3.27 

179	0	 4	 0	Row	217	 10	158 	 2718 	 27.18 
179	0	 4	 0	Col	217	 10	7 	 2567 	 25.67 

180	0	 4	 0	Row	126	 0	104 	 104 	 1.04 
180	0	 4	 0	Col	126	 0	36 	 36 	 0.36 

181	0	 4	 0	Row	211	 3	7 	 775 	 7.75 
181	0	 4	 0	Col	211	 2	217 	 729 	 7.29 

182	0	 4	 0	Row	248	 3	224 	 992 	 9.92 
182	0	 4	 0	Col	248	 3	198 	 966 	 9.66 

183	0	 4	 0	Row	168	 2	91 	 603 	 6.03 
183	0	 4	 0	Col	168	 2	58 	 570 	 5.7 

184	0	 4	 0	Row	254	 2	123 	 635 	 6.35 
184	0	 4	 0	Col	254	 2	90 	 602 	 6.02 

185	0	 4	 0	Row	20	 6	37 	 1573 	 15.73 
185	0	 4	 0	Col	20	 6	9 	 1545 	 15.45 

186	0	 4	 0	Row	178	 5	196 	 1476 	 14.76 
186	0	 4	 0	Col	178	 5	116 	 1396 	 13.96 

187	0	 4	 0	Row	19	 7	52 	 1844 	 18.44 
187	0	 4	 0	Col	19	 7	9 	 1801 	 18.01 

188	0	 4	 0	Row	126	 2	5 	 517 	 5.17 
188	0	 4	 0	Col	126	 1	205 	 461 	 4.61 

189	0	 4	 0	Row	52	 3	222 	 990 	 9.9 
189	0	 4	 0	Col	52	 3	119 	 887 	 8.87 

190	0	 4	 0	Row	158	 4	44 	 1068 	 10.68 
190	0	 4	 0	Col	158	 3	245 	 1013 	 10.13 

191	0	 4	 0	Row	219	 1	35 	 291 	 2.91 
191	0	 4	 0	Col	219	 0	181 	 181 	 1.81 

192	0	 4	 0	Row	235	 1	217 	 473 	 4.73 
192	0	 4	 0	Col	235	 1	128 	 384 	 3.84 

193	0	 4	 0	Row	73	 2	149 	 661 	 6.61 
193	0	 4	 0	Col	73	 2	125 	 637 	 6.37 

194	0	 4	 0	Row	245	 2	96 	 608 	 6.08 
194	0	 4	 0	Col	245	 2	67 	 579 	 5.79 

195	0	 4	 0	Row	32	 1	182 	 438 	 4.38 
195	0	 4	 0	Col	32	 1	80 	 336 	 3.36 

196	0	 4	 0	Row	241	 5	76 	 1356 	 13.56 
196	0	 4	 0	Col	241	 5	17 	 1297 	 12.97 

197	0	 4	 0	Row	214	 5	57 	 1337 	 13.37 
197	0	 4	 0	Col	215	 5	16 	 1296 	 12.96 

198	0	 4	 0	Row	87	 6	37 	 1573 	 15.73 
198	0	 4	 0	Col	88	 5	135 	 1415 	 14.15 

199	0	 4	 0	Row	233	 6	244 	 1780 	 17.8 
199	0	 4	 0	Col	233	 6	181 	 1717 	 17.17 

200	0	 4	 0	Row	252	 8	79 	 2127 	 21.27 
200	0	 4	 0	Col	252	 7	249 	 2041 	 20.41 

201	0	 4	 0	Row	207	 4	215 	 1239 	 12.39 
201	0	 4	 0	Col	207	 4	166 	 1190 	 11.9 

202	0	 4	 0	Row	74	 8	144 	 2192 	 21.92 
202	0	 4	 0	Col	74	 7	233 	 2025 	 20.25 

203	0	 4	 0	Row	103	 12	99 	 3171 	 31.71 
203	0	 4	 0	Col	103	 11	189 	 3005 	 30.05 

204	0	 4	 0	Row	128	 3	47 	 815 	 8.15 
204	0	 4	 0	Col	128	 3	15 	 783 	 7.83 

205	0	 4	 0	Row	10	 3	251 	 1019 	 10.19 
205	0	 4	 0	Col	64	 3	86 	 854 	 8.54 

206	0	 4	 0	Row	76	 2	154 	 666 	 6.66 
206	0	 4	 0	Col	76	 2	108 	 620 	 6.2 

207	0	 4	 0	Row	68	 4	186 	 1210 	 12.1 
207	0	 4	 0	Col	70	 4	31 	 1055 	 10.55 

208	0	 4	 0	Row	167	 5	228 	 1508 	 15.08 
208	0	 4	 0	Col	167	 5	2 	 1282 	 12.82 

209	0	 4	 0	Row	29	 13	237 	 3565 	 35.65 
209	0	 4	 0	Col	29	 13	152 	 3480 	 34.8 

210	0	 4	 0	Row	186	 12	1 	 3073 	 30.73 
210	0	 4	 0	Col	186	 11	133 	 2949 	 29.49 

211	0	 4	 0	Row	135	 5	14 	 1294 	 12.94 
211	0	 4	 0	Col	135	 4	177 	 1201 	 12.01 

212	0	 4	 0	Row	186	 7	120 	 1912 	 19.12 
212	0	 4	 0	Col	187	 6	247 	 1783 	 17.83 

213	0	 4	 0	Row	117	 11	178 	 2994 	 29.94 
213	0	 4	 0	Col	118	 11	51 	 2867 	 28.67 

214	0	 4	 0	Row	128	 4	140 	 1164 	 11.64 
214	0	 4	 0	Col	128	 4	81 	 1105 	 11.05 

215	0	 4	 0	Row	233	 0	27 	 27 	 0.27 
215	0	 4	 0	Col	233	 15	119 	 3959 	 39.59 

216	0	 4	 0	Row	127	 3	107 	 875 	 8.75 
216	0	 4	 0	Col	128	 3	65 	 833 	 8.33 

217	0	 4	 0	Row	97	 5	146 	 1426 	 14.26 
217	0	 4	 0	Col	97	 5	71 	 1351 	 13.51 

218	0	 4	 0	Row	87	 10	212 	 2772 	 27.72 
218	0	 4	 0	Col	87	 10	126 	 2686 	 26.86 

219	0	 4	 0	Row	163	 2	110 	 622 	 6.22 
219	0	 4	 0	Col	163	 2	75 	 587 	 5.87 

220	0	 4	 0	Row	240	 12	219 	 3291 	 32.91 
220	0	 4	 0	Col	240	 12	137 	 3209 	 32.09 

221	0	 4	 0	Row	76	 1	54 	 310 	 3.1 
221	0	 4	 0	Col	77	 0	102 	 102 	 1.02 

222	0	 4	 0	Row	227	 2	216 	 728 	 7.28 
222	0	 4	 0	Col	227	 2	179 	 691 	 6.91 

223	0	 4	 0	Row	207	 1	215 	 471 	 4.71 
223	0	 4	 0	Col	207	 1	141 	 397 	 3.97 

224	0	 4	 0	Row	143	 0	202 	 202 	 2.02 

225	0	 4	 0	Row	143	 0	45 	 45 	 0.45 

226	0	 4	 0	Row	80	 6	137 	 1673 	 16.73 
226	0	 4	 0	Col	80	 5	223 	 1503 	 15.03 

227	0	 4	 0	Row	41	 2	119 	 631 	 6.31 
227	0	 4	 0	Col	42	 2	68 	 580 	 5.8 

228	0	 4	 0	Row	123	 7	16 	 1808 	 18.08 
228	0	 4	 0	Col	123	 6	231 	 1767 	 17.67 

229	0	 4	 0	Row	120	 5	62 	 1342 	 13.42 
229	0	 4	 0	Col	120	 4	212 	 1236 	 12.36 

230	0	 4	 0	Row	223	 4	131 	 1155 	 11.55 
230	0	 4	 0	Col	224	 3	253 	 1021 	 10.21 

231	0	 4	 0	Row	145	 4	144 	 1168 	 11.68 
231	0	 4	 0	Col	196	 4	15 	 1039 	 10.39 

232	0	 4	 0	Row	144	 9	30 	 2334 	 23.34 
232	0	 4	 0	Col	144	 8	119 	 2167 	 21.67 

233	0	 4	 0	Row	16	 11	248 	 3064 	 30.64 
233	0	 4	 0	Col	17	 11	188 	 3004 	 30.04 

234	0	 4	 0	Row	48	 10	0 	 2560 	 25.6 
234	0	 4	 0	Col	48	 9	207 	 2511 	 25.11 

235	0	 4	 0	Row	49	 0	247 	 247 	 2.47 
235	0	 4	 0	Col	49	 0	204 	 204 	 2.04 

236	0	 4	 0	Row	255	 3	158 	 926 	 9.26 
236	0	 4	 0	Col	255	 3	104 	 872 	 8.72 

237	0	 4	 0	Row	220	 3	28 	 796 	 7.96 
237	0	 4	 0	Col	220	 2	253 	 765 	 7.65 

238	0	 4	 0	Row	242	 4	199 	 1223 	 12.23 
238	0	 4	 0	Col	243	 4	119 	 1143 	 11.43 

239	0	 4	 0	Row	250	 4	240 	 1264 	 12.64 
239	0	 4	 0	Col	250	 4	217 	 1241 	 12.41 

240	0	 4	 0	Row	3	 11	97 	 2913 	 29.13 
240	0	 4	 0	Col	3	 10	248 	 2808 	 28.08 

241	0	 4	 0	Row	163	 2	74 	 586 	 5.86 
241	0	 4	 0	Col	163	 2	44 	 556 	 5.56 

242	0	 4	 0	Row	138	 9	82 	 2386 	 23.86 
242	0	 4	 0	Col	138	 9	16 	 2320 	 23.2 

243	0	 4	 0	Row	65	 1	45 	 301 	 3.01 
243	0	 4	 0	Col	65	 0	241 	 241 	 2.41 

244	0	 4	 0	Row	60	 9	69 	 2373 	 23.73 
244	0	 4	 0	Col	60	 8	253 	 2301 	 23.01 

245	0	 4	 0	Row	46	 3	222 	 990 	 9.9 
245	0	 4	 0	Col	47	 3	168 	 936 	 9.36 

246	0	 4	 0	Row	45	 5	216 	 1496 	 14.96 
246	0	 4	 0	Col	45	 5	150 	 1430 	 14.3 

247	0	 4	 0	Row	104	 0	85 	 85 	 0.85 

248	0	 4	 0	Row	62	 0	91 	 91 	 0.91 
248	0	 4	 0	Col	210	 15	222 	 4062 	 40.62 

249	0	 4	 0	Row	164	 5	223 	 1503 	 15.03 
249	0	 4	 0	Col	164	 5	149 	 1429 	 14.29 

250	0	 4	 0	Row	179	 3	161 	 929 	 9.29 
250	0	 4	 0	Col	180	 2	196 	 708 	 7.08 

251	0	 4	 0	Row	129	 7	251 	 2043 	 20.43 
251	0	 4	 0	Col	129	 7	228 	 2020 	 20.2 

252	0	 4	 0	Row	212	 3	194 	 962 	 9.62 
252	0	 4	 0	Col	212	 3	158 	 926 	 9.26 

253	0	 4	 0	Row	242	 4	254 	 1278 	 12.78 
253	0	 4	 0	Col	243	 4	216 	 1240 	 12.4 

254	0	 4	 0	Row	238	 4	171 	 1195 	 11.95 
254	0	 4	 0	Col	238	 4	83 	 1107 	 11.07 

255	0	 4	 0	Row	217	 8	77 	 2125 	 21.25 
255	0	 4	 0	Col	11	 7	143 	 1935 	 19.35 

256	0	 4	 0	Row	18	 12	54 	 3126 	 31.26 
256	0	 4	 0	Col	18	 11	250 	 3066 	 30.66 

257	0	 4	 0	Row	139	 12	223 	 3295 	 32.95 
257	0	 4	 0	Col	139	 12	59 	 3131 	 31.31 

258	0	 4	 0	Row	55	 1	241 	 497 	 4.97 
258	0	 4	 0	Col	56	 1	206 	 462 	 4.62 

259	0	 4	 0	Row	251	 10	7 	 2567 	 25.67 
259	0	 4	 0	Col	251	 9	203 	 2507 	 25.07 

260	0	 4	 0	Row	93	 7	80 	 1872 	 18.72 
260	0	 4	 0	Col	93	 7	38 	 1830 	 18.3 

261	0	 4	 0	Row	165	 2	249 	 761 	 7.61 
261	0	 4	 0	Col	165	 2	212 	 724 	 7.24 

262	0	 4	 0	Row	183	 9	176 	 2480 	 24.8 
262	0	 4	 0	Col	184	 9	77 	 2381 	 23.81 

263	0	 4	 0	Row	227	 1	102 	 358 	 3.58 
263	0	 4	 0	Col	227	 1	54 	 310 	 3.1 

264	0	 4	 0	Row	81	 12	84 	 3156 	 31.56 
264	0	 4	 0	Col	81	 11	232 	 3048 	 30.48 

265	0	 4	 0	Row	234	 3	175 	 943 	 9.43 
265	0	 4	 0	Col	243	 3	54 	 822 	 8.22 

266	0	 4	 0	Row	179	 9	118 	 2422 	 24.22 
266	0	 4	 0	Col	179	 9	96 	 2400 	 24.0 

267	0	 4	 0	Row	246	 4	97 	 1121 	 11.21 
267	0	 4	 0	Col	246	 4	69 	 1093 	 10.93 

268	0	 4	 0	Row	107	 6	131 	 1667 	 16.67 
268	0	 4	 0	Col	107	 6	98 	 1634 	 16.34 

269	0	 4	 0	Row	238	 3	109 	 877 	 8.77 
269	0	 4	 0	Col	238	 3	38 	 806 	 8.06 

270	0	 4	 0	Row	129	 1	154 	 410 	 4.1 
270	0	 4	 0	Col	129	 1	92 	 348 	 3.48 

271	0	 4	 0	Row	142	 2	33 	 545 	 5.45 
271	0	 4	 0	Col	142	 1	210 	 466 	 4.66 

272	0	 4	 0	Row	160	 8	227 	 2275 	 22.75 
272	0	 4	 0	Col	160	 8	134 	 2182 	 21.82 

273	0	 4	 0	Row	220	 8	60 	 2108 	 21.08 
273	0	 4	 0	Col	221	 7	173 	 1965 	 19.65 

274	0	 4	 0	Row	97	 5	235 	 1515 	 15.15 
274	0	 4	 0	Col	97	 5	159 	 1439 	 14.39 

275	0	 4	 0	Row	34	 4	147 	 1171 	 11.71 
275	0	 4	 0	Col	35	 4	98 	 1122 	 11.22 

276	0	 4	 0	Row	207	 10	29 	 2589 	 25.89 
276	0	 4	 0	Col	207	 9	107 	 2411 	 24.11 

277	0	 4	 0	Row	41	 12	168 	 3240 	 32.4 
277	0	 4	 0	Col	41	 12	126 	 3198 	 31.98 

278	0	 4	 0	Row	155	 4	185 	 1209 	 12.09 
278	0	 4	 0	Col	156	 4	162 	 1186 	 11.86 

279	0	 4	 0	Row	134	 2	95 	 607 	 6.07 
279	0	 4	 0	Col	134	 1	221 	 477 	 4.77 

280	0	 4	 0	Row	54	 4	53 	 1077 	 10.77 
280	0	 4	 0	Col	54	 4	22 	 1046 	 10.46 

281	0	 4	 0	Row	239	 5	137 	 1417 	 14.17 
281	0	 4	 0	Col	239	 5	107 	 1387 	 13.87 

282	0	 4	 0	Row	226	 1	40 	 296 	 2.96 
282	0	 4	 0	Col	226	 0	238 	 238 	 2.38 

283	0	 4	 0	Row	215	 2	11 	 523 	 5.23 
283	0	 4	 0	Col	215	 1	205 	 461 	 4.61 

284	0	 4	 0	Row	193	 1	230 	 486 	 4.86 
284	0	 4	 0	Col	193	 1	165 	 421 	 4.21 

285	0	 4	 0	Row	215	 11	15 	 2831 	 28.31 
285	0	 4	 0	Col	216	 10	71 	 2631 	 26.31 

286	0	 4	 0	Row	130	 2	149 	 661 	 6.61 
286	0	 4	 0	Col	130	 2	58 	 570 	 5.7 

287	0	 4	 0	Row	120	 3	211 	 979 	 9.79 
287	0	 4	 0	Col	120	 3	168 	 936 	 9.36 

288	0	 4	 0	Row	169	 12	120 	 3192 	 31.92 
288	0	 4	 0	Col	169	 11	226 	 3042 	 30.42 

289	0	 4	 0	Row	105	 8	171 	 2219 	 22.19 
289	0	 4	 0	Col	105	 8	60 	 2108 	 21.08 

290	0	 4	 0	Row	7	 3	57 	 825 	 8.25 
290	0	 4	 0	Col	7	 2	52 	 564 	 5.64 

291	0	 4	 0	Row	154	 7	232 	 2024 	 20.24 
291	0	 4	 0	Col	154	 7	134 	 1926 	 19.26 

292	0	 4	 0	Row	183	 0	248 	 248 	 2.48 
292	0	 4	 0	Col	184	 0	149 	 149 	 1.49 

293	0	 4	 0	Row	248	 2	207 	 719 	 7.19 
293	0	 4	 0	Col	249	 2	166 	 678 	 6.78 

294	0	 4	 0	Row	144	 5	206 	 1486 	 14.86 
294	0	 4	 0	Col	144	 5	156 	 1436 	 14.36 

295	0	 4	 0	Row	99	 2	203 	 715 	 7.15 
295	0	 4	 0	Col	99	 2	174 	 686 	 6.86 

296	0	 4	 0	Row	234	 2	22 	 534 	 5.34 
296	0	 4	 0	Col	234	 1	231 	 487 	 4.87 

297	0	 4	 0	Row	137	 9	251 	 2555 	 25.55 
297	0	 4	 0	Col	137	 9	181 	 2485 	 24.85 

298	0	 4	 0	Row	216	 4	44 	 1068 	 10.68 
298	0	 4	 0	Col	216	 4	22 	 1046 	 10.46 

299	0	 4	 0	Row	101	 4	247 	 1271 	 12.71 
299	0	 4	 0	Col	101	 4	184 	 1208 	 12.08 

300	0	 4	 0	Row	119	 6	56 	 1592 	 15.92 
300	0	 4	 0	Col	119	 6	28 	 1564 	 15.64 

301	0	 4	 0	Row	33	 11	43 	 2859 	 28.59 
301	0	 4	 0	Col	33	 10	228 	 2788 	 27.88 

302	0	 4	 0	Row	71	 0	59 	 59 	 0.59 

303	0	 4	 0	Row	167	 3	87 	 855 	 8.55 
303	0	 4	 0	Col	189	 2	218 	 730 	 7.3 

304	0	 4	 0	Row	172	 14	205 	 3789 	 37.89 
304	0	 4	 0	Col	172	 14	124 	 3708 	 37.08 

305	0	 4	 0	Row	32	 1	175 	 431 	 4.31 
305	0	 4	 0	Col	32	 1	101 	 357 	 3.57 

306	0	 4	 0	Row	38	 1	93 	 349 	 3.49 
306	0	 4	 0	Col	41	 0	64 	 64 	 0.64 

307	0	 4	 0	Row	36	 7	55 	 1847 	 18.47 
307	0	 4	 0	Col	169	 6	92 	 1628 	 16.28 

308	0	 4	 0	Row	208	 2	144 	 656 	 6.56 
308	0	 4	 0	Col	208	 2	112 	 624 	 6.24 

309	0	 4	 0	Row	171	 2	148 	 660 	 6.6 
309	0	 4	 0	Col	171	 2	110 	 622 	 6.22 

310	0	 4	 0	Row	130	 12	181 	 3253 	 32.53 
310	0	 4	 0	Col	131	 11	78 	 2894 	 28.94 

311	0	 4	 0	Row	249	 1	76 	 332 	 3.32 
311	0	 4	 0	Col	249	 1	43 	 299 	 2.99 

312	0	 4	 0	Row	249	 0	43 	 43 	 0.43 

313	0	 4	 0	Row	63	 7	236 	 2028 	 20.28 
313	0	 4	 0	Col	63	 7	208 	 2000 	 20.0 

314	0	 4	 0	Row	182	 4	240 	 1264 	 12.64 
314	0	 4	 0	Col	124	 4	112 	 1136 	 11.36 

315	0	 4	 0	Row	115	 9	235 	 2539 	 25.39 
315	0	 4	 0	Col	115	 9	129 	 2433 	 24.33 

316	0	 4	 0	Row	0	 1	81 	 337 	 3.37 
316	0	 4	 0	Col	1	 1	26 	 282 	 2.82 

317	0	 4	 0	Row	64	 8	203 	 2251 	 22.51 
317	0	 4	 0	Col	65	 8	94 	 2142 	 21.42 

318	0	 4	 0	Row	211	 0	105 	 105 	 1.05 

319	0	 4	 0	Row	204	 4	166 	 1190 	 11.9 
319	0	 4	 0	Col	204	 4	145 	 1169 	 11.69 

320	0	 4	 0	Row	239	 3	28 	 796 	 7.96 
320	0	 4	 0	Col	240	 2	235 	 747 	 7.47 

321	0	 4	 0	Row	128	 10	140 	 2700 	 27.0 
321	0	 4	 0	Col	129	 9	252 	 2556 	 25.56 

322	0	 4	 0	Row	128	 0	24 	 24 	 0.24 

323	0	 4	 0	Row	221	 6	239 	 1775 	 17.75 
323	0	 4	 0	Col	221	 6	221 	 1757 	 17.57 

324	0	 4	 0	Row	194	 7	154 	 1946 	 19.46 
324	0	 4	 0	Col	194	 7	57 	 1849 	 18.49 

325	0	 4	 0	Row	205	 5	190 	 1470 	 14.7 
325	0	 4	 0	Col	205	 5	122 	 1402 	 14.02 

326	0	 4	 0	Row	203	 11	183 	 2999 	 29.99 
326	0	 4	 0	Col	203	 10	254 	 2814 	 28.14 

327	0	 4	 0	Row	174	 6	53 	 1589 	 15.89 
327	0	 4	 0	Col	174	 6	4 	 1540 	 15.4 

328	0	 4	 0	Row	244	 6	160 	 1696 	 16.96 
328	0	 4	 0	Col	244	 6	117 	 1653 	 16.53 

329	0	 4	 0	Row	127	 3	87 	 855 	 8.55 
329	0	 4	 0	Col	106	 2	235 	 747 	 7.47 

330	0	 4	 0	Row	176	 2	166 	 678 	 6.78 
330	0	 4	 0	Col	176	 2	143 	 655 	 6.55 

331	0	 4	 0	Row	197	 5	148 	 1428 	 14.28 
331	0	 4	 0	Col	197	 5	118 	 1398 	 13.98 

332	0	 4	 0	Row	189	 5	137 	 1417 	 14.17 
332	0	 4	 0	Col	189	 5	111 	 1391 	 13.91 

333	0	 4	 0	Row	189	 0	37 	 37 	 0.37 

334	0	 4	 0	Row	10	 1	161 	 417 	 4.17 
334	0	 4	 0	Col	10	 1	126 	 382 	 3.82 

335	0	 4	 0	Row	126	 6	225 	 1761 	 17.61 
335	0	 4	 0	Col	126	 6	171 	 1707 	 17.07 

336	0	 4	 0	Row	142	 4	41 	 1065 	 10.65 
336	0	 4	 0	Col	143	 3	167 	 935 	 9.35 

337	0	 4	 0	Row	30	 2	225 	 737 	 7.37 
337	0	 4	 0	Col	31	 2	192 	 704 	 7.04 

338	0	 4	 0	Row	85	 8	29 	 2077 	 20.77 
338	0	 4	 0	Col	85	 7	161 	 1953 	 19.53 

339	0	 4	 0	Row	148	 2	65 	 577 	 5.77 
339	0	 4	 0	Col	148	 2	11 	 523 	 5.23 

340	0	 4	 0	Row	146	 4	107 	 1131 	 11.31 
340	0	 4	 0	Col	146	 4	76 	 1100 	 11.0 

341	0	 4	 0	Row	250	 11	160 	 2976 	 29.76 
341	0	 4	 0	Col	250	 10	165 	 2725 	 27.25 

342	0	 4	 0	Row	237	 11	197 	 3013 	 30.13 
342	0	 4	 0	Col	237	 11	26 	 2842 	 28.42 

343	0	 4	 0	Row	10	 3	179 	 947 	 9.47 
343	0	 4	 0	Col	10	 3	141 	 909 	 9.09 

344	0	 4	 0	Row	82	 3	139 	 907 	 9.07 
344	0	 4	 0	Col	83	 3	115 	 883 	 8.83 

345	0	 4	 0	Row	147	 4	32 	 1056 	 10.56 
345	0	 4	 0	Col	147	 4	8 	 1032 	 10.32 

346	0	 4	 0	Row	150	 2	201 	 713 	 7.13 
346	0	 4	 0	Col	150	 2	157 	 669 	 6.69 

347	0	 4	 0	Row	124	 1	19 	 275 	 2.75 
347	0	 4	 0	Col	124	 0	225 	 225 	 2.25 

348	0	 4	 0	Row	140	 8	239 	 2287 	 22.87 
348	0	 4	 0	Col	140	 8	166 	 2214 	 22.14 

349	0	 4	 0	Row	101	 1	220 	 476 	 4.76 
349	0	 4	 0	Col	101	 1	153 	 409 	 4.09 

350	0	 4	 0	Row	254	 14	39 	 3623 	 36.23 
350	0	 4	 0	Col	254	 13	213 	 3541 	 35.41 

351	0	 4	 0	Row	148	 0	201 	 201 	 2.01 
351	0	 4	 0	Col	148	 0	137 	 137 	 1.37 

352	0	 4	 0	Row	74	 4	118 	 1142 	 11.42 
352	0	 4	 0	Col	74	 4	63 	 1087 	 10.87 

353	0	 4	 0	Row	172	 8	197 	 2245 	 22.45 
353	0	 4	 0	Col	172	 8	124 	 2172 	 21.72 

354	0	 4	 0	Row	171	 8	240 	 2288 	 22.88 
354	0	 4	 0	Col	171	 8	163 	 2211 	 22.11 

355	0	 4	 0	Row	225	 1	193 	 449 	 4.49 
355	0	 4	 0	Col	225	 1	165 	 421 	 4.21 

356	0	 4	 0	Row	141	 0	85 	 85 	 0.85 

357	0	 4	 0	Row	120	 1	233 	 489 	 4.89 
357	0	 4	 0	Col	120	 1	193 	 449 	 4.49 

358	0	 4	 0	Row	199	 0	60 	 60 	 0.6 

359	0	 4	 0	Row	59	 6	68 	 1604 	 16.04 
359	0	 4	 0	Col	59	 5	218 	 1498 	 14.98 

360	0	 4	 0	Row	172	 2	135 	 647 	 6.47 
360	0	 4	 0	Col	172	 2	97 	 609 	 6.09 

361	0	 4	 0	Row	219	 5	171 	 1451 	 14.51 
361	0	 4	 0	Col	219	 5	147 	 1427 	 14.27 

362	0	 4	 0	Row	189	 6	111 	 1647 	 16.47 
362	0	 4	 0	Col	189	 6	84 	 1620 	 16.2 

363	0	 4	 0	Row	76	 6	237 	 1773 	 17.73 
363	0	 4	 0	Col	76	 6	160 	 1696 	 16.96 

364	0	 4	 0	Row	169	 8	98 	 2146 	 21.46 
364	0	 4	 0	Col	170	 8	17 	 2065 	 20.65 

365	0	 4	 0	Row	237	 3	212 	 980 	 9.8 
365	0	 4	 0	Col	237	 3	138 	 906 	 9.06 

366	0	 4	 0	Row	195	 4	208 	 1232 	 12.32 
366	0	 4	 0	Col	196	 4	74 	 1098 	 10.98 

367	0	 4	 0	Row	28	 0	17 	 17 	 0.17 

368	0	 4	 0	Row	47	 8	3 	 2051 	 20.51 
368	0	 4	 0	Col	48	 7	129 	 1921 	 19.21 

369	0	 4	 0	Row	47	 2	220 	 732 	 7.32 
369	0	 4	 0	Col	82	 2	186 	 698 	 6.98 

370	0	 4	 0	Row	22	 5	147 	 1427 	 14.27 
370	0	 4	 0	Col	22	 5	124 	 1404 	 14.04 

371	0	 4	 0	Row	30	 5	205 	 1485 	 14.85 
371	0	 4	 0	Col	30	 5	129 	 1409 	 14.09 

372	0	 4	 0	Row	253	 4	19 	 1043 	 10.43 
372	0	 4	 0	Col	254	 3	150 	 918 	 9.18 

373	0	 4	 0	Row	42	 7	227 	 2019 	 20.19 
373	0	 4	 0	Col	42	 7	30 	 1822 	 18.22 

374	0	 4	 0	Row	231	 2	145 	 657 	 6.57 
374	0	 4	 0	Col	231	 2	126 	 638 	 6.38 

375	0	 4	 0	Row	44	 2	201 	 713 	 7.13 
375	0	 4	 0	Col	44	 2	171 	 683 	 6.83 

376	0	 4	 0	Row	255	 2	7 	 519 	 5.19 
376	0	 4	 0	Col	255	 1	210 	 466 	 4.66 

377	0	 4	 0	Row	4	 12	124 	 3196 	 31.96 
377	0	 4	 0	Col	4	 11	217 	 3033 	 30.33 

378	0	 4	 0	Row	14	 5	91 	 1371 	 13.71 
378	0	 4	 0	Col	14	 5	64 	 1344 	 13.44 

379	0	 4	 0	Row	186	 10	19 	 2579 	 25.79 
379	0	 4	 0	Col	186	 9	229 	 2533 	 25.33 

380	0	 4	 0	Row	110	 4	45 	 1069 	 10.69 
380	0	 4	 0	Col	110	 4	9 	 1033 	 10.33 

381	0	 4	 0	Row	223	 3	96 	 864 	 8.64 
381	0	 4	 0	Col	224	 3	29 	 797 	 7.97 

382	0	 4	 0	Row	44	 11	197 	 3013 	 30.13 
382	0	 4	 0	Col	44	 11	175 	 2991 	 29.91 

383	0	 4	 0	Row	96	 2	135 	 647 	 6.47 
383	0	 4	 0	Col	96	 2	5 	 517 	 5.17 

384	0	 4	 0	Row	100	 2	144 	 656 	 6.56 
384	0	 4	 0	Col	100	 2	117 	 629 	 6.29 

385	0	 4	 0	Row	14	 1	41 	 297 	 2.97 
385	0	 4	 0	Col	14	 0	246 	 246 	 2.46 

386	0	 4	 0	Row	65	 1	144 	 400 	 4.0 
386	0	 4	 0	Col	65	 1	91 	 347 	 3.47 

387	0	 4	 0	Row	254	 0	95 	 95 	 0.95 
387	0	 4	 0	Col	65	 0	19 	 19 	 0.19 

388	0	 4	 0	Row	239	 12	167 	 3239 	 32.39 
388	0	 4	 0	Col	239	 12	57 	 3129 	 31.29 

389	0	 4	 0	Row	83	 4	175 	 1199 	 11.99 
389	0	 4	 0	Col	83	 4	101 	 1125 	 11.25 

390	0	 4	 0	Row	163	 4	207 	 1231 	 12.31 
390	0	 4	 0	Col	163	 4	105 	 1129 	 11.29 

391	0	 4	 0	Row	35	 10	92 	 2652 	 26.52 
391	0	 4	 0	Col	35	 9	188 	 2492 	 24.92 

392	0	 4	 0	Row	171	 12	240 	 3312 	 33.12 
392	0	 4	 0	Col	171	 12	82 	 3154 	 31.54 

393	0	 4	 0	Row	207	 0	39 	 39 	 0.39 

394	0	 4	 0	Row	143	 8	204 	 2252 	 22.52 
394	0	 4	 0	Col	143	 8	77 	 2125 	 21.25 

395	0	 4	 0	Row	89	 2	123 	 635 	 6.35 
395	0	 4	 0	Col	89	 2	22 	 534 	 5.34 

396	0	 4	 0	Row	208	 8	188 	 2236 	 22.36 
396	0	 4	 0	Col	208	 8	103 	 2151 	 21.51 

397	0	 4	 0	Row	105	 5	56 	 1336 	 13.36 
397	0	 4	 0	Col	105	 4	239 	 1263 	 12.63 

398	0	 4	 0	Row	43	 8	251 	 2299 	 22.99 
398	0	 4	 0	Col	43	 8	113 	 2161 	 21.61 

399	0	 4	 0	Row	133	 5	25 	 1305 	 13.05 
399	0	 4	 0	Col	133	 4	228 	 1252 	 12.52 

400	0	 4	 0	Row	101	 2	139 	 651 	 6.51 
400	0	 4	 0	Col	101	 2	84 	 596 	 5.96 

401	0	 4	 0	Row	14	 13	16 	 3344 	 33.44 
401	0	 4	 0	Col	14	 12	101 	 3173 	 31.73 

402	0	 4	 0	Row	52	 0	110 	 110 	 1.1 
402	0	 4	 0	Col	14	 0	38 	 38 	 0.38 

403	0	 4	 0	Row	70	 2	159 	 671 	 6.71 
403	0	 4	 0	Col	70	 2	95 	 607 	 6.07 

404	0	 4	 0	Row	39	 10	7 	 2567 	 25.67 
404	0	 4	 0	Col	40	 9	61 	 2365 	 23.65 

405	0	 4	 0	Row	39	 4	75 	 1099 	 10.99 
405	0	 4	 0	Col	39	 3	152 	 920 	 9.2 

406	0	 4	 0	Row	243	 12	45 	 3117 	 31.17 
406	0	 4	 0	Col	244	 11	110 	 2926 	 29.26 

407	0	 4	 0	Row	26	 1	134 	 390 	 3.9 
407	0	 4	 0	Col	26	 1	96 	 352 	 3.52 

408	0	 4	 0	Row	238	 5	95 	 1375 	 13.75 
408	0	 4	 0	Col	238	 5	61 	 1341 	 13.41 

409	0	 4	 0	Row	120	 0	187 	 187 	 1.87 
409	0	 4	 0	Col	238	 0	64 	 64 	 0.64 

410	0	 4	 0	Row	128	 4	221 	 1245 	 12.45 
410	0	 4	 0	Col	128	 4	186 	 1210 	 12.1 

411	0	 4	 0	Row	149	 2	126 	 638 	 6.38 
411	0	 4	 0	Col	149	 2	94 	 606 	 6.06 

412	0	 4	 0	Row	182	 2	172 	 684 	 6.84 
412	0	 4	 0	Col	182	 2	139 	 651 	 6.51 

413	0	 4	 0	Row	103	 4	56 	 1080 	 10.8 
413	0	 4	 0	Col	103	 4	20 	 1044 	 10.44 

414	0	 4	 0	Row	38	 10	213 	 2773 	 27.73 
414	0	 4	 0	Col	38	 10	179 	 2739 	 27.39 

415	0	 4	 0	Row	105	 4	254 	 1278 	 12.78 
415	0	 4	 0	Col	105	 4	218 	 1242 	 12.42 

416	0	 4	 0	Row	247	 2	217 	 729 	 7.29 
416	0	 4	 0	Col	247	 2	180 	 692 	 6.92 

417	0	 4	 0	Row	189	 4	78 	 1102 	 11.02 
417	0	 4	 0	Col	190	 4	15 	 1039 	 10.39 

418	0	 4	 0	Row	237	 2	189 	 701 	 7.01 
418	0	 4	 0	Col	237	 2	157 	 669 	 6.69 

419	0	 4	 0	Row	140	 3	64 	 832 	 8.32 
419	0	 4	 0	Col	140	 3	32 	 800 	 8.0 

420	0	 4	 0	Row	60	 1	53 	 309 	 3.09 
420	0	 4	 0	Col	60	 1	11 	 267 	 2.67 

421	0	 4	 0	Row	114	 6	78 	 1614 	 16.14 
421	0	 4	 0	Col	114	 5	99 	 1379 	 13.79 

422	0	 4	 0	Row	161	 0	186 	 186 	 1.86 
422	0	 4	 0	Col	114	 0	47 	 47 	 0.47 

423	0	 4	 0	Row	47	 7	100 	 1892 	 18.92 
423	0	 4	 0	Col	47	 7	13 	 1805 	 18.05 

424	0	 4	 0	Row	202	 6	204 	 1740 	 17.4 
424	0	 4	 0	Col	202	 6	82 	 1618 	 16.18 

425	0	 4	 0	Row	43	 10	229 	 2789 	 27.89 
425	0	 4	 0	Col	43	 10	115 	 2675 	 26.75 

426	0	 4	 0	Row	164	 6	46 	 1582 	 15.82 
426	0	 4	 0	Col	164	 5	249 	 1529 	 15.29 

427	0	 4	 0	Row	1	 5	84 	 1364 	 13.64 
427	0	 4	 0	Col	1	 4	249 	 1273 	 12.73 

428	0	 4	 0	Row	111	 4	184 	 1208 	 12.08 
428	0	 4	 0	Col	111	 4	147 	 1171 	 11.71 

429	0	 4	 0	Row	80	 6	147 	 1683 	 16.83 
429	0	 4	 0	Col	80	 6	85 	 1621 	 16.21 

430	0	 4	 0	Row	78	 2	176 	 688 	 6.88 
430	0	 4	 0	Col	80	 2	39 	 551 	 5.51 

431	0	 4	 0	Row	160	 5	13 	 1293 	 12.93 
431	0	 4	 0	Col	161	 4	222 	 1246 	 12.46 

432	0	 4	 0	Row	249	 9	66 	 2370 	 23.7 
432	0	 4	 0	Col	249	 8	140 	 2188 	 21.88 

433	0	 4	 0	Row	244	 2	124 	 636 	 6.36 
433	0	 4	 0	Col	245	 2	30 	 542 	 5.42 

434	0	 4	 0	Row	131	 4	90 	 1114 	 11.14 
434	0	 4	 0	Col	131	 4	50 	 1074 	 10.74 

435	0	 4	 0	Row	41	 1	161 	 417 	 4.17 
435	0	 4	 0	Col	41	 1	119 	 375 	 3.75 

436	0	 4	 0	Row	250	 1	246 	 502 	 5.02 
436	0	 4	 0	Col	167	 1	107 	 363 	 3.63 

437	0	 4	 0	Row	175	 4	251 	 1275 	 12.75 
437	0	 4	 0	Col	175	 4	219 	 1243 	 12.43 

438	0	 4	 0	Row	147	 4	24 	 1048 	 10.48 
438	0	 4	 0	Col	148	 3	92 	 860 	 8.6 

439	0	 4	 0	Row	132	 2	211 	 723 	 7.23 
439	0	 4	 0	Col	132	 2	183 	 695 	 6.95 

440	0	 4	 0	Row	150	 3	194 	 962 	 9.62 
440	0	 4	 0	Col	150	 3	150 	 918 	 9.18 

441	0	 4	 0	Row	179	 6	48 	 1584 	 15.84 
441	0	 4	 0	Col	179	 6	11 	 1547 	 15.47 

442	0	 4	 0	Row	210	 8	100 	 2148 	 21.48 
442	0	 4	 0	Col	210	 7	255 	 2047 	 20.47 

443	0	 4	 0	Row	120	 3	115 	 883 	 8.83 
443	0	 4	 0	Col	120	 3	81 	 849 	 8.49 

444	0	 4	 0	Row	241	 1	99 	 355 	 3.55 
444	0	 4	 0	Col	242	 1	30 	 286 	 2.86 

445	0	 4	 0	Row	193	 3	209 	 977 	 9.77 
445	0	 4	 0	Col	193	 3	183 	 951 	 9.51 

446	0	 4	 0	Row	98	 3	159 	 927 	 9.27 
446	0	 4	 0	Col	98	 3	48 	 816 	 8.16 

447	0	 4	 0	Row	232	 2	140 	 652 	 6.52 
447	0	 4	 0	Col	232	 2	99 	 611 	 6.11 

448	0	 4	 0	Row	48	 1	162 	 418 	 4.18 
448	0	 4	 0	Col	49	 1	126 	 382 	 3.82 

449	0	 4	 0	Row	158	 12	194 	 3266 	 32.66 
449	0	 4	 0	Col	158	 12	167 	 3239 	 32.39 

450	0	 4	 0	Row	254	 2	9 	 521 	 5.21 
450	0	 4	 0	Col	254	 1	230 	 486 	 4.86 

451	0	 4	 0	Row	240	 3	181 	 949 	 9.49 
451	0	 4	 0	Col	240	 3	148 	 916 	 9.16 

452	0	 4	 0	Row	57	 1	133 	 389 	 3.89 
452	0	 4	 0	Col	57	 1	70 	 326 	 3.26 

453	0	 4	 0	Row	170	 3	5 	 773 	 7.73 
453	0	 4	 0	Col	170	 2	232 	 744 	 7.44 

454	0	 4	 0	Row	164	 9	195 	 2499 	 24.99 
454	0	 4	 0	Col	164	 9	106 	 2410 	 24.1 

455	0	 4	 0	Row	224	 10	173 	 2733 	 27.33 
455	0	 4	 0	Col	224	 10	80 	 2640 	 26.4 

456	0	 4	 0	Row	61	 4	209 	 1233 	 12.33 
456	0	 4	 17	Col	4	 0	61 	 61 	 0.61 
456	0	 4	 47	Col	61	 13	61 	 3389 	 33.89 

457	0	 4	 0	Row	226	 3	236 	 1004 	 10.04 
457	0	 4	 0	Col	226	 3	160 	 928 	 9.28 

458	0	 4	 0	Row	157	 5	20 	 1300 	 13.0 
458	0	 4	 0	Col	157	 4	217 	 1241 	 12.41 

459	0	 4	 0	Row	229	 12	44 	 3116 	 31.16 
459	0	 4	 0	Col	229	 12	17 	 3089 	 30.89 

460	0	 4	 0	Row	229	 5	6 	 1286 	 12.86 
460	0	 4	 0	Col	205	 4	234 	 1258 	 12.58 

461	0	 4	 0	Row	29	 3	215 	 983 	 9.83 
461	0	 4	 0	Col	29	 3	161 	 929 	 9.29 

462	0	 4	 0	Row	100	 2	164 	 676 	 6.76 
462	0	 4	 0	Col	100	 2	83 	 595 	 5.95 

463	0	 4	 0	Row	100	 3	99 	 867 	 8.67 
463	0	 4	 0	Col	167	 3	68 	 836 	 8.36 

464	0	 4	 0	Row	134	 2	56 	 568 	 5.68 
464	0	 4	 0	Col	135	 2	29 	 541 	 5.41 

465	0	 4	 0	Row	125	 6	215 	 1751 	 17.51 
465	0	 4	 0	Col	125	 6	184 	 1720 	 17.2 

466	0	 4	 0	Row	252	 11	164 	 2980 	 29.8 
466	0	 4	 0	Col	252	 11	79 	 2895 	 28.95 

467	0	 4	 0	Row	127	 4	32 	 1056 	 10.56 
467	0	 4	 0	Col	127	 3	248 	 1016 	 10.16 

468	0	 4	 0	Row	251	 4	83 	 1107 	 11.07 
468	0	 4	 0	Col	251	 4	34 	 1058 	 10.58 

469	0	 4	 0	Row	18	 3	25 	 793 	 7.93 
469	0	 4	 0	Col	18	 2	247 	 759 	 7.59 

470	0	 4	 0	Row	7	 11	143 	 2959 	 29.59 
470	0	 4	 0	Col	7	 11	51 	 2867 	 28.67 

471	0	 4	 0	Row	25	 2	213 	 725 	 7.25 
471	0	 4	 0	Col	7	 2	180 	 692 	 6.92 

472	0	 4	 0	Row	141	 2	136 	 648 	 6.48 
472	0	 4	 0	Col	141	 2	109 	 621 	 6.21 

473	0	 4	 0	Row	45	 1	248 	 504 	 5.04 
473	0	 4	 0	Col	45	 1	207 	 463 	 4.63 

474	0	 4	 0	Row	149	 4	223 	 1247 	 12.47 
474	0	 4	 0	Col	149	 4	200 	 1224 	 12.24 

475	0	 4	 0	Row	16	 4	8 	 1032 	 10.32 
475	0	 4	 0	Col	16	 3	206 	 974 	 9.74 

476	0	 4	 0	Row	9	 5	204 	 1484 	 14.84 
476	0	 4	 0	Col	9	 5	182 	 1462 	 14.62 

477	0	 4	 0	Row	158	 3	28 	 796 	 7.96 
477	0	 4	 0	Col	158	 2	96 	 608 	 6.08 

478	0	 4	 0	Row	176	 5	68 	 1348 	 13.48 
478	0	 4	 0	Col	176	 5	38 	 1318 	 13.18 

479	0	 4	 0	Row	33	 4	171 	 1195 	 11.95 
479	0	 4	 0	Col	33	 4	44 	 1068 	 10.68 

480	0	 4	 0	Row	157	 2	237 	 749 	 7.49 
480	0	 4	 0	Col	157	 2	161 	 673 	 6.73 

481	0	 4	 0	Row	134	 3	145 	 913 	 9.13 
481	0	 4	 0	Col	135	 3	69 	 837 	 8.37 

482	0	 4	 0	Row	251	 1	249 	 505 	 5.05 
482	0	 4	 0	Col	251	 1	216 	 472 	 4.72 

483	0	 4	 0	Row	120	 3	10 	 778 	 7.78 
483	0	 4	 0	Col	120	 2	235 	 747 	 7.47 

484	0	 4	 0	Row	62	 2	131 	 643 	 6.43 
484	0	 4	 0	Col	63	 2	82 	 594 	 5.94 

485	0	 4	 0	Row	45	 6	121 	 1657 	 16.57 
485	0	 4	 0	Col	45	 6	69 	 1605 	 16.05 

486	0	 4	 0	Row	163	 1	110 	 366 	 3.66 
486	0	 4	 0	Col	163	 1	71 	 327 	 3.27 

487	0	 4	 0	Row	1	 14	27 	 3611 	 36.11 
487	0	 4	 0	Col	1	 13	132 	 3460 	 34.6 

488	0	 4	 0	Row	72	 2	111 	 623 	 6.23 
488	0	 4	 0	Col	72	 2	87 	 599 	 5.99 

489	0	 4	 0	Row	141	 12	179 	 3251 	 32.51 
489	0	 4	 0	Col	141	 12	43 	 3115 	 31.15 

490	0	 4	 0	Row	103	 0	221 	 221 	 2.21 
490	0	 4	 0	Col	103	 0	122 	 122 	 1.22 

491	0	 4	 0	Row	170	 7	76 	 1868 	 18.68 
491	0	 4	 0	Col	170	 6	210 	 1746 	 17.46 

492	0	 4	 0	Row	52	 4	236 	 1260 	 12.6 
492	0	 4	 0	Col	52	 4	185 	 1209 	 12.09 

493	0	 4	 0	Row	190	 2	51 	 563 	 5.63 
493	0	 4	 0	Col	190	 2	29 	 541 	 5.41 

494	0	 4	 0	Row	96	 3	154 	 922 	 9.22 
494	0	 4	 0	Col	96	 3	119 	 887 	 8.87 

495	0	 4	 0	Row	50	 0	201 	 201 	 2.01 
495	0	 4	 0	Col	51	 0	141 	 141 	 1.41 

496	0	 4	 0	Row	21	 0	216 	 216 	 2.16 
496	0	 4	 0	Col	21	 0	163 	 163 	 1.63 

497	0	 4	 0	Row	221	 3	176 	 944 	 9.44 
497	0	 4	 0	Col	222	 3	100 	 868 	 8.68 

498	0	 4	 0	Row	235	 10	120 	 2680 	 26.8 
498	0	 4	 0	Col	235	 10	16 	 2576 	 25.76 

499	0	 4	 0	Row	141	 1	248 	 504 	 5.04 
499	0	 4	 0	Col	141	 1	188 	 444 	 4.44 

500	0	 4	 0	Row	161	 13	21 	 3349 	 33.49 
500	0	 4	 0	Col	161	 12	33 	 3105 	 31.05 

501	0	 4	 0	Row	151	 4	204 	 1228 	 12.28 
501	0	 4	 0	Col	151	 4	167 	 1191 	 11.91 

502	0	 4	 0	Row	3	 5	236 	 1516 	 15.16 
502	0	 4	 0	Col	3	 5	209 	 1489 	 14.89 

503	0	 4	 0	Row	10	 7	85 	 1877 	 18.77 
503	0	 4	 0	Col	10	 6	170 	 1706 	 17.06 

504	0	 4	 0	Row	197	 5	210 	 1490 	 14.9 
504	0	 4	 0	Col	197	 5	161 	 1441 	 14.41 

505	0	 4	 0	Row	118	 4	188 	 1212 	 12.12 
505	0	 4	 0	Col	118	 4	160 	 1184 	 11.84 

506	0	 4	 0	Row	26	 5	202 	 1482 	 14.82 
506	0	 4	 0	Col	26	 5	78 	 1358 	 13.58 

507	0	 4	 0	Row	169	 5	118 	 1398 	 13.98 
507	0	 4	 0	Col	169	 5	40 	 1320 	 13.2 

508	0	 4	 0	Row	152	 2	244 	 756 	 7.56 
508	0	 4	 0	Col	153	 2	195 	 707 	 7.07 

509	0	 4	 0	Row	255	 3	113 	 881 	 8.81 
509	0	 4	 0	Col	255	 3	91 	 859 	 8.59 

510	0	 4	 0	Row	120	 2	96 	 608 	 6.08 
510	0	 4	 0	Col	121	 2	25 	 537 	 5.37 
510	0	 4	 0	Row	130	 0	142 	 142 	 1.42 
510	0	 4	 0	Col	131	 0	89 	 89 	 0.89 

511	0	 4	 0	Row	128	 3	217 	 985 	 9.85 
511	0	 4	 0	Col	128	 3	155 	 923 	 9.23 

512	0	 4	 0	Row	11	 3	22 	 790 	 7.9 
512	0	 4	 0	Col	11	 2	249 	 761 	 7.61 

513	0	 4	 0	Row	173	 7	8 	 1800 	 18.0 
513	0	 4	 0	Col	175	 6	10 	 1546 	 15.46 

514	0	 4	 0	Row	243	 6	37 	 1573 	 15.73 
514	0	 4	 0	Col	243	 5	252 	 1532 	 15.32 

515	0	 4	 0	Row	41	 10	173 	 2733 	 27.33 
515	0	 4	 0	Col	41	 10	27 	 2587 	 25.87 

516	0	 4	 0	Row	64	 10	201 	 2761 	 27.61 
516	0	 4	 0	Col	64	 10	109 	 2669 	 26.69 

517	0	 4	 0	Row	4	 2	87 	 599 	 5.99 
517	0	 4	 0	Col	4	 2	54 	 566 	 5.66 

518	0	 4	 0	Row	0	 2	9 	 521 	 5.21 
518	0	 4	 0	Col	1	 1	226 	 482 	 4.82 

519	0	 4	 0	Row	242	 3	243 	 1011 	 10.11 
519	0	 4	 0	Col	242	 3	6 	 774 	 7.74 

520	0	 4	 0	Row	222	 6	126 	 1662 	 16.62 
520	0	 4	 0	Col	223	 5	219 	 1499 	 14.99 
520	0	 4	 0	Row	249	 1	241 	 497 	 4.97 
520	0	 4	 0	Col	249	 1	102 	 358 	 3.58 

521	0	 4	 0	Row	95	 3	238 	 1006 	 10.06 
521	0	 4	 0	Col	96	 3	132 	 900 	 9.0 

522	0	 4	 0	Row	164	 12	23 	 3095 	 30.95 
522	0	 4	 0	Col	164	 11	179 	 2995 	 29.95 

523	0	 4	 0	Row	152	 3	63 	 831 	 8.31 
523	0	 4	 0	Col	153	 3	19 	 787 	 7.87 

524	0	 4	 0	Row	160	 8	252 	 2300 	 23.0 
524	0	 4	 0	Col	160	 8	187 	 2235 	 22.35 

525	0	 4	 0	Row	69	 4	244 	 1268 	 12.68 
525	0	 4	 0	Col	69	 4	221 	 1245 	 12.45 

526	0	 4	 0	Row	184	 3	178 	 946 	 9.46 
526	0	 4	 0	Col	184	 3	144 	 912 	 9.12 

527	0	 4	 0	Row	44	 4	47 	 1071 	 10.71 
527	0	 4	 0	Col	44	 4	14 	 1038 	 10.38 

528	0	 4	 0	Row	154	 7	133 	 1925 	 19.25 
528	0	 4	 0	Col	156	 6	244 	 1780 	 17.8 

529	0	 4	 0	Row	111	 13	30 	 3358 	 33.58 
529	0	 4	 0	Col	111	 12	255 	 3327 	 33.27 

530	0	 4	 0	Row	160	 8	100 	 2148 	 21.48 
530	0	 4	 0	Col	160	 8	41 	 2089 	 20.89 

531	0	 4	 0	Row	9	 2	190 	 702 	 7.02 
531	0	 4	 0	Col	9	 2	161 	 673 	 6.73 

532	0	 4	 0	Row	199	 1	158 	 414 	 4.14 
532	0	 4	 0	Col	199	 1	123 	 379 	 3.79 

533	0	 4	 0	Row	188	 3	239 	 1007 	 10.07 
533	0	 4	 0	Col	188	 3	85 	 853 	 8.53 

534	0	 4	 0	Row	131	 5	248 	 1528 	 15.28 
534	0	 4	 0	Col	131	 5	219 	 1499 	 14.99 

535	0	 4	 0	Row	142	 1	62 	 318 	 3.18 
535	0	 4	 0	Col	142	 0	119 	 119 	 1.19 
535	0	 4	 0	Row	118	 7	21 	 1813 	 18.13 
535	0	 4	 0	Col	118	 6	248 	 1784 	 17.84 

536	0	 4	 0	Row	146	 5	177 	 1457 	 14.57 
536	0	 4	 0	Col	147	 5	143 	 1423 	 14.23 

537	0	 4	 0	Row	144	 3	243 	 1011 	 10.11 
537	0	 4	 0	Col	144	 3	212 	 980 	 9.8 

538	0	 4	 0	Row	225	 5	41 	 1321 	 13.21 
538	0	 4	 0	Col	30	 4	157 	 1181 	 11.81 

539	0	 4	 0	Row	27	 11	85 	 2901 	 29.01 
539	0	 4	 0	Col	27	 10	253 	 2813 	 28.13 

540	0	 4	 0	Row	133	 0	128 	 128 	 1.28 

541	0	 4	 0	Row	242	 6	15 	 1551 	 15.51 
541	0	 4	 0	Col	243	 5	225 	 1505 	 15.05 

542	0	 4	 0	Row	210	 8	121 	 2169 	 21.69 
542	0	 4	 0	Col	210	 8	98 	 2146 	 21.46 

543	0	 4	 0	Row	15	 2	246 	 758 	 7.58 
543	0	 4	 0	Col	15	 2	39 	 551 	 5.51 

544	0	 4	 0	Row	190	 1	93 	 349 	 3.49 
544	0	 4	 0	Col	190	 1	48 	 304 	 3.04 

545	0	 4	 0	Row	46	 14	34 	 3618 	 36.18 
545	0	 4	 0	Col	46	 13	175 	 3503 	 35.03 

546	0	 4	 0	Row	153	 3	84 	 852 	 8.52 
546	0	 4	 0	Col	154	 3	50 	 818 	 8.18 

547	0	 4	 0	Row	79	 8	142 	 2190 	 21.9 
547	0	 4	 0	Col	79	 8	64 	 2112 	 21.12 

548	0	 4	 0	Row	251	 11	51 	 2867 	 28.67 
548	0	 4	 0	Col	251	 10	127 	 2687 	 26.87 

549	0	 4	 0	Row	49	 8	104 	 2152 	 21.52 
549	0	 4	 0	Col	49	 8	31 	 2079 	 20.79 

550	0	 4	 0	Row	5	 9	7 	 2311 	 23.11 
550	0	 4	 0	Col	5	 7	107 	 1899 	 18.99 

551	0	 4	 0	Row	194	 0	129 	 129 	 1.29 
551	0	 4	 0	Col	194	 0	51 	 51 	 0.51 

552	0	 4	 0	Row	213	 2	150 	 662 	 6.62 
552	0	 4	 0	Col	213	 2	88 	 600 	 6.0 

553	0	 4	 0	Row	138	 6	35 	 1571 	 15.71 
553	0	 4	 0	Col	138	 6	4 	 1540 	 15.4 

554	0	 4	 0	Row	199	 0	60 	 60 	 0.6 

555	0	 4	 0	Row	76	 3	247 	 1015 	 10.15 
555	0	 4	 0	Col	76	 3	219 	 987 	 9.87 

556	0	 4	 0	Row	43	 12	150 	 3222 	 32.22 
556	0	 4	 0	Col	43	 12	58 	 3130 	 31.3 

557	0	 4	 0	Row	250	 1	72 	 328 	 3.28 
557	0	 4	 0	Col	250	 1	21 	 277 	 2.77 

558	0	 4	 0	Row	218	 4	16 	 1040 	 10.4 
558	0	 4	 0	Col	219	 3	246 	 1014 	 10.14 

559	0	 4	 0	Row	77	 2	157 	 669 	 6.69 
559	0	 4	 0	Col	77	 2	105 	 617 	 6.17 

560	0	 4	 0	Row	120	 6	95 	 1631 	 16.31 
560	0	 4	 0	Col	120	 6	12 	 1548 	 15.48 

561	0	 4	 0	Row	244	 6	51 	 1587 	 15.87 
561	0	 4	 0	Col	244	 5	183 	 1463 	 14.63 

562	0	 4	 0	Row	235	 4	238 	 1262 	 12.62 
562	0	 4	 0	Col	237	 3	249 	 1017 	 10.17 

563	0	 4	 0	Row	250	 8	166 	 2214 	 22.14 
563	0	 4	 0	Col	250	 8	9 	 2057 	 20.57 

564	0	 4	 0	Row	152	 5	122 	 1402 	 14.02 
564	0	 4	 0	Col	152	 5	76 	 1356 	 13.56 

565	0	 4	 0	Row	97	 3	197 	 965 	 9.65 
565	0	 4	 0	Col	97	 3	153 	 921 	 9.21 

566	0	 4	 0	Row	14	 13	125 	 3453 	 34.53 
566	0	 4	 0	Col	14	 12	205 	 3277 	 32.77 

567	0	 4	 0	Row	72	 2	74 	 586 	 5.86 
567	0	 4	 0	Col	72	 2	44 	 556 	 5.56 

568	0	 4	 0	Row	181	 8	148 	 2196 	 21.96 
568	0	 4	 0	Col	181	 8	56 	 2104 	 21.04 

569	0	 4	 0	Row	87	 1	63 	 319 	 3.19 
569	0	 4	 0	Col	89	 0	185 	 185 	 1.85 

570	0	 4	 0	Row	12	 4	105 	 1129 	 11.29 
570	0	 4	 0	Col	12	 4	64 	 1088 	 10.88 

571	0	 4	 0	Row	139	 3	78 	 846 	 8.46 
571	0	 4	 0	Col	139	 3	39 	 807 	 8.07 

572	0	 4	 0	Row	6	 3	181 	 949 	 9.49 
572	0	 4	 0	Col	7	 3	136 	 904 	 9.04 

573	0	 4	 0	Row	102	 3	204 	 972 	 9.72 
573	0	 4	 0	Col	102	 3	183 	 951 	 9.51 

574	0	 4	 0	Row	162	 15	197 	 4037 	 40.37 
574	0	 4	 0	Col	130	 15	48 	 3888 	 38.88 

575	0	 4	 0	Row	236	 3	121 	 889 	 8.89 
575	0	 4	 0	Col	236	 3	92 	 860 	 8.6 

576	0	 4	 0	Row	169	 3	7 	 775 	 7.75 
576	0	 4	 0	Col	169	 2	224 	 736 	 7.36 

577	0	 4	 0	Row	199	 0	15 	 15 	 0.15 
577	0	 4	 0	Col	199	 15	58 	 3898 	 38.98 

578	0	 4	 0	Row	124	 4	133 	 1157 	 11.57 
578	0	 4	 0	Col	124	 4	63 	 1087 	 10.87 

579	0	 4	 0	Row	235	 6	144 	 1680 	 16.8 
579	0	 4	 0	Col	235	 6	109 	 1645 	 16.45 

580	0	 4	 0	Row	86	 1	152 	 408 	 4.08 
580	0	 4	 0	Col	86	 1	63 	 319 	 3.19 

581	0	 4	 0	Row	150	 9	221 	 2525 	 25.25 
581	0	 4	 0	Col	150	 9	97 	 2401 	 24.01 

582	0	 4	 0	Row	87	 4	121 	 1145 	 11.45 
582	0	 4	 0	Col	87	 4	39 	 1063 	 10.63 

583	0	 4	 0	Row	197	 8	215 	 2263 	 22.63 
583	0	 4	 0	Col	197	 8	126 	 2174 	 21.74 

584	0	 4	 0	Row	204	 5	2 	 1282 	 12.82 
584	0	 4	 0	Col	204	 4	231 	 1255 	 12.55 

585	0	 4	 0	Row	60	 6	180 	 1716 	 17.16 
585	0	 4	 0	Col	60	 6	47 	 1583 	 15.83 

586	0	 4	 0	Row	189	 4	174 	 1198 	 11.98 
586	0	 4	 0	Col	190	 4	113 	 1137 	 11.37 

587	0	 4	 0	Row	50	 1	118 	 374 	 3.74 
587	0	 4	 0	Col	51	 1	59 	 315 	 3.15 

588	0	 4	 0	Row	1	 4	106 	 1130 	 11.3 
588	0	 4	 0	Col	2	 3	165 	 933 	 9.33 

589	0	 4	 0	Row	127	 5	72 	 1352 	 13.52 
589	0	 4	 0	Col	127	 5	21 	 1301 	 13.01 

590	0	 4	 0	Row	142	 4	102 	 1126 	 11.26 
590	0	 4	 0	Col	142	 4	30 	 1054 	 10.54 

591	0	 4	 0	Row	229	 3	89 	 857 	 8.57 
591	0	 4	 0	Col	13	 2	248 	 760 	 7.6 

592	0	 4	 0	Row	24	 3	3 	 771 	 7.71 
592	0	 4	 0	Col	24	 2	147 	 659 	 6.59 

593	0	 4	 0	Row	175	 6	89 	 1625 	 16.25 
593	0	 4	 0	Col	175	 5	184 	 1464 	 14.64 

594	0	 4	 0	Row	220	 3	241 	 1009 	 10.09 
594	0	 4	 0	Col	220	 3	213 	 981 	 9.81 

595	0	 4	 0	Row	249	 6	104 	 1640 	 16.4 
595	0	 4	 0	Col	250	 5	192 	 1472 	 14.72 

596	0	 4	 0	Row	219	 8	194 	 2242 	 22.42 
596	0	 4	 0	Col	219	 8	118 	 2166 	 21.66 

597	0	 4	 0	Row	153	 4	110 	 1134 	 11.34 
597	0	 4	 0	Col	153	 3	220 	 988 	 9.88 

598	0	 4	 0	Row	9	 3	51 	 819 	 8.19 
598	0	 4	 0	Col	153	 2	219 	 731 	 7.31 

599	0	 4	 0	Row	157	 4	242 	 1266 	 12.66 
599	0	 4	 0	Col	157	 4	216 	 1240 	 12.4 

600	0	 4	 0	Row	201	 2	55 	 567 	 5.67 
600	0	 4	 0	Col	201	 2	21 	 533 	 5.33 

601	0	 4	 0	Row	133	 2	63 	 575 	 5.75 
601	0	 4	 0	Col	133	 2	42 	 554 	 5.54 

602	0	 4	 0	Row	138	 2	224 	 736 	 7.36 
602	0	 4	 0	Col	138	 2	81 	 593 	 5.93 

603	0	 4	 0	Row	53	 3	140 	 908 	 9.08 
603	0	 4	 0	Col	54	 3	106 	 874 	 8.74 

604	0	 4	 0	Row	67	 2	133 	 645 	 6.45 
604	0	 4	 0	Col	67	 2	85 	 597 	 5.97 

605	0	 4	 0	Row	58	 0	109 	 109 	 1.09 
605	0	 4	 0	Col	58	 0	60 	 60 	 0.6 

606	0	 4	 0	Row	151	 1	12 	 268 	 2.68 
606	0	 4	 0	Col	151	 0	203 	 203 	 2.03 

607	0	 4	 0	Row	129	 3	70 	 838 	 8.38 
607	0	 4	 0	Col	129	 3	47 	 815 	 8.15 

608	0	 4	 0	Row	94	 1	124 	 380 	 3.8 
608	0	 4	 0	Col	94	 1	76 	 332 	 3.32 

609	0	 4	 0	Row	50	 2	31 	 543 	 5.43 
609	0	 4	 0	Col	50	 2	0 	 512 	 5.12 

610	0	 4	 0	Row	114	 5	77 	 1357 	 13.57 
610	0	 4	 0	Col	114	 5	28 	 1308 	 13.08 

611	0	 4	 0	Row	253	 10	24 	 2584 	 25.84 
611	0	 4	 0	Col	253	 9	68 	 2372 	 23.72 

612	0	 4	 0	Row	132	 3	145 	 913 	 9.13 
612	0	 4	 0	Col	132	 3	118 	 886 	 8.86 

613	0	 4	 0	Row	166	 13	163 	 3491 	 34.91 
613	0	 4	 0	Col	166	 13	20 	 3348 	 33.48 

614	0	 4	 0	Row	8	 5	43 	 1323 	 13.23 
614	0	 4	 0	Col	9	 4	251 	 1275 	 12.75 

615	0	 4	 0	Row	28	 6	199 	 1735 	 17.35 
615	0	 4	 0	Col	28	 6	128 	 1664 	 16.64 

616	0	 4	 0	Row	97	 2	238 	 750 	 7.5 
616	0	 4	 0	Col	97	 2	211 	 723 	 7.23 

617	0	 4	 0	Row	150	 10	79 	 2639 	 26.39 
617	0	 4	 0	Col	150	 9	248 	 2552 	 25.52 

618	0	 4	 0	Row	73	 3	195 	 963 	 9.63 
618	0	 4	 0	Col	74	 3	128 	 896 	 8.96 

619	0	 4	 0	Row	203	 4	35 	 1059 	 10.59 
619	0	 4	 0	Col	203	 4	7 	 1031 	 10.31 

620	0	 4	 0	Row	172	 4	202 	 1226 	 12.26 
620	0	 4	 0	Col	174	 4	132 	 1156 	 11.56 

621	0	 4	 0	Row	233	 10	58 	 2618 	 26.18 
621	0	 4	 0	Col	234	 9	194 	 2498 	 24.98 

622	0	 4	 0	Row	188	 4	114 	 1138 	 11.38 
622	0	 4	 0	Col	188	 4	73 	 1097 	 10.97 

623	0	 4	 0	Row	217	 4	183 	 1207 	 12.07 
623	0	 4	 0	Col	217	 4	145 	 1169 	 11.69 

624	0	 4	 0	Row	163	 4	34 	 1058 	 10.58 
624	0	 4	 0	Col	163	 4	10 	 1034 	 10.34 

625	0	 4	 0	Row	63	 3	128 	 896 	 8.96 
625	0	 4	 0	Col	63	 3	99 	 867 	 8.67 

626	0	 4	 0	Row	20	 4	55 	 1079 	 10.79 
626	0	 4	 0	Col	20	 4	28 	 1052 	 10.52 

627	0	 4	 0	Row	60	 0	82 	 82 	 0.82 

628	0	 4	 0	Row	32	 6	136 	 1672 	 16.72 
628	0	 4	 0	Col	33	 6	46 	 1582 	 15.82 

629	0	 4	 0	Row	44	 0	99 	 99 	 0.99 
629	0	 4	 0	Col	33	 0	48 	 48 	 0.48 

630	0	 4	 0	Row	128	 3	156 	 924 	 9.24 
630	0	 4	 0	Col	128	 3	123 	 891 	 8.91 

631	0	 4	 0	Row	50	 3	144 	 912 	 9.12 
631	0	 4	 0	Col	50	 3	109 	 877 	 8.77 

632	0	 4	 0	Row	93	 0	115 	 115 	 1.15 
632	0	 4	 0	Col	93	 0	69 	 69 	 0.69 

633	0	 4	 0	Row	52	 7	112 	 1904 	 19.04 
633	0	 4	 0	Col	52	 7	68 	 1860 	 18.6 

634	0	 4	 0	Row	206	 14	226 	 3810 	 38.1 
634	0	 4	 0	Col	206	 14	74 	 3658 	 36.58 

635	0	 4	 0	Row	182	 12	47 	 3119 	 31.19 
635	0	 4	 0	Col	182	 11	174 	 2990 	 29.9 

636	0	 4	 0	Row	19	 10	168 	 2728 	 27.28 
636	0	 4	 0	Col	19	 10	115 	 2675 	 26.75 

637	0	 4	 0	Row	238	 2	175 	 687 	 6.87 
637	0	 4	 0	Col	238	 2	140 	 652 	 6.52 

638	0	 4	 0	Row	182	 4	178 	 1202 	 12.02 
638	0	 4	 0	Col	182	 4	136 	 1160 	 11.6 

639	0	 4	 0	Row	8	 10	85 	 2645 	 26.45 
639	0	 4	 0	Col	8	 10	62 	 2622 	 26.22 

640	0	 4	 0	Row	231	 4	140 	 1164 	 11.64 
640	0	 4	 0	Col	231	 4	69 	 1093 	 10.93 

641	0	 4	 0	Row	228	 4	177 	 1201 	 12.01 
641	0	 4	 0	Col	228	 4	153 	 1177 	 11.77 

642	0	 4	 0	Row	189	 5	27 	 1307 	 13.07 
642	0	 4	 0	Col	189	 4	197 	 1221 	 12.21 

643	0	 4	 0	Row	18	 2	210 	 722 	 7.22 
643	0	 4	 0	Col	18	 2	182 	 694 	 6.94 

644	0	 4	 0	Row	248	 4	0 	 1024 	 10.24 
644	0	 4	 0	Col	248	 3	219 	 987 	 9.87 

645	0	 4	 0	Row	133	 1	59 	 315 	 3.15 
645	0	 4	 0	Col	133	 1	26 	 282 	 2.82 

646	0	 4	 0	Row	157	 2	51 	 563 	 5.63 
646	0	 4	 0	Col	157	 2	18 	 530 	 5.3 

647	0	 4	 0	Row	254	 0	76 	 76 	 0.76 

648	0	 4	 0	Row	62	 7	239 	 2031 	 20.31 
648	0	 4	 0	Col	62	 7	117 	 1909 	 19.09 

649	0	 4	 0	Row	166	 3	103 	 871 	 8.71 
649	0	 4	 0	Col	167	 2	193 	 705 	 7.05 

650	0	 4	 0	Row	59	 2	96 	 608 	 6.08 
650	0	 4	 0	Col	59	 2	69 	 581 	 5.81 

651	0	 4	 0	Row	84	 3	204 	 972 	 9.72 
651	0	 4	 0	Col	84	 3	166 	 934 	 9.34 

652	0	 4	 0	Row	61	 2	246 	 758 	 7.58 
652	0	 [0;31;40m2[0m	 54	Col	4	 0	61 	 61 	 0.61 
652	0	 [0;31;40m2[0m	 4	Row	61	 13	61 	 3389 	 33.89 

653	0	 4	 0	Row	8	 4	3 	 1027 	 10.27 
653	0	 4	 0	Col	8	 3	222 	 990 	 9.9 

654	0	 4	 0	Row	115	 0	156 	 156 	 1.56 

655	0	 4	 0	Row	64	 2	14 	 526 	 5.26 
655	0	 4	 0	Col	66	 1	142 	 398 	 3.98 

656	0	 4	 0	Row	99	 1	154 	 410 	 4.1 
656	0	 4	 0	Col	99	 1	114 	 370 	 3.7 

657	0	 4	 0	Row	133	 8	137 	 2185 	 21.85 
657	0	 4	 0	Col	133	 8	33 	 2081 	 20.81 

658	0	 4	 0	Row	176	 15	149 	 3989 	 39.89 
658	0	 4	 0	Col	176	 14	254 	 3838 	 38.38 

659	0	 4	 0	Row	44	 6	137 	 1673 	 16.73 
659	0	 4	 0	Col	45	 5	183 	 1463 	 14.63 

660	0	 4	 0	Row	46	 3	197 	 965 	 9.65 
660	0	 4	 0	Col	46	 3	152 	 920 	 9.2 

661	0	 4	 0	Row	45	 10	41 	 2601 	 26.01 
661	0	 4	 0	Col	45	 9	132 	 2436 	 24.36 

662	0	 4	 0	Row	178	 7	2 	 1794 	 17.94 
662	0	 4	 0	Col	218	 6	171 	 1707 	 17.07 

663	0	 4	 0	Row	239	 3	232 	 1000 	 10.0 
663	0	 4	 0	Col	240	 3	174 	 942 	 9.42 

664	0	 4	 0	Row	19	 10	245 	 2805 	 28.05 
664	0	 4	 0	Col	19	 10	130 	 2690 	 26.9 

665	0	 4	 0	Row	54	 3	200 	 968 	 9.68 
665	0	 4	 0	Col	54	 3	157 	 925 	 9.25 

666	0	 4	 0	Row	168	 3	188 	 956 	 9.56 
666	0	 4	 0	Col	168	 3	43 	 811 	 8.11 

667	0	 4	 0	Row	218	 10	104 	 2664 	 26.64 
667	0	 4	 0	Col	218	 10	29 	 2589 	 25.89 

668	0	 4	 0	Row	143	 4	243 	 1267 	 12.67 
668	0	 4	 0	Col	143	 4	166 	 1190 	 11.9 

669	0	 4	 0	Row	209	 1	134 	 390 	 3.9 
669	0	 4	 0	Col	209	 1	73 	 329 	 3.29 

670	0	 4	 0	Row	90	 3	193 	 961 	 9.61 
670	0	 4	 0	Col	90	 3	131 	 899 	 8.99 

671	0	 4	 0	Row	90	 0	19 	 19 	 0.19 

672	0	 4	 0	Row	126	 1	246 	 502 	 5.02 
672	0	 4	 0	Col	126	 1	217 	 473 	 4.73 

673	0	 4	 0	Row	0	 3	21 	 789 	 7.89 
673	0	 4	 0	Col	0	 2	233 	 745 	 7.45 

674	0	 4	 0	Row	167	 2	166 	 678 	 6.78 
674	0	 4	 0	Col	167	 2	13 	 525 	 5.25 

675	0	 4	 0	Row	230	 4	54 	 1078 	 10.78 
675	0	 4	 0	Col	230	 3	240 	 1008 	 10.08 

676	0	 4	 0	Row	179	 2	219 	 731 	 7.31 
676	0	 4	 0	Col	179	 2	196 	 708 	 7.08 

677	0	 4	 0	Row	254	 8	245 	 2293 	 22.93 
677	0	 4	 0	Col	254	 8	149 	 2197 	 21.97 

678	0	 4	 0	Row	170	 4	169 	 1193 	 11.93 
678	0	 4	 0	Col	170	 4	142 	 1166 	 11.66 

679	0	 4	 0	Row	170	 1	31 	 287 	 2.87 
679	0	 4	 0	Col	132	 0	226 	 226 	 2.26 

680	0	 4	 0	Row	8	 1	176 	 432 	 4.32 
680	0	 4	 0	Col	8	 1	14 	 270 	 2.7 

681	0	 4	 0	Row	179	 0	183 	 183 	 1.83 
681	0	 4	 0	Col	179	 0	158 	 158 	 1.58 

682	0	 4	 0	Row	158	 4	11 	 1035 	 10.35 
682	0	 4	 0	Col	159	 3	216 	 984 	 9.84 

683	0	 4	 0	Row	54	 3	43 	 811 	 8.11 
683	0	 4	 0	Col	54	 3	11 	 779 	 7.79 

684	0	 4	 0	Row	86	 4	112 	 1136 	 11.36 
684	0	 4	 0	Col	87	 3	206 	 974 	 9.74 

685	0	 4	 0	Row	236	 3	51 	 819 	 8.19 
685	0	 4	 0	Col	236	 3	8 	 776 	 7.76 

686	0	 4	 0	Row	193	 3	21 	 789 	 7.89 
686	0	 4	 0	Col	193	 2	233 	 745 	 7.45 

687	0	 4	 0	Row	16	 7	181 	 1973 	 19.73 
687	0	 4	 0	Col	16	 7	93 	 1885 	 18.85 

688	0	 4	 0	Row	7	 5	38 	 1318 	 13.18 
688	0	 4	 0	Col	7	 4	201 	 1225 	 12.25 

689	0	 4	 0	Row	27	 0	38 	 38 	 0.38 

690	0	 4	 0	Row	77	 3	129 	 897 	 8.97 
690	0	 4	 0	Col	77	 3	108 	 876 	 8.76 

691	0	 4	 0	Row	233	 8	71 	 2119 	 21.19 
691	0	 4	 0	Col	233	 7	250 	 2042 	 20.42 

692	0	 4	 0	Row	246	 3	17 	 785 	 7.85 
692	0	 4	 0	Col	247	 2	228 	 740 	 7.4 

693	0	 4	 0	Row	246	 1	222 	 478 	 4.78 
693	0	 4	 0	Col	118	 1	184 	 440 	 4.4 

694	0	 4	 0	Row	194	 7	129 	 1921 	 19.21 
694	0	 4	 0	Col	194	 7	100 	 1892 	 18.92 

695	0	 4	 0	Row	192	 6	216 	 1752 	 17.52 
695	0	 4	 0	Col	192	 6	148 	 1684 	 16.84 

696	0	 4	 0	Row	21	 11	198 	 3014 	 30.14 
696	0	 4	 0	Col	21	 11	65 	 2881 	 28.81 

697	0	 4	 0	Row	27	 1	200 	 456 	 4.56 
697	0	 4	 0	Col	28	 1	118 	 374 	 3.74 

698	0	 4	 0	Row	249	 5	95 	 1375 	 13.75 
698	0	 4	 0	Col	249	 5	69 	 1349 	 13.49 

699	0	 4	 0	Row	121	 7	154 	 1946 	 19.46 
699	0	 4	 0	Col	121	 7	89 	 1881 	 18.81 

700	0	 4	 0	Row	201	 6	125 	 1661 	 16.61 
700	0	 4	 0	Col	201	 6	52 	 1588 	 15.88 

701	0	 4	 0	Row	201	 0	17 	 17 	 0.17 

702	0	 4	 0	Row	82	 4	35 	 1059 	 10.59 
702	0	 4	 0	Col	83	 3	236 	 1004 	 10.04 

703	0	 4	 0	Row	218	 2	117 	 629 	 6.29 
703	0	 4	 0	Col	218	 2	95 	 607 	 6.07 

704	0	 4	 0	Row	26	 2	15 	 527 	 5.27 
704	0	 4	 0	Col	26	 1	225 	 481 	 4.81 

705	0	 4	 0	Row	125	 3	129 	 897 	 8.97 
705	0	 4	 0	Col	125	 3	96 	 864 	 8.64 

706	0	 4	 0	Row	135	 7	80 	 1872 	 18.72 
706	0	 4	 0	Col	135	 6	252 	 1788 	 17.88 

707	0	 4	 0	Row	124	 3	237 	 1005 	 10.05 
707	0	 4	 0	Col	124	 3	199 	 967 	 9.67 

708	0	 4	 0	Row	235	 3	136 	 904 	 9.04 
708	0	 4	 0	Col	236	 3	86 	 854 	 8.54 

709	0	 4	 0	Row	83	 7	132 	 1924 	 19.24 
709	0	 4	 0	Col	84	 7	75 	 1867 	 18.67 

710	0	 4	 0	Row	128	 8	142 	 2190 	 21.9 
710	0	 4	 0	Col	128	 8	36 	 2084 	 20.84 

711	0	 4	 0	Row	78	 8	31 	 2079 	 20.79 
711	0	 4	 0	Col	78	 7	205 	 1997 	 19.97 

712	0	 4	 0	Row	48	 10	9 	 2569 	 25.69 
712	0	 4	 0	Col	48	 9	176 	 2480 	 24.8 

713	0	 4	 0	Row	41	 12	149 	 3221 	 32.21 
713	0	 4	 0	Col	41	 12	120 	 3192 	 31.92 

714	0	 4	 0	Row	164	 10	22 	 2582 	 25.82 
714	0	 4	 0	Col	164	 9	197 	 2501 	 25.01 

715	0	 4	 0	Row	154	 5	57 	 1337 	 13.37 
715	0	 4	 0	Col	155	 4	253 	 1277 	 12.77 

716	0	 4	 0	Row	126	 3	67 	 835 	 8.35 
716	0	 4	 0	Col	126	 3	34 	 802 	 8.02 

717	0	 4	 0	Row	254	 8	75 	 2123 	 21.23 
717	0	 4	 0	Col	254	 8	20 	 2068 	 20.68 

718	0	 4	 0	Row	198	 2	63 	 575 	 5.75 
718	0	 4	 0	Col	198	 2	30 	 542 	 5.42 

719	0	 4	 0	Row	120	 3	222 	 990 	 9.9 
719	0	 4	 0	Col	120	 3	187 	 955 	 9.55 

720	0	 4	 0	Row	133	 3	12 	 780 	 7.8 
720	0	 4	 0	Col	133	 2	208 	 720 	 7.2 

721	0	 4	 0	Row	236	 1	181 	 437 	 4.37 
721	0	 4	 0	Col	236	 1	141 	 397 	 3.97 

722	0	 4	 0	Row	201	 9	204 	 2508 	 25.08 
722	0	 4	 0	Col	201	 9	148 	 2452 	 24.52 

723	0	 4	 0	Row	86	 0	173 	 173 	 1.73 

724	0	 4	 0	Row	53	 2	242 	 754 	 7.54 
724	0	 4	 0	Col	53	 2	211 	 723 	 7.23 

725	0	 4	 0	Row	142	 4	188 	 1212 	 12.12 
725	0	 4	 0	Col	142	 4	39 	 1063 	 10.63 

726	0	 4	 0	Row	129	 0	114 	 114 	 1.14 
726	0	 4	 0	Col	129	 0	37 	 37 	 0.37 

727	0	 4	 0	Row	231	 5	70 	 1350 	 13.5 
727	0	 4	 0	Col	231	 5	42 	 1322 	 13.22 

728	0	 4	 0	Row	191	 7	46 	 1838 	 18.38 
728	0	 4	 0	Col	191	 6	241 	 1777 	 17.77 

729	0	 4	 0	Row	146	 4	129 	 1153 	 11.53 
729	0	 4	 0	Col	146	 4	47 	 1071 	 10.71 

730	0	 4	 0	Row	176	 3	107 	 875 	 8.75 
730	0	 4	 0	Col	177	 3	66 	 834 	 8.34 

731	0	 4	 0	Row	91	 2	128 	 640 	 6.4 
731	0	 4	 0	Col	91	 2	89 	 601 	 6.01 

732	0	 4	 0	Row	39	 7	28 	 1820 	 18.2 
732	0	 4	 0	Col	40	 6	54 	 1590 	 15.9 

733	0	 4	 0	Row	234	 2	4 	 516 	 5.16 
733	0	 4	 0	Col	234	 1	232 	 488 	 4.88 

734	0	 4	 0	Row	30	 3	163 	 931 	 9.31 
734	0	 4	 0	Col	30	 3	141 	 909 	 9.09 

735	0	 4	 0	Row	135	 4	176 	 1200 	 12.0 
735	0	 4	 0	Col	98	 4	37 	 1061 	 10.61 

736	0	 4	 0	Row	11	 12	142 	 3214 	 32.14 
736	0	 4	 0	Col	11	 12	124 	 3196 	 31.96 

737	0	 4	 0	Row	37	 7	213 	 2005 	 20.05 
737	0	 4	 0	Col	39	 7	21 	 1813 	 18.13 

738	0	 4	 0	Row	2	 0	134 	 134 	 1.34 
738	0	 4	 0	Col	2	 0	83 	 83 	 0.83 

739	0	 4	 0	Row	76	 2	186 	 698 	 6.98 
739	0	 4	 0	Col	76	 2	156 	 668 	 6.68 

740	0	 4	 0	Row	49	 2	44 	 556 	 5.56 
740	0	 4	 0	Col	50	 1	244 	 500 	 5.0 

741	0	 4	 0	Row	12	 2	182 	 694 	 6.94 
741	0	 4	 0	Col	12	 2	80 	 592 	 5.92 

742	0	 4	 0	Row	6	 3	108 	 876 	 8.76 
742	0	 4	 0	Col	6	 3	3 	 771 	 7.71 

743	0	 4	 0	Row	249	 3	177 	 945 	 9.45 
743	0	 4	 0	Col	249	 3	94 	 862 	 8.62 

744	0	 4	 0	Row	4	 11	44 	 2860 	 28.6 
744	0	 4	 0	Col	4	 11	20 	 2836 	 28.36 

745	0	 4	 0	Row	132	 14	128 	 3712 	 37.12 
745	0	 4	 0	Col	132	 14	31 	 3615 	 36.15 

746	0	 4	 0	Row	98	 3	114 	 882 	 8.82 
746	0	 4	 0	Col	98	 3	87 	 855 	 8.55 

747	0	 4	 0	Row	127	 4	67 	 1091 	 10.91 
747	0	 4	 0	Col	127	 4	35 	 1059 	 10.59 

748	0	 4	 0	Row	73	 4	213 	 1237 	 12.37 
748	0	 4	 0	Col	67	 4	5 	 1029 	 10.29 

749	0	 4	 0	Row	53	 4	68 	 1092 	 10.92 
749	0	 4	 0	Col	53	 3	187 	 955 	 9.55 

750	0	 4	 0	Row	4	 11	62 	 2878 	 28.78 
750	0	 4	 0	Col	4	 11	26 	 2842 	 28.42 

751	0	 4	 0	Row	142	 7	52 	 1844 	 18.44 
751	0	 4	 0	Col	142	 6	221 	 1757 	 17.57 

752	0	 4	 0	Row	209	 2	126 	 638 	 6.38 
752	0	 4	 0	Col	209	 1	179 	 435 	 4.35 

753	0	 4	 0	Row	245	 3	168 	 936 	 9.36 
753	0	 4	 0	Col	245	 3	135 	 903 	 9.03 

754	0	 4	 0	Row	113	 5	16 	 1296 	 12.96 
754	0	 4	 0	Col	113	 4	231 	 1255 	 12.55 

755	0	 4	 0	Row	228	 2	233 	 745 	 7.45 
755	0	 4	 0	Col	228	 2	142 	 654 	 6.54 

756	0	 4	 0	Row	211	 9	190 	 2494 	 24.94 
756	0	 4	 0	Col	211	 8	182 	 2230 	 22.3 

757	0	 4	 0	Row	6	 3	173 	 941 	 9.41 
757	0	 4	 0	Col	6	 3	149 	 917 	 9.17 

758	0	 4	 0	Row	53	 1	121 	 377 	 3.77 
758	0	 4	 0	Col	54	 1	51 	 307 	 3.07 

759	0	 4	 0	Row	56	 1	40 	 296 	 2.96 
759	0	 4	 0	Col	56	 1	6 	 262 	 2.62 

760	0	 4	 0	Row	118	 3	175 	 943 	 9.43 
760	0	 4	 0	Col	118	 3	147 	 915 	 9.15 

761	0	 4	 0	Row	170	 4	114 	 1138 	 11.38 
761	0	 4	 0	Col	170	 3	177 	 945 	 9.45 

762	0	 4	 0	Row	219	 5	26 	 1306 	 13.06 
762	0	 4	 0	Col	219	 5	0 	 1280 	 12.8 

763	0	 4	 0	Row	22	 10	25 	 2585 	 25.85 
763	0	 4	 0	Col	22	 9	151 	 2455 	 24.55 

764	0	 4	 0	Row	229	 5	56 	 1336 	 13.36 
764	0	 4	 0	Col	229	 5	32 	 1312 	 13.12 

765	0	 4	 0	Row	8	 1	8 	 264 	 2.64 
765	0	 4	 0	Col	8	 0	99 	 99 	 0.99 

766	0	 4	 0	Row	164	 4	9 	 1033 	 10.33 
766	0	 4	 0	Col	164	 3	235 	 1003 	 10.03 

767	0	 4	 0	Row	153	 0	140 	 140 	 1.4 
767	0	 4	 0	Col	154	 0	48 	 48 	 0.48 

768	0	 4	 0	Row	247	 0	29 	 29 	 0.29 
768	0	 4	 0	Col	247	 15	236 	 4076 	 40.76 

769	0	 4	 0	Row	207	 8	199 	 2247 	 22.47 
769	0	 4	 0	Col	207	 8	131 	 2179 	 21.79 

770	0	 4	 0	Row	53	 7	205 	 1997 	 19.97 
770	0	 4	 0	Col	53	 7	149 	 1941 	 19.41 

771	0	 4	 0	Row	158	 5	77 	 1357 	 13.57 
771	0	 4	 0	Col	158	 5	52 	 1332 	 13.32 

772	0	 4	 0	Row	141	 4	45 	 1069 	 10.69 
772	0	 4	 0	Col	141	 4	8 	 1032 	 10.32 

773	0	 4	 0	Row	113	 5	73 	 1353 	 13.53 
773	0	 4	 0	Col	113	 5	41 	 1321 	 13.21 

774	0	 4	 0	Row	37	 3	12 	 780 	 7.8 
774	0	 4	 0	Col	37	 2	237 	 749 	 7.49 

775	0	 4	 0	Row	153	 7	93 	 1885 	 18.85 
775	0	 4	 0	Col	153	 7	61 	 1853 	 18.53 

776	0	 4	 0	Row	106	 4	34 	 1058 	 10.58 
776	0	 4	 0	Col	106	 3	174 	 942 	 9.42 

777	0	 4	 0	Row	134	 5	14 	 1294 	 12.94 
777	0	 4	 0	Col	134	 4	209 	 1233 	 12.33 

778	0	 4	 0	Row	61	 4	222 	 1246 	 12.46 
778	0	 4	 30	Col	4	 0	62 	 62 	 0.62 
778	0	 4	 59	Col	61	 13	61 	 3389 	 33.89 

779	0	 4	 0	Row	171	 2	214 	 726 	 7.26 
779	0	 4	 0	Col	253	 2	52 	 564 	 5.64 

780	0	 4	 0	Row	199	 1	101 	 357 	 3.57 
780	0	 4	 0	Col	199	 1	67 	 323 	 3.23 

781	0	 4	 0	Row	249	 9	233 	 2537 	 25.37 
781	0	 4	 0	Col	249	 9	150 	 2454 	 24.54 

782	0	 4	 0	Row	94	 8	44 	 2092 	 20.92 
782	0	 4	 0	Col	94	 7	219 	 2011 	 20.11 

783	0	 4	 0	Row	167	 3	22 	 790 	 7.9 
783	0	 4	 0	Col	168	 2	189 	 701 	 7.01 

784	0	 4	 0	Row	121	 1	89 	 345 	 3.45 
784	0	 4	 0	Col	121	 1	61 	 317 	 3.17 

785	0	 4	 0	Row	209	 1	210 	 466 	 4.66 
785	0	 4	 0	Col	209	 1	126 	 382 	 3.82 

786	0	 4	 0	Row	197	 3	214 	 982 	 9.82 
786	0	 4	 0	Col	199	 3	71 	 839 	 8.39 

787	0	 4	 0	Row	0	 4	177 	 1201 	 12.01 
787	0	 4	 0	Col	0	 4	119 	 1143 	 11.43 

788	0	 4	 0	Row	200	 4	114 	 1138 	 11.38 
788	0	 4	 0	Col	200	 4	73 	 1097 	 10.97 

789	0	 4	 0	Row	68	 3	99 	 867 	 8.67 
789	0	 4	 0	Col	68	 3	56 	 824 	 8.24 

790	0	 4	 0	Row	83	 1	202 	 458 	 4.58 
790	0	 4	 0	Col	83	 1	175 	 431 	 4.31 

791	0	 4	 0	Row	61	 3	65 	 833 	 8.33 
791	0	 [0;31;40m3[0m	 1	Row	4	 0	61 	 61 	 0.61 
791	0	 [0;31;40m3[0m	 24	Row	61	 13	61 	 3389 	 33.89 

792	0	 4	 0	Row	18	 0	196 	 196 	 1.96 

793	0	 4	 0	Row	40	 6	98 	 1634 	 16.34 
793	0	 4	 0	Col	40	 6	72 	 1608 	 16.08 

794	0	 4	 0	Row	111	 3	217 	 985 	 9.85 
794	0	 4	 0	Col	111	 3	183 	 951 	 9.51 

795	0	 4	 0	Row	184	 12	251 	 3323 	 33.23 
795	0	 4	 0	Col	184	 12	49 	 3121 	 31.21 

796	0	 4	 0	Row	242	 2	183 	 695 	 6.95 
796	0	 4	 0	Col	242	 2	149 	 661 	 6.61 

797	0	 4	 0	Row	219	 0	232 	 232 	 2.32 
797	0	 4	 0	Col	219	 0	178 	 178 	 1.78 

798	0	 4	 0	Row	145	 5	136 	 1416 	 14.16 
798	0	 4	 0	Col	145	 5	79 	 1359 	 13.59 

799	0	 4	 0	Row	239	 4	88 	 1112 	 11.12 
799	0	 4	 0	Col	239	 4	67 	 1091 	 10.91 

800	0	 4	 0	Row	214	 4	141 	 1165 	 11.65 
800	0	 4	 0	Col	214	 4	111 	 1135 	 11.35 

801	0	 4	 0	Row	24	 2	115 	 627 	 6.27 
801	0	 4	 0	Col	24	 2	66 	 578 	 5.78 

802	0	 4	 0	Row	253	 6	120 	 1656 	 16.56 
802	0	 4	 0	Col	253	 6	36 	 1572 	 15.72 

803	0	 4	 0	Row	38	 6	180 	 1716 	 17.16 
803	0	 4	 0	Col	38	 6	94 	 1630 	 16.3 

804	0	 4	 0	Row	137	 7	156 	 1948 	 19.48 
804	0	 4	 0	Col	137	 7	79 	 1871 	 18.71 

805	0	 4	 0	Row	27	 6	19 	 1555 	 15.55 
805	0	 4	 0	Col	27	 5	172 	 1452 	 14.52 

806	0	 4	 0	Row	27	 5	237 	 1517 	 15.17 
806	0	 4	 0	Col	4	 5	172 	 1452 	 14.52 

807	0	 4	 0	Row	253	 11	239 	 3055 	 30.55 
807	0	 4	 0	Col	253	 11	145 	 2961 	 29.61 

808	0	 4	 0	Row	111	 1	212 	 468 	 4.68 
808	0	 4	 0	Col	112	 1	117 	 373 	 3.73 

809	0	 4	 0	Row	156	 6	51 	 1587 	 15.87 
809	0	 4	 0	Col	156	 6	9 	 1545 	 15.45 

810	0	 4	 0	Row	125	 8	4 	 2052 	 20.52 
810	0	 4	 0	Col	126	 7	210 	 2002 	 20.02 

811	0	 4	 0	Row	72	 4	13 	 1037 	 10.37 
811	0	 4	 0	Col	72	 3	249 	 1017 	 10.17 

812	0	 4	 0	Row	181	 1	94 	 350 	 3.5 
812	0	 4	 0	Col	181	 1	56 	 312 	 3.12 

813	0	 4	 0	Row	26	 4	4 	 1028 	 10.28 
813	0	 4	 0	Col	26	 3	176 	 944 	 9.44 

814	0	 4	 0	Row	31	 5	212 	 1492 	 14.92 
814	0	 4	 0	Col	31	 5	156 	 1436 	 14.36 

815	0	 4	 0	Row	216	 12	131 	 3203 	 32.03 
815	0	 4	 0	Col	217	 12	69 	 3141 	 31.41 

816	0	 4	 0	Row	20	 6	17 	 1553 	 15.53 
816	0	 4	 0	Col	20	 5	245 	 1525 	 15.25 

817	0	 4	 0	Row	36	 6	197 	 1733 	 17.33 
817	0	 4	 0	Col	36	 6	172 	 1708 	 17.08 

818	0	 4	 0	Row	76	 8	16 	 2064 	 20.64 
818	0	 4	 0	Col	76	 7	186 	 1978 	 19.78 

819	0	 4	 0	Row	223	 8	246 	 2294 	 22.94 
819	0	 4	 0	Col	223	 8	145 	 2193 	 21.93 

820	0	 4	 0	Row	252	 7	174 	 1966 	 19.66 
820	0	 4	 0	Col	252	 7	80 	 1872 	 18.72 

821	0	 4	 0	Row	85	 12	186 	 3258 	 32.58 
821	0	 4	 0	Col	86	 12	41 	 3113 	 31.13 

822	0	 4	 0	Row	173	 4	19 	 1043 	 10.43 
822	0	 4	 0	Col	174	 3	178 	 946 	 9.46 

823	0	 4	 0	Row	139	 6	57 	 1593 	 15.93 
823	0	 4	 0	Col	139	 5	207 	 1487 	 14.87 

824	0	 4	 0	Row	167	 4	8 	 1032 	 10.32 
824	0	 4	 0	Col	167	 3	210 	 978 	 9.78 

825	0	 4	 0	Row	130	 3	13 	 781 	 7.81 
825	0	 4	 0	Col	130	 2	245 	 757 	 7.57 

826	0	 4	 0	Row	175	 0	50 	 50 	 0.5 

827	0	 4	 0	Row	144	 5	212 	 1492 	 14.92 
827	0	 4	 0	Col	144	 5	107 	 1387 	 13.87 

828	0	 4	 0	Row	13	 3	194 	 962 	 9.62 
828	0	 4	 0	Col	13	 3	166 	 934 	 9.34 

829	0	 4	 0	Row	218	 4	129 	 1153 	 11.53 
829	0	 4	 0	Col	219	 4	102 	 1126 	 11.26 

830	0	 4	 0	Row	192	 1	24 	 280 	 2.8 
830	0	 4	 0	Col	2	 0	143 	 143 	 1.43 

831	0	 4	 0	Row	118	 9	29 	 2333 	 23.33 
831	0	 4	 0	Col	118	 8	209 	 2257 	 22.57 

832	0	 4	 0	Row	68	 8	174 	 2222 	 22.22 
832	0	 4	 0	Col	52	 8	47 	 2095 	 20.95 

833	0	 4	 0	Row	163	 2	136 	 648 	 6.48 
833	0	 4	 0	Col	164	 2	79 	 591 	 5.91 

834	0	 4	 0	Row	90	 4	41 	 1065 	 10.65 
834	0	 4	 0	Col	90	 3	242 	 1010 	 10.1 

835	0	 4	 0	Row	247	 2	208 	 720 	 7.2 
835	0	 4	 0	Col	247	 2	163 	 675 	 6.75 

836	0	 4	 0	Row	204	 7	104 	 1896 	 18.96 
836	0	 4	 0	Col	204	 7	57 	 1849 	 18.49 

837	0	 4	 0	Row	121	 5	209 	 1489 	 14.89 
837	0	 4	 0	Col	122	 5	136 	 1416 	 14.16 

838	0	 4	 0	Row	127	 10	143 	 2703 	 27.03 
838	0	 4	 0	Col	127	 9	240 	 2544 	 25.44 

839	0	 4	 0	Row	248	 3	226 	 994 	 9.94 
839	0	 4	 0	Col	248	 3	41 	 809 	 8.09 

840	0	 4	 0	Row	152	 4	192 	 1216 	 12.16 
840	0	 4	 0	Col	152	 4	169 	 1193 	 11.93 

841	0	 4	 0	Row	154	 6	137 	 1673 	 16.73 
841	0	 4	 0	Col	155	 6	68 	 1604 	 16.04 

842	0	 4	 0	Row	143	 7	163 	 1955 	 19.55 
842	0	 4	 0	Col	143	 7	113 	 1905 	 19.05 

843	0	 4	 0	Row	2	 0	30 	 30 	 0.3 

844	0	 4	 0	Row	109	 4	69 	 1093 	 10.93 
844	0	 4	 0	Col	110	 4	32 	 1056 	 10.56 

845	0	 4	 0	Row	202	 7	220 	 2012 	 20.12 
845	0	 4	 0	Col	202	 7	130 	 1922 	 19.22 

846	0	 4	 0	Row	84	 8	110 	 2158 	 21.58 
846	0	 4	 0	Col	85	 8	0 	 2048 	 20.48 

847	0	 4	 0	Row	26	 7	90 	 1882 	 18.82 
847	0	 4	 0	Col	26	 6	248 	 1784 	 17.84 

848	0	 4	 0	Row	112	 3	155 	 923 	 9.23 
848	0	 4	 0	Col	112	 3	112 	 880 	 8.8 

849	0	 4	 0	Row	134	 5	105 	 1385 	 13.85 
849	0	 4	 0	Col	134	 4	236 	 1260 	 12.6 

850	0	 4	 0	Row	42	 6	60 	 1596 	 15.96 
850	0	 4	 0	Col	43	 6	19 	 1555 	 15.55 

851	0	 4	 0	Row	134	 6	230 	 1766 	 17.66 
851	0	 4	 0	Col	135	 6	122 	 1658 	 16.58 

852	0	 4	 0	Row	154	 3	215 	 983 	 9.83 
852	0	 4	 0	Col	154	 3	176 	 944 	 9.44 

853	0	 4	 0	Row	176	 5	53 	 1333 	 13.33 
853	0	 4	 0	Col	176	 4	199 	 1223 	 12.23 

854	0	 4	 0	Row	89	 5	177 	 1457 	 14.57 
854	0	 4	 0	Col	90	 5	44 	 1324 	 13.24 

855	0	 4	 0	Row	65	 6	187 	 1723 	 17.23 
855	0	 4	 0	Col	65	 6	117 	 1653 	 16.53 

856	0	 4	 0	Row	142	 3	17 	 785 	 7.85 
856	0	 4	 0	Col	181	 2	195 	 707 	 7.07 

857	0	 4	 0	Row	64	 1	78 	 334 	 3.34 
857	0	 4	 0	Col	64	 1	43 	 299 	 2.99 

858	0	 4	 0	Row	196	 4	186 	 1210 	 12.1 
858	0	 4	 0	Col	196	 4	153 	 1177 	 11.77 

859	0	 4	 0	Row	139	 3	128 	 896 	 8.96 
859	0	 4	 0	Col	139	 3	98 	 866 	 8.66 

860	0	 4	 0	Row	130	 6	78 	 1614 	 16.14 
860	0	 4	 0	Col	131	 5	202 	 1482 	 14.82 

861	0	 4	 0	Row	65	 3	193 	 961 	 9.61 
861	0	 4	 0	Col	131	 3	161 	 929 	 9.29 

862	0	 4	 0	Row	254	 12	125 	 3197 	 31.97 
862	0	 4	 0	Col	254	 12	88 	 3160 	 31.6 

863	0	 4	 0	Row	79	 6	30 	 1566 	 15.66 
863	0	 4	 0	Col	79	 5	193 	 1473 	 14.73 

864	0	 4	 0	Row	242	 2	161 	 673 	 6.73 
864	0	 4	 0	Col	242	 2	120 	 632 	 6.32 

865	0	 4	 0	Row	66	 11	188 	 3004 	 30.04 
865	0	 4	 0	Col	66	 10	167 	 2727 	 27.27 

866	0	 4	 0	Row	46	 2	16 	 528 	 5.28 
866	0	 4	 0	Col	46	 1	240 	 496 	 4.96 

867	0	 4	 0	Row	210	 8	26 	 2074 	 20.74 
867	0	 4	 0	Col	210	 7	65 	 1857 	 18.57 

868	0	 4	 0	Row	25	 10	73 	 2633 	 26.33 
868	0	 4	 0	Col	25	 9	198 	 2502 	 25.02 

869	0	 4	 0	Row	232	 9	26 	 2330 	 23.3 
869	0	 4	 0	Col	232	 8	223 	 2271 	 22.71 

870	0	 4	 0	Row	163	 4	47 	 1071 	 10.71 
870	0	 4	 0	Col	163	 3	241 	 1009 	 10.09 
870	0	 4	 0	Row	120	 3	60 	 828 	 8.28 
870	0	 4	 0	Col	120	 2	203 	 715 	 7.15 

871	0	 4	 0	Row	183	 2	242 	 754 	 7.54 
871	0	 4	 0	Col	183	 2	210 	 722 	 7.22 

872	0	 4	 0	Row	105	 5	130 	 1410 	 14.1 
872	0	 4	 0	Col	106	 4	154 	 1178 	 11.78 

873	0	 4	 0	Row	121	 5	163 	 1443 	 14.43 
873	0	 4	 0	Col	121	 4	254 	 1278 	 12.78 

874	0	 4	 0	Row	201	 4	109 	 1133 	 11.33 
874	0	 4	 0	Col	201	 4	49 	 1073 	 10.73 

875	0	 4	 0	Row	56	 11	54 	 2870 	 28.7 
875	0	 4	 0	Col	56	 10	202 	 2762 	 27.62 

876	0	 4	 0	Row	195	 9	232 	 2536 	 25.36 
876	0	 4	 0	Col	195	 9	94 	 2398 	 23.98 

877	0	 4	 0	Row	242	 4	132 	 1156 	 11.56 
877	0	 4	 0	Col	242	 4	50 	 1074 	 10.74 

878	0	 4	 0	Row	142	 4	34 	 1058 	 10.58 
878	0	 4	 0	Col	143	 3	244 	 1012 	 10.12 

879	0	 4	 0	Row	24	 2	152 	 664 	 6.64 
879	0	 4	 0	Col	24	 2	100 	 612 	 6.12 

880	0	 4	 0	Row	85	 4	130 	 1154 	 11.54 
880	0	 4	 0	Col	86	 4	44 	 1068 	 10.68 

881	0	 4	 0	Row	74	 1	13 	 269 	 2.69 
881	0	 4	 0	Col	75	 0	78 	 78 	 0.78 

882	0	 4	 0	Row	248	 4	168 	 1192 	 11.92 
882	0	 4	 0	Col	249	 4	141 	 1165 	 11.65 

883	0	 4	 0	Row	209	 7	200 	 1992 	 19.92 
883	0	 4	 0	Col	209	 7	139 	 1931 	 19.31 

884	0	 4	 0	Row	65	 5	9 	 1289 	 12.89 
884	0	 4	 0	Col	65	 4	225 	 1249 	 12.49 

885	0	 4	 0	Row	140	 4	48 	 1072 	 10.72 
885	0	 4	 0	Col	140	 4	17 	 1041 	 10.41 

886	0	 4	 0	Row	126	 6	46 	 1582 	 15.82 
886	0	 4	 0	Col	126	 5	222 	 1502 	 15.02 

887	0	 4	 0	Row	243	 0	174 	 174 	 1.74 

888	0	 4	 0	Row	78	 4	253 	 1277 	 12.77 
888	0	 4	 0	Col	78	 4	214 	 1238 	 12.38 

889	0	 4	 0	Row	169	 2	41 	 553 	 5.53 
889	0	 4	 0	Col	170	 1	246 	 502 	 5.02 

890	0	 4	 0	Row	105	 12	10 	 3082 	 30.82 
890	0	 4	 0	Col	106	 11	136 	 2952 	 29.52 

891	0	 4	 0	Row	150	 2	148 	 660 	 6.6 
891	0	 4	 0	Col	150	 2	117 	 629 	 6.29 

892	0	 4	 0	Row	120	 6	3 	 1539 	 15.39 
892	0	 4	 0	Col	120	 5	185 	 1465 	 14.65 

893	0	 4	 0	Row	112	 5	175 	 1455 	 14.55 
893	0	 4	 0	Col	114	 4	221 	 1245 	 12.45 

894	0	 4	 0	Row	231	 2	254 	 766 	 7.66 
894	0	 4	 0	Col	233	 1	186 	 442 	 4.42 

895	0	 4	 0	Row	188	 3	212 	 980 	 9.8 
895	0	 4	 0	Col	188	 3	178 	 946 	 9.46 

896	0	 4	 0	Row	188	 3	103 	 871 	 8.71 
896	0	 4	 0	Col	146	 3	44 	 812 	 8.12 

897	0	 4	 0	Row	153	 2	70 	 582 	 5.82 
897	0	 4	 0	Col	156	 1	114 	 370 	 3.7 

898	0	 4	 0	Row	87	 8	215 	 2263 	 22.63 
898	0	 4	 0	Col	126	 8	66 	 2114 	 21.14 

899	0	 4	 0	Row	98	 0	118 	 118 	 1.18 
899	0	 4	 0	Col	126	 0	30 	 30 	 0.3 

900	0	 4	 0	Row	232	 4	210 	 1234 	 12.34 
900	0	 4	 0	Col	232	 4	131 	 1155 	 11.55 

901	0	 4	 0	Row	139	 10	190 	 2750 	 27.5 
901	0	 4	 0	Col	139	 10	68 	 2628 	 26.28 

902	0	 4	 0	Row	139	 6	113 	 1649 	 16.49 
902	0	 4	 0	Col	139	 6	54 	 1590 	 15.9 

903	0	 4	 0	Row	97	 14	139 	 3723 	 37.23 
903	0	 4	 0	Col	97	 13	196 	 3524 	 35.24 

904	0	 4	 0	Row	255	 0	215 	 215 	 2.15 
904	0	 4	 0	Col	0	 0	108 	 108 	 1.08 

905	0	 4	 0	Row	11	 5	216 	 1496 	 14.96 
905	0	 4	 0	Col	12	 5	127 	 1407 	 14.07 

906	0	 4	 0	Row	133	 7	235 	 2027 	 20.27 
906	0	 4	 0	Col	133	 7	94 	 1886 	 18.86 

907	0	 4	 0	Row	27	 2	158 	 670 	 6.7 
907	0	 4	 0	Col	27	 2	88 	 600 	 6.0 

908	0	 4	 0	Row	119	 7	183 	 1975 	 19.75 
908	0	 4	 0	Col	119	 7	93 	 1885 	 18.85 

909	0	 4	 0	Row	147	 10	208 	 2768 	 27.68 
909	0	 4	 0	Col	148	 10	116 	 2676 	 26.76 

910	0	 4	 0	Row	207	 4	169 	 1193 	 11.93 
910	0	 4	 0	Col	207	 4	3 	 1027 	 10.27 

911	0	 4	 0	Row	107	 2	175 	 687 	 6.87 
911	0	 4	 0	Col	107	 2	128 	 640 	 6.4 

912	0	 4	 0	Row	90	 3	179 	 947 	 9.47 
912	0	 4	 0	Col	90	 3	151 	 919 	 9.19 

913	0	 4	 0	Row	164	 8	16 	 2064 	 20.64 
913	0	 4	 0	Col	164	 7	220 	 2012 	 20.12 

914	0	 4	 0	Row	239	 0	94 	 94 	 0.94 

915	0	 4	 0	Row	113	 7	39 	 1831 	 18.31 
915	0	 4	 0	Col	113	 6	213 	 1749 	 17.49 

916	0	 4	 0	Row	154	 2	139 	 651 	 6.51 
916	0	 4	 0	Col	154	 2	106 	 618 	 6.18 

917	0	 4	 0	Row	194	 2	3 	 515 	 5.15 
917	0	 4	 0	Col	194	 1	230 	 486 	 4.86 

918	0	 4	 0	Row	70	 7	1 	 1793 	 17.93 
918	0	 4	 0	Col	70	 6	104 	 1640 	 16.4 

919	0	 4	 0	Row	70	 0	53 	 53 	 0.53 

920	0	 4	 0	Row	169	 7	239 	 2031 	 20.31 
920	0	 4	 0	Col	169	 6	137 	 1673 	 16.73 

921	0	 4	 0	Row	61	 3	127 	 895 	 8.95 
921	0	 [0;31;40m3[0m	 63	Row	4	 0	61 	 61 	 0.61 
921	0	 [0;31;40m3[0m	 53	Row	61	 13	61 	 3389 	 33.89 

922	0	 4	 0	Row	93	 6	65 	 1601 	 16.01 
922	0	 4	 0	Col	94	 6	37 	 1573 	 15.73 

923	0	 4	 0	Row	43	 4	165 	 1189 	 11.89 
923	0	 4	 0	Col	43	 3	233 	 1001 	 10.01 

924	0	 4	 0	Row	45	 2	85 	 597 	 5.97 
924	0	 4	 0	Col	45	 2	41 	 553 	 5.53 

925	0	 4	 0	Row	45	 5	12 	 1292 	 12.92 
925	0	 4	 0	Col	45	 4	224 	 1248 	 12.48 

926	0	 4	 0	Row	2	 15	80 	 3920 	 39.2 
926	0	 4	 0	Col	3	 14	233 	 3817 	 38.17 

927	0	 4	 0	Row	88	 3	187 	 955 	 9.55 
927	0	 4	 0	Col	88	 3	163 	 931 	 9.31 

928	0	 4	 0	Row	244	 0	82 	 82 	 0.82 

929	0	 4	 0	Row	33	 7	85 	 1877 	 18.77 
929	0	 4	 0	Col	34	 7	3 	 1795 	 17.95 

930	0	 4	 0	Row	158	 0	206 	 206 	 2.06 
930	0	 4	 0	Col	158	 0	144 	 144 	 1.44 

931	0	 4	 0	Row	22	 11	6 	 2822 	 28.22 
931	0	 4	 0	Col	22	 10	93 	 2653 	 26.53 

932	0	 4	 0	Row	184	 3	131 	 899 	 8.99 
932	0	 4	 0	Col	184	 3	112 	 880 	 8.8 

933	0	 4	 0	Row	183	 2	152 	 664 	 6.64 
933	0	 4	 0	Col	183	 2	128 	 640 	 6.4 

934	0	 4	 0	Row	37	 7	84 	 1876 	 18.76 
934	0	 4	 0	Col	38	 6	177 	 1713 	 17.13 

935	0	 4	 0	Row	14	 7	47 	 1839 	 18.39 
935	0	 4	 0	Col	15	 7	15 	 1807 	 18.07 

936	0	 4	 0	Row	28	 7	32 	 1824 	 18.24 
936	0	 4	 0	Col	30	 6	79 	 1615 	 16.15 

937	0	 4	 0	Row	38	 4	253 	 1277 	 12.77 
937	0	 4	 0	Col	38	 4	199 	 1223 	 12.23 

938	0	 4	 0	Row	205	 8	134 	 2182 	 21.82 
938	0	 4	 0	Col	205	 8	62 	 2110 	 21.1 

939	0	 4	 0	Row	226	 6	3 	 1539 	 15.39 
939	0	 4	 0	Col	226	 5	205 	 1485 	 14.85 

940	0	 4	 0	Row	176	 7	72 	 1864 	 18.64 
940	0	 4	 0	Col	176	 7	15 	 1807 	 18.07 

941	0	 4	 0	Row	236	 6	235 	 1771 	 17.71 
941	0	 4	 0	Col	236	 6	88 	 1624 	 16.24 

942	0	 4	 0	Row	236	 3	50 	 818 	 8.18 
942	0	 4	 0	Col	197	 3	24 	 792 	 7.92 

943	0	 4	 0	Row	250	 8	197 	 2245 	 22.45 
943	0	 4	 0	Col	250	 8	139 	 2187 	 21.87 

944	0	 4	 0	Row	77	 5	213 	 1493 	 14.93 
944	0	 4	 0	Col	77	 5	147 	 1427 	 14.27 

945	0	 4	 0	Row	180	 2	136 	 648 	 6.48 
945	0	 4	 0	Col	180	 2	104 	 616 	 6.16 

946	0	 4	 0	Row	78	 7	187 	 1979 	 19.79 
946	0	 4	 0	Col	78	 7	47 	 1839 	 18.39 

947	0	 4	 0	Row	51	 3	12 	 780 	 7.8 
947	0	 4	 0	Col	51	 2	229 	 741 	 7.41 

948	0	 4	 0	Row	240	 1	165 	 421 	 4.21 
948	0	 4	 0	Col	241	 1	55 	 311 	 3.11 

949	0	 4	 0	Row	5	 12	38 	 3110 	 31.1 
949	0	 4	 0	Col	5	 11	148 	 2964 	 29.64 

950	0	 4	 0	Row	108	 0	222 	 222 	 2.22 
950	0	 4	 0	Col	108	 0	15 	 15 	 0.15 

951	0	 4	 0	Row	126	 5	146 	 1426 	 14.26 
951	0	 4	 0	Col	126	 5	99 	 1379 	 13.79 

952	0	 4	 0	Row	212	 1	237 	 493 	 4.93 
952	0	 4	 0	Col	212	 1	206 	 462 	 4.62 

953	0	 4	 0	Row	78	 4	126 	 1150 	 11.5 
953	0	 4	 0	Col	78	 4	70 	 1094 	 10.94 

954	0	 4	 0	Row	54	 8	44 	 2092 	 20.92 
954	0	 4	 0	Col	55	 7	241 	 2033 	 20.33 

955	0	 4	 0	Row	61	 1	242 	 498 	 4.98 
955	0	 [0;31;40m1[0m	 50	Col	4	 0	61 	 61 	 0.61 
955	0	 [0;31;40m1[0m	 16	Col	61	 13	61 	 3389 	 33.89 

956	0	 4	 0	Row	88	 12	223 	 3295 	 32.95 
956	0	 4	 0	Col	88	 12	85 	 3157 	 31.57 

957	0	 4	 0	Row	186	 6	113 	 1649 	 16.49 
957	0	 4	 0	Col	186	 5	249 	 1529 	 15.29 

958	0	 4	 0	Row	170	 3	106 	 874 	 8.74 
958	0	 4	 0	Col	170	 3	35 	 803 	 8.03 

959	0	 4	 0	Row	110	 7	56 	 1848 	 18.48 
959	0	 4	 0	Col	110	 6	88 	 1624 	 16.24 

960	0	 4	 0	Row	128	 4	79 	 1103 	 11.03 
960	0	 4	 0	Col	128	 4	46 	 1070 	 10.7 

961	0	 4	 0	Row	128	 0	51 	 51 	 0.51 

962	0	 4	 0	Row	178	 4	99 	 1123 	 11.23 
962	0	 4	 0	Col	178	 3	232 	 1000 	 10.0 

963	0	 4	 0	Row	96	 5	48 	 1328 	 13.28 
963	0	 4	 0	Col	97	 5	24 	 1304 	 13.04 

964	0	 4	 0	Row	101	 3	143 	 911 	 9.11 
964	0	 4	 0	Col	101	 3	114 	 882 	 8.82 

965	0	 4	 0	Row	75	 6	144 	 1680 	 16.8 
965	0	 4	 0	Col	75	 6	63 	 1599 	 15.99 

966	0	 4	 0	Row	245	 4	174 	 1198 	 11.98 
966	0	 4	 0	Col	245	 4	131 	 1155 	 11.55 

967	0	 4	 0	Row	161	 1	156 	 412 	 4.12 
967	0	 4	 0	Col	161	 1	133 	 389 	 3.89 

968	0	 4	 0	Row	161	 0	23 	 23 	 0.23 

969	0	 4	 0	Row	23	 2	55 	 567 	 5.67 
969	0	 4	 0	Col	24	 1	160 	 416 	 4.16 

970	0	 4	 0	Row	81	 2	24 	 536 	 5.36 
970	0	 4	 0	Col	81	 0	254 	 254 	 2.54 

971	0	 4	 0	Row	37	 14	215 	 3799 	 37.99 
971	0	 4	 0	Col	37	 14	28 	 3612 	 36.12 

972	0	 4	 0	Row	198	 7	178 	 1970 	 19.7 
972	0	 4	 0	Col	199	 7	63 	 1855 	 18.55 

973	0	 4	 0	Row	109	 5	72 	 1352 	 13.52 
973	0	 4	 0	Col	112	 4	197 	 1221 	 12.21 

974	0	 4	 0	Row	189	 8	140 	 2188 	 21.88 
974	0	 4	 0	Col	190	 7	252 	 2044 	 20.44 

975	0	 4	 0	Row	136	 4	45 	 1069 	 10.69 
975	0	 4	 0	Col	136	 3	254 	 1022 	 10.22 

976	0	 4	 0	Row	145	 0	135 	 135 	 1.35 
976	0	 4	 0	Col	145	 15	244 	 4084 	 40.84 

977	0	 4	 0	Row	3	 1	250 	 506 	 5.06 
977	0	 4	 0	Col	3	 1	161 	 417 	 4.17 

978	0	 4	 0	Row	120	 9	115 	 2419 	 24.19 
978	0	 4	 0	Col	120	 9	46 	 2350 	 23.5 

979	0	 4	 0	Row	120	 0	58 	 58 	 0.58 

980	0	 4	 0	Row	222	 0	151 	 151 	 1.51 
980	0	 4	 0	Col	222	 0	110 	 110 	 1.1 

981	0	 4	 0	Row	112	 2	205 	 717 	 7.17 
981	0	 4	 0	Col	119	 2	142 	 654 	 6.54 

982	0	 4	 0	Row	53	 6	128 	 1664 	 16.64 
982	0	 4	 0	Col	53	 6	83 	 1619 	 16.19 

983	0	 4	 0	Row	3	 15	219 	 4059 	 40.59 
983	0	 4	 0	Col	3	 15	119 	 3959 	 39.59 

984	0	 4	 0	Row	84	 0	173 	 173 	 1.73 
984	0	 4	 0	Col	84	 0	132 	 132 	 1.32 

985	0	 4	 0	Row	229	 2	100 	 612 	 6.12 
985	0	 4	 0	Col	230	 2	9 	 521 	 5.21 

986	0	 4	 0	Row	29	 7	47 	 1839 	 18.39 
986	0	 4	 0	Col	29	 6	129 	 1665 	 16.65 

987	0	 4	 0	Row	132	 7	224 	 2016 	 20.16 
987	0	 4	 0	Col	132	 7	140 	 1932 	 19.32 

988	0	 4	 0	Row	2	 4	178 	 1202 	 12.02 
988	0	 4	 0	Col	2	 4	150 	 1174 	 11.74 

989	0	 4	 0	Row	173	 3	187 	 955 	 9.55 
989	0	 4	 0	Col	174	 3	162 	 930 	 9.3 

990	0	 4	 0	Row	77	 5	171 	 1451 	 14.51 
990	0	 4	 0	Col	78	 5	127 	 1407 	 14.07 

991	0	 4	 0	Row	86	 5	20 	 1300 	 13.0 
991	0	 4	 0	Col	86	 4	172 	 1196 	 11.96 

992	0	 4	 0	Row	121	 4	228 	 1252 	 12.52 
992	0	 4	 0	Col	121	 4	196 	 1220 	 12.2 

993	0	 4	 0	Row	146	 3	8 	 776 	 7.76 
993	0	 4	 0	Col	146	 2	220 	 732 	 7.32 

994	0	 4	 0	Row	203	 4	217 	 1241 	 12.41 
994	0	 4	 0	Col	204	 3	202 	 970 	 9.7 

995	0	 4	 0	Row	126	 10	186 	 2746 	 27.46 
995	0	 4	 0	Col	126	 10	104 	 2664 	 26.64 

996	0	 4	 0	Row	118	 6	48 	 1584 	 15.84 
996	0	 4	 0	Col	119	 5	187 	 1467 	 14.67 

997	0	 4	 0	Row	89	 8	191 	 2239 	 22.39 
997	0	 4	 0	Col	90	 8	1 	 2049 	 20.49 

998	0	 4	 0	Row	191	 5	249 	 1529 	 15.29 
998	0	 4	 0	Col	191	 5	225 	 1505 	 15.05 

999	0	 4	 0	Row	82	 13	73 	 3401 	 34.01 
999	0	 4	 0	Col	82	 12	218 	 3290 	 32.9 

1000	0	 4	 0	Row	211	 11	229 	 3045 	 30.45 
1000	0	 4	 0	Col	211	 11	53 	 2869 	 28.69 

1001	0	 4	 0	Row	192	 3	61 	 829 	 8.29 
1001	0	 4	 0	Col	192	 3	34 	 802 	 8.02 

1002	0	 4	 0	Row	195	 2	252 	 764 	 7.64 
1002	0	 4	 0	Col	195	 2	205 	 717 	 7.17 

1003	0	 4	 0	Row	60	 2	124 	 636 	 6.36 
1003	0	 4	 0	Col	60	 2	57 	 569 	 5.69 

1004	0	 4	 0	Row	46	 11	22 	 2838 	 28.38 
1004	0	 4	 0	Col	46	 10	161 	 2721 	 27.21 

1005	0	 4	 0	Row	20	 3	103 	 871 	 8.71 
1005	0	 4	 0	Col	21	 2	237 	 749 	 7.49 

1006	0	 4	 0	Row	145	 3	153 	 921 	 9.21 
1006	0	 4	 0	Col	145	 3	94 	 862 	 8.62 

1007	0	 4	 0	Row	130	 2	167 	 679 	 6.79 
1007	0	 4	 0	Col	130	 2	140 	 652 	 6.52 

1008	0	 4	 0	Row	62	 7	100 	 1892 	 18.92 
1008	0	 4	 0	Col	62	 7	55 	 1847 	 18.47 

