Voltageboard settings: [1.035, 1, 0, 0, 1, 1.1, 0, 0]
Digital: {'interrupt_pushpull': 1, 'En_Inj1': 0, 'En_Inj2': 0, 'En_Inj3': 0, 'En_Inj4': 0, 'En_Inj5': 0, 'En_Inj6': 0, 'En_Inj7': 0, 'En_Inj8': 0, 'En_Inj9': 0, 'En_Inj10': 0, 'En_Inj11': 0, 'En_Inj12': 0, 'En_Inj13': 0, 'En_Inj14': 0, 'En_Inj15': 0, 'En_Inj16': 0, 'En_Inj17': 0, 'En_Inj18': 0, 'ResetB': 0, 'Extrabit0': 1, 'Extrabit1': 1, 'Extrabit2': 1, 'Extrabit3': 1, 'Extrabit4': 1, 'Extrabit5': 1, 'Extrabit6': 1, 'Extrabit7': 1, 'Extrabit8': 0, 'Extrabit9': 0, 'Extrabit10': 0, 'Extrabit11': 0, 'Extrabit12': 0, 'Extrabit13': 0, 'Extrabit14': 0}
Biasblock: {'DisHiDR': 0, 'q01': 0, 'qon0': 0, 'qon1': 1, 'qon2': 0, 'qon3': 1}
DAC: {'blres': 0, 'nu1': 0, 'vn1': 20, 'vnfb': 1, 'vnfoll': 10, 'nu5': 0, 'nu6': 0, 'nu7': 0, 'nu8': 0, 'vn2': 0, 'vnfoll2': 1, 'vnbias': 0, 'vpload': 5, 'nu13': 0, 'vncomp': 2, 'vpfoll': 60, 'nu16': 0, 'vprec': 30, 'vnrec': 30}
Receiver: {'ColConfig0': 274877906940, 'ColConfig1': 68719476734, 'ColConfig2': 68719476734, 'ColConfig3': 68719476734, 'ColConfig4': 68719476734, 'ColConfig5': 68719476734, 'ColConfig6': 68719476734, 'ColConfig7': 68719476734, 'ColConfig8': 68719476734, 'ColConfig9': 68719476734, 'ColConfig10': 68719476734, 'ColConfig11': 68719476734, 'ColConfig12': 68719476734, 'ColConfig13': 68719476734, 'ColConfig14': 68719476734, 'ColConfig15': 68719476734, 'ColConfig16': 68719476734, 'ColConfig17': 68719476734, 'ColConfig18': 68719476734, 'ColConfig19': 68719476734, 'ColConfig20': 68719476734, 'ColConfig21': 68719476734, 'ColConfig22': 68719476734, 'ColConfig23': 68719476734, 'ColConfig24': 68719476734, 'ColConfig25': 68719476734, 'ColConfig26': 68719476734, 'ColConfig27': 68719476734, 'ColConfig28': 68719476734, 'ColConfig29': 68719476734, 'ColConfig30': 68719476734, 'ColConfig31': 68719476734, 'ColConfig32': 68719476734, 'ColConfig33': 68719476734, 'ColConfig34': 68719476734}

NEvent	ChipId	Payload	Locatn	Row/Col	tStamp	MSB	LSB	ToT	ToT(us)
0	0	 4	 0	Row	170	 7	30 	 1822 	 18.22 
0	0	 4	 0	Col	170	 5	151 	 1431 	 14.31 
0	0	 4	 0	Row	147	 3	212 	 980 	 9.8 
0	0	 4	 0	Col	147	 3	182 	 950 	 9.5 

1	0	 4	 0	Row	32	 15	115 	 3955 	 39.55 
1	0	 4	 0	Col	32	 15	88 	 3928 	 39.28 

2	0	 4	 0	Row	220	 3	250 	 1018 	 10.18 
2	0	 4	 0	Col	220	 3	222 	 990 	 9.9 

3	0	 4	 0	Row	184	 6	189 	 1725 	 17.25 
3	0	 4	 0	Col	184	 6	155 	 1691 	 16.91 

4	0	 4	 0	Row	79	 0	235 	 235 	 2.35 
4	0	 4	 0	Col	79	 0	206 	 206 	 2.06 

5	0	 4	 0	Row	81	 15	114 	 3954 	 39.54 
5	0	 4	 0	Col	81	 15	83 	 3923 	 39.23 

6	0	 4	 0	Row	101	 14	41 	 3625 	 36.25 
6	0	 4	 0	Col	101	 14	14 	 3598 	 35.98 

7	0	 4	 0	Row	214	 7	143 	 1935 	 19.35 
7	0	 4	 0	Col	214	 7	115 	 1907 	 19.07 

8	0	 4	 0	Row	109	 5	129 	 1409 	 14.09 
8	0	 4	 0	Col	109	 5	100 	 1380 	 13.8 

9	0	 4	 0	Row	43	 6	128 	 1664 	 16.64 
9	0	 4	 0	Col	43	 6	99 	 1635 	 16.35 

10	0	 4	 0	Row	209	 6	130 	 1666 	 16.66 
10	0	 4	 0	Col	209	 6	98 	 1634 	 16.34 

11	0	 4	 0	Row	98	 10	164 	 2724 	 27.24 
11	0	 4	 0	Col	98	 10	135 	 2695 	 26.95 

12	0	 4	 0	Row	193	 7	180 	 1972 	 19.72 
12	0	 4	 0	Col	193	 7	153 	 1945 	 19.45 

13	0	 4	 0	Row	238	 3	169 	 937 	 9.37 
13	0	 4	 0	Col	238	 3	135 	 903 	 9.03 

14	0	 4	 0	Row	131	 11	169 	 2985 	 29.85 
14	0	 4	 0	Col	131	 11	139 	 2955 	 29.55 

15	0	 4	 0	Row	254	 0	6 	 6 	 0.06 
15	0	 4	 0	Col	254	 15	232 	 4072 	 40.72 

16	0	 4	 0	Row	244	 14	120 	 3704 	 37.04 
16	0	 4	 0	Col	244	 14	91 	 3675 	 36.75 

17	0	 4	 0	Row	75	 5	10 	 1290 	 12.9 
17	0	 4	 0	Col	75	 4	236 	 1260 	 12.6 

18	0	 4	 0	Row	43	 5	227 	 1507 	 15.07 
18	0	 4	 0	Col	43	 5	197 	 1477 	 14.77 

19	0	 4	 0	Row	125	 2	131 	 643 	 6.43 
19	0	 4	 0	Col	125	 2	104 	 616 	 6.16 

20	0	 4	 0	Row	253	 12	63 	 3135 	 31.35 
20	0	 4	 0	Col	253	 12	23 	 3095 	 30.95 

21	0	 4	 0	Row	213	 15	34 	 3874 	 38.74 
21	0	 4	 0	Col	213	 14	255 	 3839 	 38.39 

22	0	 4	 0	Row	113	 4	246 	 1270 	 12.7 
22	0	 4	 0	Col	113	 4	217 	 1241 	 12.41 

23	0	 4	 0	Row	233	 15	76 	 3916 	 39.16 
23	0	 4	 0	Col	233	 15	49 	 3889 	 38.89 

24	0	 4	 0	Row	116	 3	121 	 889 	 8.89 
24	0	 4	 0	Col	116	 3	92 	 860 	 8.6 

25	0	 4	 0	Row	140	 13	254 	 3582 	 35.82 
25	0	 4	 0	Col	140	 13	226 	 3554 	 35.54 

26	0	 4	 0	Row	101	 13	94 	 3422 	 34.22 
26	0	 4	 0	Col	101	 13	65 	 3393 	 33.93 

27	0	 4	 0	Row	178	 12	163 	 3235 	 32.35 
27	0	 4	 0	Col	178	 12	136 	 3208 	 32.08 

28	0	 4	 0	Row	219	 5	45 	 1325 	 13.25 
28	0	 4	 0	Col	219	 5	18 	 1298 	 12.98 

29	0	 4	 0	Row	192	 4	148 	 1172 	 11.72 
29	0	 4	 0	Col	192	 4	113 	 1137 	 11.37 

30	0	 4	 0	Row	244	 0	243 	 243 	 2.43 
30	0	 4	 0	Col	244	 0	217 	 217 	 2.17 

31	0	 4	 0	Row	166	 1	242 	 498 	 4.98 
31	0	 4	 0	Col	167	 1	202 	 458 	 4.58 

32	0	 4	 0	Row	4	 0	197 	 197 	 1.97 
32	0	 4	 0	Col	4	 0	168 	 168 	 1.68 

33	0	 4	 0	Row	244	 1	47 	 303 	 3.03 
33	0	 4	 0	Col	244	 1	20 	 276 	 2.76 

34	0	 4	 0	Row	202	 0	48 	 48 	 0.48 

35	0	 4	 0	Row	39	 15	136 	 3976 	 39.76 
35	0	 4	 0	Col	39	 15	107 	 3947 	 39.47 

36	0	 4	 0	Row	115	 10	28 	 2588 	 25.88 
36	0	 4	 0	Col	115	 9	255 	 2559 	 25.59 

37	0	 4	 0	Row	15	 12	206 	 3278 	 32.78 
37	0	 4	 0	Col	15	 12	175 	 3247 	 32.47 

38	0	 4	 0	Row	87	 7	23 	 1815 	 18.15 
38	0	 4	 0	Col	87	 6	245 	 1781 	 17.81 

39	0	 4	 0	Row	156	 2	232 	 744 	 7.44 
39	0	 4	 0	Col	156	 2	203 	 715 	 7.15 

40	0	 4	 0	Row	251	 8	32 	 2080 	 20.8 
40	0	 4	 0	Col	251	 7	252 	 2044 	 20.44 

41	0	 4	 0	Row	91	 5	65 	 1345 	 13.45 
41	0	 4	 0	Col	91	 5	33 	 1313 	 13.13 

42	0	 4	 0	Row	253	 5	42 	 1322 	 13.22 
42	0	 4	 0	Col	253	 5	3 	 1283 	 12.83 

43	0	 4	 0	Row	253	 0	166 	 166 	 1.66 
43	0	 4	 0	Col	45	 0	137 	 137 	 1.37 

44	0	 4	 0	Row	195	 6	152 	 1688 	 16.88 
44	0	 4	 0	Col	195	 6	122 	 1658 	 16.58 

45	0	 4	 0	Row	28	 15	105 	 3945 	 39.45 
45	0	 4	 0	Col	28	 15	74 	 3914 	 39.14 

46	0	 4	 0	Row	98	 6	174 	 1710 	 17.1 
46	0	 4	 0	Col	98	 6	144 	 1680 	 16.8 

47	0	 4	 0	Row	166	 6	55 	 1591 	 15.91 
47	0	 4	 0	Col	166	 6	20 	 1556 	 15.56 

48	0	 4	 0	Row	42	 15	178 	 4018 	 40.18 
48	0	 4	 0	Col	42	 15	151 	 3991 	 39.91 

49	0	 4	 0	Row	42	 0	33 	 33 	 0.33 

50	0	 4	 0	Row	145	 14	224 	 3808 	 38.08 
50	0	 4	 0	Col	145	 14	197 	 3781 	 37.81 

51	0	 4	 0	Row	20	 4	114 	 1138 	 11.38 
51	0	 4	 0	Col	20	 4	87 	 1111 	 11.11 

52	0	 4	 0	Row	216	 6	175 	 1711 	 17.11 
52	0	 4	 0	Col	216	 6	138 	 1674 	 16.74 

53	0	 4	 0	Row	242	 0	97 	 97 	 0.97 
53	0	 4	 0	Col	242	 0	64 	 64 	 0.64 

54	0	 4	 0	Row	135	 15	59 	 3899 	 38.99 
54	0	 4	 0	Col	135	 15	27 	 3867 	 38.67 

55	0	 4	 0	Row	100	 3	116 	 884 	 8.84 
55	0	 4	 0	Col	100	 3	85 	 853 	 8.53 

56	0	 4	 0	Row	246	 0	27 	 27 	 0.27 
56	0	 4	 0	Col	246	 15	255 	 4095 	 40.95 

57	0	 4	 0	Row	1	 7	146 	 1938 	 19.38 
57	0	 4	 0	Col	1	 7	118 	 1910 	 19.1 

58	0	 4	 0	Row	77	 8	253 	 2301 	 23.01 
58	0	 4	 0	Col	77	 8	225 	 2273 	 22.73 

59	0	 4	 0	Row	27	 3	19 	 787 	 7.87 
59	0	 4	 0	Col	27	 2	234 	 746 	 7.46 

60	0	 4	 0	Row	219	 0	104 	 104 	 1.04 

61	0	 4	 0	Row	139	 15	237 	 4077 	 40.77 
61	0	 4	 0	Col	139	 15	183 	 4023 	 40.23 

62	0	 4	 0	Row	238	 1	15 	 271 	 2.71 
62	0	 4	 0	Col	238	 0	240 	 240 	 2.4 

63	0	 4	 0	Row	78	 14	84 	 3668 	 36.68 
63	0	 4	 0	Col	78	 14	58 	 3642 	 36.42 

64	0	 4	 0	Row	46	 4	126 	 1150 	 11.5 
64	0	 4	 0	Col	46	 4	94 	 1118 	 11.18 

65	0	 4	 0	Row	108	 4	21 	 1045 	 10.45 
65	0	 4	 0	Col	108	 3	242 	 1010 	 10.1 

66	0	 4	 0	Row	239	 3	105 	 873 	 8.73 
66	0	 4	 0	Col	239	 3	65 	 833 	 8.33 

67	0	 4	 0	Row	55	 6	131 	 1667 	 16.67 
67	0	 4	 0	Col	55	 6	104 	 1640 	 16.4 

68	0	 4	 0	Row	177	 8	11 	 2059 	 20.59 
68	0	 4	 0	Col	177	 7	237 	 2029 	 20.29 

69	0	 4	 0	Row	89	 4	37 	 1061 	 10.61 
69	0	 4	 0	Col	89	 4	7 	 1031 	 10.31 

70	0	 4	 0	Row	48	 0	92 	 92 	 0.92 
70	0	 4	 0	Col	89	 0	35 	 35 	 0.35 

71	0	 4	 0	Row	110	 5	18 	 1298 	 12.98 
71	0	 4	 0	Col	110	 4	235 	 1259 	 12.59 

72	0	 4	 0	Row	174	 4	199 	 1223 	 12.23 
72	0	 4	 0	Col	174	 4	167 	 1191 	 11.91 

73	0	 4	 0	Row	247	 3	136 	 904 	 9.04 
73	0	 4	 0	Col	247	 3	108 	 876 	 8.76 

74	0	 4	 0	Row	38	 3	38 	 806 	 8.06 
74	0	 4	 0	Col	38	 2	251 	 763 	 7.63 

75	0	 4	 0	Row	22	 15	225 	 4065 	 40.65 
75	0	 4	 0	Col	22	 15	195 	 4035 	 40.35 

76	0	 4	 0	Row	163	 15	192 	 4032 	 40.32 
76	0	 4	 0	Col	163	 15	165 	 4005 	 40.05 

77	0	 4	 0	Row	192	 11	126 	 2942 	 29.42 
77	0	 4	 0	Col	192	 11	96 	 2912 	 29.12 

78	0	 4	 0	Row	226	 6	211 	 1747 	 17.47 
78	0	 4	 0	Col	226	 6	177 	 1713 	 17.13 

79	0	 4	 0	Row	212	 3	195 	 963 	 9.63 
79	0	 4	 0	Col	212	 3	161 	 929 	 9.29 

80	0	 4	 0	Row	208	 3	88 	 856 	 8.56 
80	0	 4	 0	Col	208	 3	55 	 823 	 8.23 

81	0	 4	 0	Row	232	 6	58 	 1594 	 15.94 
81	0	 4	 0	Col	232	 6	19 	 1555 	 15.55 

82	0	 4	 0	Row	249	 14	130 	 3714 	 37.14 
82	0	 4	 0	Col	249	 14	104 	 3688 	 36.88 

83	0	 4	 0	Row	230	 6	213 	 1749 	 17.49 
83	0	 4	 0	Col	230	 6	178 	 1714 	 17.14 

84	0	 4	 0	Row	69	 4	214 	 1238 	 12.38 
84	0	 4	 0	Col	69	 4	177 	 1201 	 12.01 

85	0	 4	 0	Row	250	 5	7 	 1287 	 12.87 
85	0	 4	 0	Col	250	 4	228 	 1252 	 12.52 

86	0	 4	 0	Row	0	 13	40 	 3368 	 33.68 
86	0	 4	 0	Col	0	 13	10 	 3338 	 33.38 

87	0	 4	 0	Row	104	 15	71 	 3911 	 39.11 
87	0	 4	 0	Col	104	 15	43 	 3883 	 38.83 

88	0	 4	 0	Row	56	 7	6 	 1798 	 17.98 
88	0	 4	 0	Col	56	 6	232 	 1768 	 17.68 

89	0	 4	 0	Row	214	 15	56 	 3896 	 38.96 
89	0	 4	 0	Col	214	 15	26 	 3866 	 38.66 

90	0	 4	 0	Row	72	 2	69 	 581 	 5.81 
90	0	 4	 0	Col	72	 2	19 	 531 	 5.31 

91	0	 4	 0	Row	208	 15	79 	 3919 	 39.19 
91	0	 4	 0	Col	208	 15	45 	 3885 	 38.85 

92	0	 4	 0	Row	228	 9	36 	 2340 	 23.4 
92	0	 4	 0	Col	228	 8	250 	 2298 	 22.98 

93	0	 4	 0	Row	165	 6	230 	 1766 	 17.66 
93	0	 4	 0	Col	165	 6	196 	 1732 	 17.32 

94	0	 4	 0	Row	53	 15	79 	 3919 	 39.19 
94	0	 4	 0	Col	53	 15	49 	 3889 	 38.89 

95	0	 4	 0	Row	36	 14	69 	 3653 	 36.53 
95	0	 4	 0	Col	36	 14	39 	 3623 	 36.23 

96	0	 4	 0	Row	24	 13	71 	 3399 	 33.99 
96	0	 4	 0	Col	24	 13	42 	 3370 	 33.7 

97	0	 4	 0	Row	113	 14	217 	 3801 	 38.01 
97	0	 4	 0	Col	113	 14	188 	 3772 	 37.72 

98	0	 4	 0	Row	111	 15	193 	 4033 	 40.33 
98	0	 4	 0	Col	111	 15	165 	 4005 	 40.05 

99	0	 4	 0	Row	210	 7	162 	 1954 	 19.54 
99	0	 4	 0	Col	210	 7	131 	 1923 	 19.23 

100	0	 4	 0	Row	48	 4	169 	 1193 	 11.93 
100	0	 4	 0	Col	48	 4	115 	 1139 	 11.39 

101	0	 4	 0	Row	57	 4	126 	 1150 	 11.5 
101	0	 4	 0	Col	57	 4	87 	 1111 	 11.11 

102	0	 4	 0	Row	204	 3	58 	 826 	 8.26 
102	0	 4	 0	Col	204	 3	4 	 772 	 7.72 

103	0	 4	 0	Row	203	 3	54 	 822 	 8.22 
103	0	 4	 0	Col	203	 3	21 	 789 	 7.89 

104	0	 4	 0	Row	252	 6	112 	 1648 	 16.48 
104	0	 4	 0	Col	252	 6	73 	 1609 	 16.09 

105	0	 4	 0	Row	186	 4	43 	 1067 	 10.67 
105	0	 4	 0	Col	186	 3	213 	 981 	 9.81 

106	0	 4	 0	Row	193	 6	127 	 1663 	 16.63 
106	0	 4	 0	Col	193	 6	97 	 1633 	 16.33 

107	0	 4	 0	Row	46	 3	197 	 965 	 9.65 
107	0	 4	 0	Col	46	 3	164 	 932 	 9.32 

108	0	 4	 0	Row	49	 5	141 	 1421 	 14.21 
108	0	 4	 0	Col	49	 5	108 	 1388 	 13.88 

109	0	 4	 0	Row	107	 5	59 	 1339 	 13.39 
109	0	 4	 0	Col	107	 5	21 	 1301 	 13.01 

110	0	 4	 0	Row	120	 14	20 	 3604 	 36.04 
110	0	 4	 0	Col	120	 13	249 	 3577 	 35.77 

111	0	 4	 0	Row	169	 4	196 	 1220 	 12.2 
111	0	 4	 0	Col	169	 4	161 	 1185 	 11.85 

112	0	 4	 0	Row	166	 5	78 	 1358 	 13.58 
112	0	 4	 0	Col	166	 5	26 	 1306 	 13.06 

113	0	 4	 0	Row	242	 2	249 	 761 	 7.61 
113	0	 4	 0	Col	242	 2	217 	 729 	 7.29 

114	0	 4	 0	Row	221	 14	55 	 3639 	 36.39 
114	0	 4	 0	Col	221	 14	18 	 3602 	 36.02 

115	0	 4	 0	Row	167	 11	86 	 2902 	 29.02 
115	0	 4	 0	Col	167	 11	55 	 2871 	 28.71 

116	0	 4	 0	Row	94	 6	19 	 1555 	 15.55 
116	0	 4	 0	Col	94	 5	235 	 1515 	 15.15 

117	0	 4	 0	Row	1	 2	132 	 644 	 6.44 
117	0	 4	 0	Col	1	 2	80 	 592 	 5.92 

118	0	 4	 0	Row	219	 15	240 	 4080 	 40.8 
118	0	 4	 0	Col	219	 15	209 	 4049 	 40.49 

119	0	 4	 0	Row	61	 6	178 	 1714 	 17.14 
119	0	 [0;31;40m6[0m	 50	Col	4	 0	61 	 61 	 0.61 
119	0	 [0;31;40m6[0m	 17	Col	61	 13	61 	 3389 	 33.89 

120	0	 4	 0	Row	54	 4	208 	 1232 	 12.32 
120	0	 4	 0	Col	54	 4	173 	 1197 	 11.97 

121	0	 4	 0	Row	81	 7	175 	 1967 	 19.67 
121	0	 4	 0	Col	81	 7	142 	 1934 	 19.34 

122	0	 4	 0	Row	41	 1	104 	 360 	 3.6 
122	0	 4	 0	Col	41	 1	72 	 328 	 3.28 

123	0	 4	 0	Row	247	 4	56 	 1080 	 10.8 
123	0	 4	 0	Col	247	 4	18 	 1042 	 10.42 

124	0	 4	 0	Row	212	 3	40 	 808 	 8.08 
124	0	 4	 0	Col	213	 2	201 	 713 	 7.13 

125	0	 4	 0	Row	139	 6	225 	 1761 	 17.61 
125	0	 4	 0	Col	139	 6	183 	 1719 	 17.19 

126	0	 4	 0	Row	40	 10	228 	 2788 	 27.88 
126	0	 4	 0	Col	40	 10	198 	 2758 	 27.58 

127	0	 4	 0	Row	197	 14	193 	 3777 	 37.77 
127	0	 4	 0	Col	197	 14	165 	 3749 	 37.49 

128	0	 4	 0	Row	20	 3	247 	 1015 	 10.15 
128	0	 4	 0	Col	20	 3	217 	 985 	 9.85 

129	0	 4	 0	Row	206	 14	80 	 3664 	 36.64 
129	0	 4	 0	Col	206	 14	48 	 3632 	 36.32 

130	0	 4	 0	Row	34	 6	235 	 1771 	 17.71 
130	0	 4	 0	Col	34	 6	203 	 1739 	 17.39 

131	0	 4	 0	Row	206	 15	160 	 4000 	 40.0 
131	0	 4	 0	Col	206	 15	131 	 3971 	 39.71 

132	0	 4	 0	Row	107	 0	136 	 136 	 1.36 
132	0	 4	 0	Col	108	 0	87 	 87 	 0.87 

133	0	 4	 0	Row	112	 8	194 	 2242 	 22.42 
133	0	 4	 0	Col	112	 8	153 	 2201 	 22.01 

134	0	 4	 0	Row	140	 10	220 	 2780 	 27.8 
134	0	 4	 0	Col	140	 10	189 	 2749 	 27.49 

135	0	 4	 0	Row	189	 0	0 	 0 	 0.0 
135	0	 4	 0	Col	189	 15	227 	 4067 	 40.67 

136	0	 4	 0	Row	221	 15	249 	 4089 	 40.89 
136	0	 4	 0	Col	221	 15	218 	 4058 	 40.58 

137	0	 4	 0	Row	27	 15	148 	 3988 	 39.88 
137	0	 4	 0	Col	27	 15	120 	 3960 	 39.6 

138	0	 4	 0	Row	143	 4	234 	 1258 	 12.58 
138	0	 4	 0	Col	144	 4	189 	 1213 	 12.13 

139	0	 4	 0	Row	6	 12	137 	 3209 	 32.09 
139	0	 4	 0	Col	6	 12	107 	 3179 	 31.79 

140	0	 4	 0	Row	4	 0	248 	 248 	 2.48 
140	0	 4	 0	Col	4	 0	189 	 189 	 1.89 

141	0	 4	 0	Row	214	 4	93 	 1117 	 11.17 
141	0	 4	 0	Col	214	 4	60 	 1084 	 10.84 

142	0	 4	 0	Row	212	 5	204 	 1484 	 14.84 
142	0	 4	 0	Col	212	 5	175 	 1455 	 14.55 

143	0	 4	 0	Row	222	 2	212 	 724 	 7.24 
143	0	 4	 0	Col	222	 2	168 	 680 	 6.8 

144	0	 4	 0	Row	143	 15	96 	 3936 	 39.36 
144	0	 4	 0	Col	143	 15	67 	 3907 	 39.07 

145	0	 4	 0	Row	249	 3	86 	 854 	 8.54 
145	0	 4	 0	Col	249	 3	50 	 818 	 8.18 

146	0	 4	 0	Row	15	 5	2 	 1282 	 12.82 
146	0	 4	 0	Col	15	 4	221 	 1245 	 12.45 

147	0	 4	 0	Row	4	 6	159 	 1695 	 16.95 
147	0	 4	 0	Col	5	 6	120 	 1656 	 16.56 

148	0	 4	 0	Row	8	 5	112 	 1392 	 13.92 
148	0	 4	 0	Col	8	 5	76 	 1356 	 13.56 

149	0	 4	 0	Row	10	 14	171 	 3755 	 37.55 
149	0	 4	 0	Col	10	 14	142 	 3726 	 37.26 

150	0	 4	 0	Row	86	 15	198 	 4038 	 40.38 
150	0	 4	 0	Col	86	 15	165 	 4005 	 40.05 

151	0	 4	 0	Row	14	 6	110 	 1646 	 16.46 
151	0	 4	 0	Col	14	 6	70 	 1606 	 16.06 

152	0	 4	 0	Row	160	 15	7 	 3847 	 38.47 
152	0	 4	 0	Col	160	 14	224 	 3808 	 38.08 

153	0	 4	 0	Row	177	 13	247 	 3575 	 35.75 
153	0	 4	 0	Col	177	 13	216 	 3544 	 35.44 

154	0	 4	 0	Row	42	 7	34 	 1826 	 18.26 
154	0	 4	 0	Col	42	 7	0 	 1792 	 17.92 

155	0	 4	 0	Row	65	 0	182 	 182 	 1.82 
155	0	 4	 0	Col	65	 0	148 	 148 	 1.48 

156	0	 4	 0	Row	48	 14	195 	 3779 	 37.79 
156	0	 4	 0	Col	48	 14	166 	 3750 	 37.5 

157	0	 4	 0	Row	80	 12	7 	 3079 	 30.79 
157	0	 4	 0	Col	80	 11	231 	 3047 	 30.47 

158	0	 4	 0	Row	195	 7	248 	 2040 	 20.4 
158	0	 4	 0	Col	195	 7	209 	 2001 	 20.01 

159	0	 4	 0	Row	147	 5	74 	 1354 	 13.54 
159	0	 4	 0	Col	147	 5	45 	 1325 	 13.25 

160	0	 4	 0	Row	216	 15	113 	 3953 	 39.53 
160	0	 4	 0	Col	216	 15	81 	 3921 	 39.21 

161	0	 4	 0	Row	130	 14	149 	 3733 	 37.33 
161	0	 4	 0	Col	130	 14	118 	 3702 	 37.02 

162	0	 4	 0	Row	229	 15	131 	 3971 	 39.71 
162	0	 4	 0	Col	229	 15	97 	 3937 	 39.37 

163	0	 4	 0	Row	48	 4	158 	 1182 	 11.82 
163	0	 4	 0	Col	48	 4	128 	 1152 	 11.52 

164	0	 4	 0	Row	41	 14	201 	 3785 	 37.85 
164	0	 4	 0	Col	41	 14	171 	 3755 	 37.55 

165	0	 4	 0	Row	216	 2	18 	 530 	 5.3 
165	0	 4	 0	Col	216	 1	243 	 499 	 4.99 

166	0	 4	 0	Row	5	 7	51 	 1843 	 18.43 
166	0	 4	 0	Col	5	 7	13 	 1805 	 18.05 

167	0	 4	 0	Row	100	 4	153 	 1177 	 11.77 
167	0	 4	 0	Col	100	 4	124 	 1148 	 11.48 

168	0	 4	 0	Row	178	 5	118 	 1398 	 13.98 
168	0	 4	 0	Col	178	 5	73 	 1353 	 13.53 

169	0	 4	 0	Row	19	 0	136 	 136 	 1.36 
169	0	 4	 0	Col	19	 0	104 	 104 	 1.04 

170	0	 4	 0	Row	111	 3	222 	 990 	 9.9 
170	0	 4	 0	Col	111	 3	190 	 958 	 9.58 

171	0	 4	 0	Row	84	 15	175 	 4015 	 40.15 
171	0	 4	 0	Col	84	 15	144 	 3984 	 39.84 

172	0	 4	 0	Row	247	 13	185 	 3513 	 35.13 
172	0	 4	 0	Col	247	 13	156 	 3484 	 34.84 

173	0	 4	 0	Row	4	 4	163 	 1187 	 11.87 
173	0	 4	 0	Col	4	 4	132 	 1156 	 11.56 

174	0	 4	 0	Row	225	 7	124 	 1916 	 19.16 
174	0	 4	 0	Col	225	 7	92 	 1884 	 18.84 

175	0	 4	 0	Row	198	 14	39 	 3623 	 36.23 
175	0	 4	 0	Col	198	 14	9 	 3593 	 35.93 

176	0	 4	 0	Row	22	 7	249 	 2041 	 20.41 
176	0	 4	 0	Col	22	 7	215 	 2007 	 20.07 

177	0	 4	 0	Row	191	 14	182 	 3766 	 37.66 
177	0	 4	 0	Col	191	 14	152 	 3736 	 37.36 

178	0	 4	 0	Row	177	 6	92 	 1628 	 16.28 
178	0	 4	 0	Col	177	 6	55 	 1591 	 15.91 

179	0	 4	 0	Row	13	 5	232 	 1512 	 15.12 
179	0	 4	 0	Col	13	 5	171 	 1451 	 14.51 

180	0	 4	 0	Row	197	 5	164 	 1444 	 14.44 
180	0	 4	 0	Col	197	 5	119 	 1399 	 13.99 

181	0	 4	 0	Row	99	 13	179 	 3507 	 35.07 
181	0	 4	 0	Col	99	 13	147 	 3475 	 34.75 

182	0	 4	 0	Row	136	 8	146 	 2194 	 21.94 
182	0	 4	 0	Col	136	 8	110 	 2158 	 21.58 

183	0	 4	 0	Row	153	 0	91 	 91 	 0.91 
183	0	 4	 0	Col	153	 0	54 	 54 	 0.54 

184	0	 4	 0	Row	11	 8	25 	 2073 	 20.73 
184	0	 4	 0	Col	11	 7	238 	 2030 	 20.3 

185	0	 4	 0	Row	52	 15	84 	 3924 	 39.24 
185	0	 4	 0	Col	52	 15	44 	 3884 	 38.84 

186	0	 4	 0	Row	206	 4	95 	 1119 	 11.19 
186	0	 4	 0	Col	206	 4	65 	 1089 	 10.89 

187	0	 4	 0	Row	7	 15	223 	 4063 	 40.63 
187	0	 4	 0	Col	7	 15	195 	 4035 	 40.35 

188	0	 4	 0	Row	119	 8	114 	 2162 	 21.62 
188	0	 4	 0	Col	119	 8	75 	 2123 	 21.23 

189	0	 4	 0	Row	52	 2	90 	 602 	 6.02 
189	0	 4	 0	Col	55	 1	118 	 374 	 3.74 

190	0	 4	 0	Row	34	 15	148 	 3988 	 39.88 
190	0	 4	 0	Col	34	 15	119 	 3959 	 39.59 

191	0	 4	 0	Row	123	 5	20 	 1300 	 13.0 
191	0	 4	 0	Col	123	 4	236 	 1260 	 12.6 

192	0	 4	 0	Row	132	 5	54 	 1334 	 13.34 
192	0	 4	 0	Col	132	 5	22 	 1302 	 13.02 

193	0	 4	 0	Row	203	 4	57 	 1081 	 10.81 
193	0	 4	 0	Col	203	 4	15 	 1039 	 10.39 

