Voltageboard settings: [1.035, 1, 0, 0, 1, 1.1, 0, 0]
Digital: {'interrupt_pushpull': 1, 'En_Inj1': 0, 'En_Inj2': 0, 'En_Inj3': 0, 'En_Inj4': 0, 'En_Inj5': 0, 'En_Inj6': 0, 'En_Inj7': 0, 'En_Inj8': 0, 'En_Inj9': 0, 'En_Inj10': 0, 'En_Inj11': 0, 'En_Inj12': 0, 'En_Inj13': 0, 'En_Inj14': 0, 'En_Inj15': 0, 'En_Inj16': 0, 'En_Inj17': 0, 'En_Inj18': 0, 'ResetB': 0, 'Extrabit0': 1, 'Extrabit1': 1, 'Extrabit2': 1, 'Extrabit3': 1, 'Extrabit4': 1, 'Extrabit5': 1, 'Extrabit6': 1, 'Extrabit7': 1, 'Extrabit8': 0, 'Extrabit9': 0, 'Extrabit10': 0, 'Extrabit11': 0, 'Extrabit12': 0, 'Extrabit13': 0, 'Extrabit14': 0}
Biasblock: {'DisHiDR': 0, 'q01': 0, 'qon0': 0, 'qon1': 1, 'qon2': 0, 'qon3': 1}
DAC: {'blres': 0, 'nu1': 0, 'vn1': 20, 'vnfb': 1, 'vnfoll': 10, 'nu5': 0, 'nu6': 0, 'nu7': 0, 'nu8': 0, 'vn2': 0, 'vnfoll2': 1, 'vnbias': 0, 'vpload': 5, 'nu13': 0, 'vncomp': 2, 'vpfoll': 60, 'nu16': 0, 'vprec': 30, 'vnrec': 30}
Receiver: {'ColConfig0': 274877906940, 'ColConfig1': 68719476734, 'ColConfig2': 68719476734, 'ColConfig3': 68719476734, 'ColConfig4': 68719476734, 'ColConfig5': 68719476734, 'ColConfig6': 68719476734, 'ColConfig7': 68719476734, 'ColConfig8': 68719476734, 'ColConfig9': 68719476734, 'ColConfig10': 68719476734, 'ColConfig11': 68719476734, 'ColConfig12': 68719476734, 'ColConfig13': 68719476734, 'ColConfig14': 68719476734, 'ColConfig15': 68719476734, 'ColConfig16': 68719476734, 'ColConfig17': 68719476734, 'ColConfig18': 68719476734, 'ColConfig19': 68719476734, 'ColConfig20': 68719476734, 'ColConfig21': 68719476734, 'ColConfig22': 68719476734, 'ColConfig23': 68719476734, 'ColConfig24': 68719476734, 'ColConfig25': 68719476734, 'ColConfig26': 68719476734, 'ColConfig27': 68719476734, 'ColConfig28': 68719476734, 'ColConfig29': 68719476734, 'ColConfig30': 68719476734, 'ColConfig31': 68719476734, 'ColConfig32': 68719476734, 'ColConfig33': 68719476734, 'ColConfig34': 68719476734}

NEvent	ChipId	Payload	Locatn	Row/Col	tStamp	MSB	LSB	ToT	ToT(us)
0	0	 4	 0	Row	59	 9	94 	 2398 	 23.98 
0	0	 4	 1	Row	34	 5	180 	 1460 	 14.6 
0	0	 4	 2	Row	34	 0	1 	 1 	 0.01 
0	[0;31;40m4[0m	 [0;31;40m2[0m	 5	Row	180	 4	2 	 1026 	 10.26 
0	[0;31;40m4[0m	 [0;31;40m2[0m	 0	Row	61	 2	4 	 516 	 5.16 

1	0	 4	 0	Row	20	 3	209 	 977 	 9.77 
1	0	 4	 0	Col	20	 3	194 	 962 	 9.62 

2	0	 4	 0	Row	158	 10	207 	 2767 	 27.67 
2	0	 4	 0	Col	158	 10	189 	 2749 	 27.49 

3	0	 4	 0	Row	180	 12	163 	 3235 	 32.35 
3	0	 4	 0	Col	180	 12	147 	 3219 	 32.19 

4	0	 4	 0	Row	227	 4	2 	 1026 	 10.26 
4	0	 4	 0	Col	227	 3	241 	 1009 	 10.09 

5	0	 4	 0	Row	48	 12	93 	 3165 	 31.65 
5	0	 4	 0	Col	48	 12	77 	 3149 	 31.49 

6	0	 4	 0	Row	95	 12	31 	 3103 	 31.03 
6	0	 4	 0	Col	95	 12	16 	 3088 	 30.88 

7	0	 4	 0	Row	62	 5	127 	 1407 	 14.07 
7	0	 4	 0	Col	62	 5	111 	 1391 	 13.91 

8	0	 4	 0	Row	196	 2	41 	 553 	 5.53 
8	0	 4	 0	Col	196	 2	24 	 536 	 5.36 

9	0	 4	 0	Row	245	 14	33 	 3617 	 36.17 
9	0	 4	 0	Col	245	 14	17 	 3601 	 36.01 

10	0	 4	 0	Row	166	 13	11 	 3339 	 33.39 
10	0	 4	 0	Col	166	 12	251 	 3323 	 33.23 

11	0	 4	 0	Row	129	 12	231 	 3303 	 33.03 
11	0	 4	 0	Col	129	 12	214 	 3286 	 32.86 

12	0	 4	 0	Row	153	 3	53 	 821 	 8.21 
12	0	 4	 0	Col	153	 3	37 	 805 	 8.05 

13	0	 4	 0	Row	152	 2	98 	 610 	 6.1 
13	0	 4	 0	Col	152	 2	81 	 593 	 5.93 

14	0	 4	 0	Row	240	 3	244 	 1012 	 10.12 
14	0	 4	 0	Col	240	 3	228 	 996 	 9.96 

15	0	 4	 0	Row	174	 4	219 	 1243 	 12.43 
15	0	 4	 0	Col	175	 4	185 	 1209 	 12.09 

16	0	 4	 0	Row	114	 11	149 	 2965 	 29.65 
16	0	 4	 0	Col	114	 11	133 	 2949 	 29.49 

17	0	 4	 0	Row	11	 12	26 	 3098 	 30.98 
17	0	 4	 0	Col	11	 12	10 	 3082 	 30.82 

18	0	 4	 0	Row	96	 4	234 	 1258 	 12.58 
18	0	 4	 0	Col	96	 4	219 	 1243 	 12.43 

19	0	 4	 0	Row	97	 4	208 	 1232 	 12.32 
19	0	 4	 0	Col	97	 4	193 	 1217 	 12.17 

20	0	 4	 0	Row	230	 13	78 	 3406 	 34.06 
20	0	 4	 0	Col	230	 13	64 	 3392 	 33.92 

21	0	 4	 0	Row	208	 10	240 	 2800 	 28.0 
21	0	 4	 0	Col	208	 10	222 	 2782 	 27.82 

22	0	 4	 0	Row	16	 4	23 	 1047 	 10.47 
22	0	 4	 0	Col	16	 4	7 	 1031 	 10.31 

23	0	 4	 0	Row	57	 12	169 	 3241 	 32.41 
23	0	 4	 0	Col	57	 12	153 	 3225 	 32.25 

24	0	 4	 0	Row	186	 3	205 	 973 	 9.73 
24	0	 4	 0	Col	186	 3	189 	 957 	 9.57 

25	0	 4	 0	Row	79	 13	35 	 3363 	 33.63 
25	0	 4	 0	Col	79	 13	19 	 3347 	 33.47 

26	0	 4	 0	Row	125	 5	249 	 1529 	 15.29 
26	0	 4	 0	Col	125	 5	233 	 1513 	 15.13 

27	0	 4	 0	Row	212	 3	167 	 935 	 9.35 
27	0	 4	 0	Col	212	 3	151 	 919 	 9.19 

28	0	 4	 0	Row	179	 4	129 	 1153 	 11.53 
28	0	 4	 0	Col	179	 4	112 	 1136 	 11.36 

29	0	 4	 0	Row	7	 12	197 	 3269 	 32.69 
29	0	 4	 0	Col	7	 12	183 	 3255 	 32.55 

30	0	 4	 0	Row	79	 2	1 	 513 	 5.13 
30	0	 4	 0	Col	79	 1	241 	 497 	 4.97 

31	0	 4	 0	Row	171	 5	144 	 1424 	 14.24 
31	0	 4	 0	Col	171	 5	128 	 1408 	 14.08 

32	0	 4	 0	Row	108	 5	151 	 1431 	 14.31 
32	0	 4	 0	Col	108	 5	134 	 1414 	 14.14 

33	0	 4	 0	Row	250	 3	155 	 923 	 9.23 
33	0	 4	 0	Col	250	 3	139 	 907 	 9.07 

34	0	 4	 0	Row	119	 9	28 	 2332 	 23.32 
34	0	 4	 0	Col	119	 9	11 	 2315 	 23.15 

35	0	 4	 0	Row	11	 11	10 	 2826 	 28.26 
35	0	 4	 0	Col	11	 10	251 	 2811 	 28.11 

36	0	 4	 0	Row	203	 5	10 	 1290 	 12.9 
36	0	 4	 0	Col	203	 4	251 	 1275 	 12.75 

37	0	 4	 0	Row	74	 15	2 	 3842 	 38.42 
37	0	 4	 0	Col	74	 14	225 	 3809 	 38.09 

38	0	 4	 0	Row	67	 4	74 	 1098 	 10.98 
38	0	 4	 0	Col	67	 4	57 	 1081 	 10.81 

39	0	 4	 0	Row	4	 3	242 	 1010 	 10.1 
39	0	 4	 0	Col	4	 3	226 	 994 	 9.94 

40	0	 4	 0	Row	121	 2	242 	 754 	 7.54 
40	0	 4	 0	Col	121	 2	226 	 738 	 7.38 

41	0	 4	 0	Row	217	 3	167 	 935 	 9.35 
41	0	 4	 0	Col	217	 3	150 	 918 	 9.18 

42	0	 4	 0	Row	137	 13	184 	 3512 	 35.12 
42	0	 4	 0	Col	137	 13	167 	 3495 	 34.95 

43	0	 4	 0	Row	211	 6	28 	 1564 	 15.64 
43	0	 4	 0	Col	211	 6	11 	 1547 	 15.47 

44	0	 4	 0	Row	53	 13	33 	 3361 	 33.61 
44	0	 4	 0	Col	53	 13	18 	 3346 	 33.46 

45	0	 4	 0	Row	209	 1	100 	 356 	 3.56 
45	0	 4	 0	Col	209	 1	77 	 333 	 3.33 

46	0	 4	 0	Row	64	 5	243 	 1523 	 15.23 
46	0	 4	 0	Col	64	 5	205 	 1485 	 14.85 

47	0	 4	 0	Row	193	 1	178 	 434 	 4.34 
47	0	 4	 0	Col	193	 1	163 	 419 	 4.19 

48	0	 4	 0	Row	200	 1	103 	 359 	 3.59 
48	0	 4	 0	Col	200	 1	86 	 342 	 3.42 

49	0	 4	 0	Row	153	 12	99 	 3171 	 31.71 
49	0	 4	 0	Col	153	 12	83 	 3155 	 31.55 

50	0	 4	 0	Row	127	 5	157 	 1437 	 14.37 
50	0	 4	 0	Col	127	 5	142 	 1422 	 14.22 

51	0	 4	 0	Row	165	 12	133 	 3205 	 32.05 
51	0	 4	 0	Col	165	 12	117 	 3189 	 31.89 

52	0	 4	 0	Row	103	 13	41 	 3369 	 33.69 
52	0	 4	 0	Col	103	 13	25 	 3353 	 33.53 

53	0	 4	 0	Row	243	 0	35 	 35 	 0.35 

54	0	 4	 0	Row	206	 4	186 	 1210 	 12.1 
54	0	 4	 0	Col	206	 4	171 	 1195 	 11.95 

55	0	 4	 0	Row	191	 12	117 	 3189 	 31.89 
55	0	 4	 0	Col	191	 12	102 	 3174 	 31.74 

56	0	 4	 0	Row	3	 5	223 	 1503 	 15.03 
56	0	 4	 0	Col	3	 5	206 	 1486 	 14.86 

57	0	 4	 0	Row	125	 4	193 	 1217 	 12.17 
57	0	 4	 0	Col	125	 4	177 	 1201 	 12.01 

58	0	 4	 0	Row	239	 6	138 	 1674 	 16.74 
58	0	 4	 0	Col	239	 6	122 	 1658 	 16.58 

59	0	 4	 0	Row	1	 13	84 	 3412 	 34.12 
59	0	 4	 0	Col	1	 13	70 	 3398 	 33.98 

60	0	 4	 0	Row	129	 2	213 	 725 	 7.25 
60	0	 4	 0	Col	129	 2	164 	 676 	 6.76 

61	0	 4	 0	Row	138	 4	149 	 1173 	 11.73 
61	0	 4	 0	Col	138	 4	132 	 1156 	 11.56 

62	0	 4	 0	Row	98	 12	151 	 3223 	 32.23 
62	0	 4	 0	Col	98	 12	136 	 3208 	 32.08 

63	0	 4	 0	Row	76	 11	129 	 2945 	 29.45 
63	0	 4	 0	Col	76	 11	113 	 2929 	 29.29 

64	0	 4	 0	Row	81	 3	188 	 956 	 9.56 
64	0	 4	 0	Col	81	 3	171 	 939 	 9.39 

65	0	 4	 0	Row	3	 2	56 	 568 	 5.68 
65	0	 4	 0	Col	3	 2	34 	 546 	 5.46 

66	0	 4	 0	Row	226	 11	251 	 3067 	 30.67 
66	0	 4	 0	Col	226	 11	236 	 3052 	 30.52 

67	0	 4	 0	Row	138	 11	63 	 2879 	 28.79 
67	0	 4	 0	Col	138	 11	48 	 2864 	 28.64 

68	0	 4	 0	Row	141	 14	155 	 3739 	 37.39 
68	0	 4	 0	Col	141	 14	140 	 3724 	 37.24 

69	0	 4	 0	Row	249	 12	151 	 3223 	 32.23 
69	0	 4	 0	Col	249	 12	135 	 3207 	 32.07 

70	0	 4	 0	Row	69	 6	12 	 1548 	 15.48 
70	0	 4	 0	Col	69	 5	252 	 1532 	 15.32 

71	0	 4	 0	Row	131	 6	73 	 1609 	 16.09 
71	0	 4	 0	Col	131	 6	56 	 1592 	 15.92 

72	0	 4	 0	Row	155	 4	212 	 1236 	 12.36 
72	0	 4	 0	Col	155	 4	195 	 1219 	 12.19 

73	0	 4	 0	Row	155	 14	1 	 3585 	 35.85 
73	0	 4	 0	Col	171	 13	241 	 3569 	 35.69 

74	0	 4	 0	Row	237	 4	216 	 1240 	 12.4 
74	0	 4	 0	Col	237	 4	200 	 1224 	 12.24 

75	0	 4	 0	Row	227	 0	160 	 160 	 1.6 
75	0	 4	 0	Col	227	 0	120 	 120 	 1.2 

76	0	 4	 0	Row	228	 0	50 	 50 	 0.5 

77	0	 4	 0	Row	210	 0	199 	 199 	 1.99 
77	0	 4	 0	Col	210	 0	182 	 182 	 1.82 

78	0	 4	 0	Row	127	 13	129 	 3457 	 34.57 
78	0	 4	 0	Col	127	 13	113 	 3441 	 34.41 

79	0	 4	 0	Row	31	 13	95 	 3423 	 34.23 
79	0	 4	 0	Col	31	 13	79 	 3407 	 34.07 

80	0	 4	 0	Row	21	 12	238 	 3310 	 33.1 
80	0	 4	 0	Col	21	 12	222 	 3294 	 32.94 

81	0	 4	 0	Row	75	 4	17 	 1041 	 10.41 
81	0	 4	 0	Col	75	 4	0 	 1024 	 10.24 

82	0	 4	 0	Row	66	 5	144 	 1424 	 14.24 
82	0	 4	 0	Col	66	 5	110 	 1390 	 13.9 

83	0	 4	 0	Row	98	 3	194 	 962 	 9.62 
83	0	 4	 0	Col	98	 3	178 	 946 	 9.46 

84	0	 4	 0	Row	8	 1	212 	 468 	 4.68 
84	0	 4	 0	Col	8	 1	196 	 452 	 4.52 

85	0	 4	 0	Row	1	 3	210 	 978 	 9.78 
85	0	 4	 0	Col	1	 3	178 	 946 	 9.46 

86	0	 4	 0	Row	28	 10	209 	 2769 	 27.69 
86	0	 4	 0	Col	28	 10	194 	 2754 	 27.54 

87	0	 4	 0	Row	182	 11	212 	 3028 	 30.28 
87	0	 4	 0	Col	182	 11	197 	 3013 	 30.13 

88	0	 4	 0	Row	85	 3	37 	 805 	 8.05 
88	0	 4	 0	Col	85	 3	21 	 789 	 7.89 

89	0	 4	 0	Row	130	 13	208 	 3536 	 35.36 
89	0	 4	 0	Col	130	 13	193 	 3521 	 35.21 

90	0	 4	 0	Row	159	 4	34 	 1058 	 10.58 
90	0	 4	 0	Col	159	 4	17 	 1041 	 10.41 

91	0	 4	 0	Row	36	 3	7 	 775 	 7.75 
91	0	 4	 0	Col	36	 2	247 	 759 	 7.59 

92	0	 4	 0	Row	104	 8	206 	 2254 	 22.54 
92	0	 4	 0	Col	104	 8	190 	 2238 	 22.38 

93	0	 4	 0	Row	137	 11	48 	 2864 	 28.64 
93	0	 4	 0	Col	137	 11	32 	 2848 	 28.48 

94	0	 4	 0	Row	154	 11	175 	 2991 	 29.91 
94	0	 4	 0	Col	154	 11	159 	 2975 	 29.75 

95	0	 4	 0	Row	18	 6	7 	 1543 	 15.43 
95	0	 4	 0	Col	18	 5	247 	 1527 	 15.27 

96	0	 4	 0	Row	244	 11	159 	 2975 	 29.75 
96	0	 4	 0	Col	244	 11	144 	 2960 	 29.6 

97	0	 4	 0	Row	101	 2	224 	 736 	 7.36 
97	0	 4	 0	Col	101	 2	206 	 718 	 7.18 

98	0	 4	 0	Row	184	 3	217 	 985 	 9.85 
98	0	 4	 0	Col	184	 3	201 	 969 	 9.69 

99	0	 4	 0	Row	148	 3	159 	 927 	 9.27 
99	0	 4	 0	Col	148	 3	142 	 910 	 9.1 

100	0	 4	 0	Row	228	 11	23 	 2839 	 28.39 
100	0	 4	 0	Col	228	 11	6 	 2822 	 28.22 

101	0	 4	 0	Row	211	 5	129 	 1409 	 14.09 
101	0	 4	 0	Col	211	 5	109 	 1389 	 13.89 

102	0	 4	 0	Row	245	 11	245 	 3061 	 30.61 
102	0	 4	 0	Col	245	 11	227 	 3043 	 30.43 

103	0	 4	 0	Row	152	 13	155 	 3483 	 34.83 
103	0	 4	 0	Col	152	 13	137 	 3465 	 34.65 

104	0	 4	 0	Row	83	 10	219 	 2779 	 27.79 
104	0	 4	 0	Col	83	 10	202 	 2762 	 27.62 

105	0	 4	 0	Row	188	 4	117 	 1141 	 11.41 
105	0	 4	 0	Col	188	 4	101 	 1125 	 11.25 

106	0	 4	 0	Row	76	 12	191 	 3263 	 32.63 
106	0	 4	 0	Col	76	 12	176 	 3248 	 32.48 

107	0	 4	 0	Row	125	 12	249 	 3321 	 33.21 
107	0	 4	 0	Col	125	 12	233 	 3305 	 33.05 

108	0	 4	 0	Row	200	 11	200 	 3016 	 30.16 
108	0	 4	 0	Col	200	 11	185 	 3001 	 30.01 

109	0	 4	 0	Row	200	 0	13 	 13 	 0.13 

110	0	 4	 0	Row	215	 11	97 	 2913 	 29.13 
110	0	 4	 0	Col	215	 11	81 	 2897 	 28.97 

111	0	 4	 0	Row	181	 12	9 	 3081 	 30.81 
111	0	 4	 0	Col	181	 11	249 	 3065 	 30.65 

112	0	 4	 0	Row	248	 3	100 	 868 	 8.68 
112	0	 4	 0	Col	248	 3	83 	 851 	 8.51 

113	0	 4	 0	Row	176	 2	3 	 515 	 5.15 
113	0	 4	 0	Col	176	 1	242 	 498 	 4.98 

114	0	 4	 0	Row	103	 1	89 	 345 	 3.45 
114	0	 4	 0	Col	103	 1	73 	 329 	 3.29 

115	0	 4	 0	Row	209	 4	1 	 1025 	 10.25 
115	0	 4	 0	Col	209	 3	241 	 1009 	 10.09 

116	0	 4	 0	Row	203	 2	135 	 647 	 6.47 
116	0	 4	 0	Col	203	 2	119 	 631 	 6.31 

117	0	 4	 0	Row	165	 2	210 	 722 	 7.22 
117	0	 4	 0	Col	165	 2	194 	 706 	 7.06 

118	0	 4	 0	Row	141	 12	19 	 3091 	 30.91 
118	0	 4	 0	Col	141	 12	3 	 3075 	 30.75 

119	0	 4	 0	Row	38	 12	142 	 3214 	 32.14 
119	0	 4	 0	Col	38	 12	127 	 3199 	 31.99 

120	0	 4	 0	Row	181	 4	82 	 1106 	 11.06 
120	0	 4	 0	Col	181	 4	66 	 1090 	 10.9 

121	0	 4	 0	Row	120	 13	44 	 3372 	 33.72 
121	0	 4	 0	Col	120	 13	28 	 3356 	 33.56 

122	0	 4	 0	Row	178	 12	248 	 3320 	 33.2 
122	0	 4	 0	Col	178	 12	232 	 3304 	 33.04 

123	0	 4	 0	Row	222	 12	203 	 3275 	 32.75 
123	0	 4	 0	Col	222	 12	186 	 3258 	 32.58 

124	0	 4	 0	Row	209	 12	188 	 3260 	 32.6 
124	0	 4	 0	Col	209	 12	171 	 3243 	 32.43 

125	0	 4	 0	Row	209	 3	85 	 853 	 8.53 
125	0	 4	 0	Col	209	 3	67 	 835 	 8.35 

126	0	 4	 0	Row	83	 3	151 	 919 	 9.19 
126	0	 4	 0	Col	83	 3	136 	 904 	 9.04 

127	0	 4	 0	Row	103	 3	114 	 882 	 8.82 
127	0	 4	 0	Col	103	 3	97 	 865 	 8.65 

128	0	 4	 0	Row	21	 1	186 	 442 	 4.42 
128	0	 4	 0	Col	21	 1	170 	 426 	 4.26 

129	0	 4	 0	Row	52	 2	27 	 539 	 5.39 
129	0	 4	 0	Col	52	 2	10 	 522 	 5.22 

130	0	 4	 0	Row	126	 13	135 	 3463 	 34.63 
130	0	 4	 0	Col	126	 13	118 	 3446 	 34.46 

131	0	 4	 0	Row	163	 12	43 	 3115 	 31.15 
131	0	 4	 0	Col	163	 12	27 	 3099 	 30.99 

132	0	 4	 0	Row	243	 3	204 	 972 	 9.72 
132	0	 4	 0	Col	243	 3	188 	 956 	 9.56 

133	0	 4	 0	Row	25	 3	200 	 968 	 9.68 
133	0	 4	 0	Col	25	 3	184 	 952 	 9.52 

134	0	 4	 0	Row	170	 6	107 	 1643 	 16.43 
134	0	 4	 0	Col	170	 6	92 	 1628 	 16.28 

135	0	 4	 0	Row	75	 5	157 	 1437 	 14.37 
135	0	 4	 0	Col	75	 5	141 	 1421 	 14.21 

136	0	 4	 0	Row	176	 1	199 	 455 	 4.55 
136	0	 4	 0	Col	176	 1	183 	 439 	 4.39 

137	0	 4	 0	Row	115	 12	47 	 3119 	 31.19 
137	0	 4	 0	Col	115	 12	30 	 3102 	 31.02 

138	0	 4	 0	Row	65	 14	40 	 3624 	 36.24 
138	0	 4	 0	Col	65	 14	24 	 3608 	 36.08 

139	0	 4	 0	Row	250	 4	179 	 1203 	 12.03 
139	0	 4	 0	Col	250	 4	162 	 1186 	 11.86 

140	0	 4	 0	Row	31	 0	73 	 73 	 0.73 
140	0	 4	 0	Col	31	 0	55 	 55 	 0.55 

141	0	 4	 0	Row	58	 12	88 	 3160 	 31.6 
141	0	 4	 0	Col	58	 12	72 	 3144 	 31.44 

142	0	 4	 0	Row	47	 12	166 	 3238 	 32.38 
142	0	 4	 0	Col	47	 12	149 	 3221 	 32.21 

143	0	 4	 0	Row	50	 12	197 	 3269 	 32.69 
143	0	 4	 0	Col	50	 12	182 	 3254 	 32.54 

144	0	 4	 0	Row	248	 12	10 	 3082 	 30.82 
144	0	 4	 0	Col	248	 11	250 	 3066 	 30.66 

145	0	 4	 0	Row	92	 13	106 	 3434 	 34.34 
145	0	 4	 0	Col	92	 13	90 	 3418 	 34.18 

146	0	 4	 0	Row	121	 14	30 	 3614 	 36.14 
146	0	 4	 0	Col	121	 14	14 	 3598 	 35.98 

147	0	 4	 0	Row	171	 13	61 	 3389 	 33.89 
147	0	 4	 0	Col	171	 13	46 	 3374 	 33.74 

148	0	 4	 0	Row	23	 14	50 	 3634 	 36.34 
148	0	 4	 0	Col	23	 14	35 	 3619 	 36.19 

149	0	 4	 0	Row	7	 3	178 	 946 	 9.46 
149	0	 4	 0	Col	7	 3	163 	 931 	 9.31 

150	0	 4	 0	Row	140	 11	163 	 2979 	 29.79 
150	0	 4	 0	Col	140	 11	147 	 2963 	 29.63 

151	0	 4	 0	Row	108	 5	66 	 1346 	 13.46 
151	0	 4	 0	Col	108	 5	50 	 1330 	 13.3 

152	0	 4	 0	Row	241	 3	15 	 783 	 7.83 
152	0	 4	 0	Col	241	 2	255 	 767 	 7.67 

153	0	 4	 0	Row	11	 4	136 	 1160 	 11.6 
153	0	 4	 0	Col	11	 4	120 	 1144 	 11.44 

154	0	 4	 0	Row	157	 0	37 	 37 	 0.37 
154	0	 4	 0	Col	157	 0	21 	 21 	 0.21 

155	0	 4	 0	Row	142	 4	4 	 1028 	 10.28 
155	0	 4	 0	Col	142	 3	242 	 1010 	 10.1 

156	0	 4	 0	Row	210	 3	157 	 925 	 9.25 
156	0	 4	 0	Col	210	 3	141 	 909 	 9.09 

157	0	 4	 0	Row	129	 3	55 	 823 	 8.23 
157	0	 4	 0	Col	129	 3	35 	 803 	 8.03 

158	0	 4	 0	Row	201	 11	10 	 2826 	 28.26 
158	0	 4	 0	Col	201	 10	251 	 2811 	 28.11 

159	0	 4	 0	Row	150	 2	120 	 632 	 6.32 
159	0	 4	 0	Col	150	 2	104 	 616 	 6.16 

160	0	 4	 0	Row	122	 11	212 	 3028 	 30.28 
160	0	 4	 0	Col	122	 11	197 	 3013 	 30.13 

161	0	 4	 0	Row	73	 14	1 	 3585 	 35.85 
161	0	 4	 0	Col	73	 13	241 	 3569 	 35.69 

162	0	 4	 0	Row	32	 1	130 	 386 	 3.86 
162	0	 4	 0	Col	32	 1	115 	 371 	 3.71 

163	0	 4	 0	Row	34	 1	161 	 417 	 4.17 
163	0	 4	 0	Col	34	 1	144 	 400 	 4.0 

164	0	 4	 0	Row	239	 1	187 	 443 	 4.43 
164	0	 4	 0	Col	239	 1	168 	 424 	 4.24 

165	0	 4	 0	Row	81	 6	242 	 1778 	 17.78 
165	0	 4	 0	Col	81	 6	226 	 1762 	 17.62 

166	0	 4	 0	Row	229	 3	110 	 878 	 8.78 
166	0	 4	 0	Col	229	 3	94 	 862 	 8.62 

167	0	 4	 0	Row	22	 13	194 	 3522 	 35.22 
167	0	 4	 0	Col	22	 13	179 	 3507 	 35.07 

168	0	 4	 0	Row	229	 11	44 	 2860 	 28.6 
168	0	 4	 0	Col	229	 11	28 	 2844 	 28.44 

169	0	 4	 0	Row	167	 4	32 	 1056 	 10.56 
169	0	 4	 0	Col	167	 4	16 	 1040 	 10.4 

170	0	 4	 0	Row	210	 3	234 	 1002 	 10.02 
170	0	 4	 0	Col	211	 3	212 	 980 	 9.8 

171	0	 4	 0	Row	212	 3	198 	 966 	 9.66 
171	0	 4	 0	Col	212	 3	182 	 950 	 9.5 

172	0	 4	 0	Row	123	 4	102 	 1126 	 11.26 
172	0	 4	 0	Col	123	 4	86 	 1110 	 11.1 

173	0	 4	 0	Row	178	 3	251 	 1019 	 10.19 
173	0	 4	 0	Col	178	 3	236 	 1004 	 10.04 

174	0	 4	 0	Row	32	 4	198 	 1222 	 12.22 
174	0	 4	 0	Col	32	 4	182 	 1206 	 12.06 

175	0	 4	 0	Row	74	 13	110 	 3438 	 34.38 
175	0	 4	 0	Col	74	 13	94 	 3422 	 34.22 

176	0	 4	 0	Row	146	 4	126 	 1150 	 11.5 
176	0	 4	 0	Col	146	 4	110 	 1134 	 11.34 

177	0	 4	 0	Row	108	 2	250 	 762 	 7.62 
177	0	 4	 0	Col	108	 2	225 	 737 	 7.37 

178	0	 4	 0	Row	12	 2	170 	 682 	 6.82 
178	0	 4	 0	Col	12	 2	152 	 664 	 6.64 

179	0	 4	 0	Row	170	 3	192 	 960 	 9.6 
179	0	 4	 0	Col	170	 3	175 	 943 	 9.43 

180	0	 4	 0	Row	171	 11	87 	 2903 	 29.03 
180	0	 4	 0	Col	171	 11	71 	 2887 	 28.87 

181	0	 4	 0	Row	150	 3	22 	 790 	 7.9 
181	0	 4	 0	Col	150	 3	7 	 775 	 7.75 

182	0	 4	 0	Row	58	 12	206 	 3278 	 32.78 
182	0	 4	 0	Col	58	 12	190 	 3262 	 32.62 

183	0	 4	 0	Row	206	 0	233 	 233 	 2.33 
183	0	 4	 0	Col	206	 0	218 	 218 	 2.18 

184	0	 4	 0	Row	137	 13	25 	 3353 	 33.53 
184	0	 4	 0	Col	137	 13	9 	 3337 	 33.37 

185	0	 4	 0	Row	182	 4	109 	 1133 	 11.33 
185	0	 4	 0	Col	182	 4	93 	 1117 	 11.17 

186	0	 4	 0	Row	185	 0	159 	 159 	 1.59 
186	0	 4	 0	Col	185	 0	106 	 106 	 1.06 

187	0	 4	 0	Row	4	 14	12 	 3596 	 35.96 
187	0	 4	 0	Col	4	 13	252 	 3580 	 35.8 

188	0	 4	 0	Row	4	 0	34 	 34 	 0.34 
188	0	 4	 0	Col	4	 0	8 	 8 	 0.08 

189	0	 4	 0	Row	18	 2	244 	 756 	 7.56 
189	0	 4	 0	Col	18	 2	229 	 741 	 7.41 

190	0	 4	 0	Row	73	 4	2 	 1026 	 10.26 
190	0	 4	 0	Col	73	 3	241 	 1009 	 10.09 

191	0	 4	 0	Row	57	 5	241 	 1521 	 15.21 
191	0	 4	 0	Col	57	 5	224 	 1504 	 15.04 

192	0	 4	 0	Row	33	 3	135 	 903 	 9.03 
192	0	 4	 0	Col	33	 3	120 	 888 	 8.88 

193	0	 4	 0	Row	122	 4	45 	 1069 	 10.69 
193	0	 4	 0	Col	122	 4	30 	 1054 	 10.54 

194	0	 4	 0	Row	242	 7	12 	 1804 	 18.04 
194	0	 4	 0	Col	242	 6	252 	 1788 	 17.88 

195	0	 4	 0	Row	62	 3	120 	 888 	 8.88 
195	0	 4	 0	Col	62	 3	105 	 873 	 8.73 

196	0	 4	 0	Row	142	 10	62 	 2622 	 26.22 
196	0	 4	 0	Col	142	 10	46 	 2606 	 26.06 

197	0	 4	 0	Row	96	 2	233 	 745 	 7.45 
197	0	 4	 0	Col	96	 2	216 	 728 	 7.28 

198	0	 4	 0	Row	126	 3	44 	 812 	 8.12 
198	0	 4	 0	Col	126	 3	26 	 794 	 7.94 

199	0	 4	 0	Row	27	 3	249 	 1017 	 10.17 
199	0	 4	 0	Col	27	 3	233 	 1001 	 10.01 

200	0	 4	 0	Row	188	 3	165 	 933 	 9.33 
200	0	 4	 0	Col	188	 3	149 	 917 	 9.17 

201	0	 4	 0	Row	99	 11	181 	 2997 	 29.97 
201	0	 4	 0	Col	99	 11	166 	 2982 	 29.82 

202	0	 4	 0	Row	246	 0	165 	 165 	 1.65 
202	0	 4	 0	Col	246	 0	149 	 149 	 1.49 

203	0	 4	 0	Row	229	 12	95 	 3167 	 31.67 
203	0	 4	 0	Col	229	 12	79 	 3151 	 31.51 

204	0	 4	 0	Row	51	 10	202 	 2762 	 27.62 
204	0	 4	 0	Col	51	 10	187 	 2747 	 27.47 

205	0	 4	 0	Row	22	 11	11 	 2827 	 28.27 
205	0	 4	 0	Col	22	 10	251 	 2811 	 28.11 

206	0	 4	 0	Row	83	 12	86 	 3158 	 31.58 
206	0	 4	 0	Col	83	 12	71 	 3143 	 31.43 

207	0	 4	 0	Row	156	 3	207 	 975 	 9.75 
207	0	 4	 0	Col	156	 3	192 	 960 	 9.6 

208	0	 4	 0	Row	106	 12	224 	 3296 	 32.96 
208	0	 4	 0	Col	106	 12	207 	 3279 	 32.79 

209	0	 4	 0	Row	82	 7	191 	 1983 	 19.83 
209	0	 4	 0	Col	82	 7	175 	 1967 	 19.67 

210	0	 4	 0	Row	185	 3	250 	 1018 	 10.18 
210	0	 4	 0	Col	185	 3	234 	 1002 	 10.02 

211	0	 4	 0	Row	4	 12	106 	 3178 	 31.78 
211	0	 4	 0	Col	4	 12	90 	 3162 	 31.62 

212	0	 4	 0	Row	197	 3	53 	 821 	 8.21 
212	0	 4	 0	Col	197	 3	35 	 803 	 8.03 

213	0	 4	 0	Row	4	 3	148 	 916 	 9.16 
213	0	 4	 0	Col	4	 3	133 	 901 	 9.01 

214	0	 4	 0	Row	135	 3	149 	 917 	 9.17 
214	0	 4	 0	Col	135	 3	132 	 900 	 9.0 

215	0	 4	 0	Row	113	 11	91 	 2907 	 29.07 
215	0	 4	 0	Col	113	 11	75 	 2891 	 28.91 

216	0	 4	 0	Row	30	 13	88 	 3416 	 34.16 
216	0	 4	 0	Col	30	 13	72 	 3400 	 34.0 

217	0	 4	 0	Row	69	 4	140 	 1164 	 11.64 
217	0	 4	 0	Col	69	 4	125 	 1149 	 11.49 

218	0	 4	 0	Row	249	 3	55 	 823 	 8.23 
218	0	 4	 0	Col	249	 3	39 	 807 	 8.07 

219	0	 4	 0	Row	104	 5	72 	 1352 	 13.52 
219	0	 4	 0	Col	104	 5	56 	 1336 	 13.36 

220	0	 4	 0	Row	34	 3	149 	 917 	 9.17 
220	0	 4	 0	Col	34	 3	133 	 901 	 9.01 

221	0	 4	 0	Row	101	 3	205 	 973 	 9.73 
221	0	 4	 0	Col	101	 3	189 	 957 	 9.57 

222	0	 4	 0	Row	16	 4	206 	 1230 	 12.3 
222	0	 4	 0	Col	16	 4	190 	 1214 	 12.14 

223	0	 4	 0	Row	129	 4	225 	 1249 	 12.49 
223	0	 4	 0	Col	129	 4	209 	 1233 	 12.33 

224	0	 4	 0	Row	36	 12	107 	 3179 	 31.79 
224	0	 4	 0	Col	36	 12	92 	 3164 	 31.64 

225	0	 4	 0	Row	60	 11	144 	 2960 	 29.6 
225	0	 4	 0	Col	60	 11	127 	 2943 	 29.43 

226	0	 4	 0	Row	30	 5	130 	 1410 	 14.1 
226	0	 4	 0	Col	30	 5	113 	 1393 	 13.93 

227	0	 4	 0	Row	36	 4	19 	 1043 	 10.43 
227	0	 4	 0	Col	36	 4	3 	 1027 	 10.27 

228	0	 4	 0	Row	236	 12	27 	 3099 	 30.99 
228	0	 4	 0	Col	236	 12	11 	 3083 	 30.83 

229	0	 4	 0	Row	65	 1	10 	 266 	 2.66 
229	0	 4	 0	Col	65	 0	250 	 250 	 2.5 

230	0	 4	 0	Row	127	 4	253 	 1277 	 12.77 
230	0	 4	 0	Col	127	 4	238 	 1262 	 12.62 

231	0	 4	 0	Row	94	 1	240 	 496 	 4.96 
231	0	 4	 0	Col	94	 1	224 	 480 	 4.8 

232	0	 4	 0	Row	126	 2	229 	 741 	 7.41 
232	0	 4	 0	Col	126	 2	213 	 725 	 7.25 

233	0	 4	 0	Row	85	 5	121 	 1401 	 14.01 
233	0	 4	 0	Col	85	 5	105 	 1385 	 13.85 

234	0	 4	 0	Row	39	 3	107 	 875 	 8.75 
234	0	 4	 0	Col	39	 3	91 	 859 	 8.59 

235	0	 4	 0	Row	32	 12	142 	 3214 	 32.14 
235	0	 4	 0	Col	32	 12	127 	 3199 	 31.99 

236	0	 4	 0	Row	171	 6	71 	 1607 	 16.07 
236	0	 4	 0	Col	171	 6	54 	 1590 	 15.9 

237	0	 4	 0	Row	187	 12	112 	 3184 	 31.84 
237	0	 4	 0	Col	187	 12	96 	 3168 	 31.68 

238	0	 4	 0	Row	100	 13	14 	 3342 	 33.42 
238	0	 4	 0	Col	100	 12	254 	 3326 	 33.26 

239	0	 4	 0	Row	219	 12	83 	 3155 	 31.55 
239	0	 4	 0	Col	219	 12	68 	 3140 	 31.4 

240	0	 4	 0	Row	26	 12	125 	 3197 	 31.97 
240	0	 4	 0	Col	26	 12	107 	 3179 	 31.79 

241	0	 4	 0	Row	145	 5	141 	 1421 	 14.21 
241	0	 4	 0	Col	145	 5	126 	 1406 	 14.06 

242	0	 4	 0	Row	243	 12	157 	 3229 	 32.29 
242	0	 4	 0	Col	243	 12	142 	 3214 	 32.14 

243	0	 4	 0	Row	221	 6	97 	 1633 	 16.33 
243	0	 4	 0	Col	221	 6	82 	 1618 	 16.18 

244	0	 4	 0	Row	124	 12	248 	 3320 	 33.2 
244	0	 4	 0	Col	124	 12	232 	 3304 	 33.04 

245	0	 4	 0	Row	31	 6	208 	 1744 	 17.44 
245	0	 4	 0	Col	31	 6	192 	 1728 	 17.28 

246	0	 4	 0	Row	88	 2	101 	 613 	 6.13 
246	0	 4	 0	Col	88	 2	85 	 597 	 5.97 

247	0	 4	 0	Row	114	 13	16 	 3344 	 33.44 
247	0	 4	 0	Col	114	 13	0 	 3328 	 33.28 

248	0	 4	 0	Row	114	 0	24 	 24 	 0.24 

249	0	 4	 0	Row	8	 5	120 	 1400 	 14.0 
249	0	 4	 0	Col	8	 5	102 	 1382 	 13.82 

250	0	 4	 0	Row	19	 4	64 	 1088 	 10.88 
250	0	 4	 0	Col	19	 4	47 	 1071 	 10.71 

251	0	 4	 0	Row	62	 4	175 	 1199 	 11.99 
251	0	 4	 0	Col	62	 4	159 	 1183 	 11.83 

252	0	 4	 0	Row	55	 2	181 	 693 	 6.93 
252	0	 4	 0	Col	55	 2	164 	 676 	 6.76 

253	0	 4	 0	Row	245	 13	14 	 3342 	 33.42 
253	0	 4	 0	Col	245	 12	254 	 3326 	 33.26 

254	0	 4	 0	Row	144	 12	138 	 3210 	 32.1 
254	0	 4	 0	Col	144	 12	123 	 3195 	 31.95 

255	0	 4	 0	Row	192	 4	136 	 1160 	 11.6 
255	0	 4	 0	Col	192	 4	120 	 1144 	 11.44 

