Voltageboard settings: [1.035, 1, 0, 0, 1, 1.1, 0, 0]
Digital: {'interrupt_pushpull': 1, 'En_Inj1': 0, 'En_Inj2': 0, 'En_Inj3': 0, 'En_Inj4': 0, 'En_Inj5': 0, 'En_Inj6': 0, 'En_Inj7': 0, 'En_Inj8': 0, 'En_Inj9': 0, 'En_Inj10': 0, 'En_Inj11': 0, 'En_Inj12': 0, 'En_Inj13': 0, 'En_Inj14': 0, 'En_Inj15': 0, 'En_Inj16': 0, 'En_Inj17': 0, 'En_Inj18': 0, 'ResetB': 0, 'Extrabit0': 1, 'Extrabit1': 1, 'Extrabit2': 1, 'Extrabit3': 1, 'Extrabit4': 1, 'Extrabit5': 1, 'Extrabit6': 1, 'Extrabit7': 1, 'Extrabit8': 0, 'Extrabit9': 0, 'Extrabit10': 0, 'Extrabit11': 0, 'Extrabit12': 0, 'Extrabit13': 0, 'Extrabit14': 0}
Biasblock: {'DisHiDR': 0, 'q01': 0, 'qon0': 0, 'qon1': 1, 'qon2': 0, 'qon3': 1}
DAC: {'blres': 0, 'nu1': 0, 'vn1': 20, 'vnfb': 1, 'vnfoll': 10, 'nu5': 0, 'nu6': 0, 'nu7': 0, 'nu8': 0, 'vn2': 0, 'vnfoll2': 1, 'vnbias': 0, 'vpload': 5, 'nu13': 0, 'vncomp': 2, 'vpfoll': 60, 'nu16': 0, 'vprec': 30, 'vnrec': 30}
Receiver: {'ColConfig0': 274877906940, 'ColConfig1': 68719476734, 'ColConfig2': 68719476734, 'ColConfig3': 68719476734, 'ColConfig4': 68719476734, 'ColConfig5': 68719476734, 'ColConfig6': 68719476734, 'ColConfig7': 68719476734, 'ColConfig8': 68719476734, 'ColConfig9': 68719476734, 'ColConfig10': 68719476734, 'ColConfig11': 68719476734, 'ColConfig12': 68719476734, 'ColConfig13': 68719476734, 'ColConfig14': 68719476734, 'ColConfig15': 68719476734, 'ColConfig16': 68719476734, 'ColConfig17': 68719476734, 'ColConfig18': 68719476734, 'ColConfig19': 68719476734, 'ColConfig20': 68719476734, 'ColConfig21': 68719476734, 'ColConfig22': 68719476734, 'ColConfig23': 68719476734, 'ColConfig24': 68719476734, 'ColConfig25': 68719476734, 'ColConfig26': 68719476734, 'ColConfig27': 68719476734, 'ColConfig28': 68719476734, 'ColConfig29': 68719476734, 'ColConfig30': 68719476734, 'ColConfig31': 68719476734, 'ColConfig32': 68719476734, 'ColConfig33': 68719476734, 'ColConfig34': 68719476734}

NEvent	ChipId	Payload	Locatn	Row/Col	tStamp	MSB	LSB	ToT	ToT(us)
0	0	 4	 0	Row	188	 3	49 	 817 	 8.17 
0	0	 4	 0	Col	188	 3	33 	 801 	 8.01 

1	0	 4	 0	Row	56	 11	122 	 2938 	 29.38 
1	0	 4	 0	Col	56	 11	106 	 2922 	 29.22 

2	0	 4	 0	Row	217	 12	58 	 3130 	 31.3 
2	0	 4	 0	Col	217	 12	43 	 3115 	 31.15 

3	0	 4	 0	Row	1	 3	166 	 934 	 9.34 
3	0	 4	 0	Col	1	 3	150 	 918 	 9.18 

4	0	 4	 0	Row	158	 1	126 	 382 	 3.82 
4	0	 4	 0	Col	158	 1	109 	 365 	 3.65 

5	0	 4	 0	Row	20	 4	36 	 1060 	 10.6 
5	0	 4	 0	Col	20	 4	20 	 1044 	 10.44 

6	0	 4	 0	Row	130	 12	26 	 3098 	 30.98 
6	0	 4	 0	Col	130	 12	8 	 3080 	 30.8 

7	0	 4	 0	Row	244	 13	197 	 3525 	 35.25 
7	0	 4	 0	Col	244	 13	182 	 3510 	 35.1 

8	0	 4	 0	Row	146	 13	27 	 3355 	 33.55 
8	0	 4	 0	Col	146	 13	11 	 3339 	 33.39 

9	0	 4	 0	Row	113	 6	140 	 1676 	 16.76 
9	0	 4	 0	Col	113	 6	124 	 1660 	 16.6 

10	0	 4	 0	Row	54	 13	56 	 3384 	 33.84 
10	0	 4	 0	Col	54	 13	40 	 3368 	 33.68 

11	0	 4	 0	Row	119	 1	23 	 279 	 2.79 
11	0	 4	 0	Col	119	 1	3 	 259 	 2.59 

12	0	 4	 0	Row	38	 4	95 	 1119 	 11.19 
12	0	 4	 0	Col	38	 4	78 	 1102 	 11.02 

13	0	 4	 0	Row	195	 11	138 	 2954 	 29.54 
13	0	 4	 0	Col	195	 11	123 	 2939 	 29.39 

14	0	 4	 0	Row	42	 13	2 	 3330 	 33.3 
14	0	 4	 0	Col	42	 12	242 	 3314 	 33.14 

15	0	 4	 0	Row	111	 12	232 	 3304 	 33.04 
15	0	 4	 0	Col	111	 12	217 	 3289 	 32.89 

16	0	 4	 0	Row	226	 2	101 	 613 	 6.13 
16	0	 4	 0	Col	226	 2	85 	 597 	 5.97 

17	0	 4	 0	Row	107	 7	111 	 1903 	 19.03 
17	0	 4	 0	Col	107	 7	95 	 1887 	 18.87 

18	0	 4	 0	Row	51	 12	134 	 3206 	 32.06 
18	0	 4	 0	Col	51	 12	119 	 3191 	 31.91 

19	0	 4	 0	Row	224	 3	66 	 834 	 8.34 
19	0	 4	 0	Col	224	 3	49 	 817 	 8.17 

20	0	 4	 0	Row	138	 13	157 	 3485 	 34.85 
20	0	 4	 0	Col	138	 13	141 	 3469 	 34.69 

21	0	 4	 0	Row	244	 12	239 	 3311 	 33.11 
21	0	 4	 0	Col	244	 12	224 	 3296 	 32.96 

22	0	 4	 0	Row	150	 13	69 	 3397 	 33.97 
22	0	 4	 0	Col	150	 13	52 	 3380 	 33.8 

23	0	 4	 0	Row	239	 5	40 	 1320 	 13.2 
23	0	 4	 0	Col	239	 5	23 	 1303 	 13.03 

24	0	 4	 0	Row	145	 3	239 	 1007 	 10.07 
24	0	 4	 0	Col	145	 3	223 	 991 	 9.91 

25	0	 4	 0	Row	110	 13	184 	 3512 	 35.12 
25	0	 4	 0	Col	110	 13	168 	 3496 	 34.96 

26	0	 4	 0	Row	7	 9	186 	 2490 	 24.9 
26	0	 4	 0	Col	7	 9	170 	 2474 	 24.74 

27	0	 4	 0	Row	213	 12	83 	 3155 	 31.55 
27	0	 4	 0	Col	213	 12	67 	 3139 	 31.39 

28	0	 4	 0	Row	114	 13	38 	 3366 	 33.66 
28	0	 4	 0	Col	114	 13	22 	 3350 	 33.5 

29	0	 4	 0	Row	96	 3	62 	 830 	 8.3 
29	0	 4	 0	Col	96	 3	46 	 814 	 8.14 

30	0	 4	 0	Row	249	 3	209 	 977 	 9.77 
30	0	 4	 0	Col	249	 3	193 	 961 	 9.61 

31	0	 4	 0	Row	194	 5	85 	 1365 	 13.65 
31	0	 4	 0	Col	194	 5	69 	 1349 	 13.49 

32	0	 4	 0	Row	235	 11	193 	 3009 	 30.09 
32	0	 4	 0	Col	235	 11	177 	 2993 	 29.93 

33	0	 4	 0	Row	61	 4	232 	 1256 	 12.56 
33	0	 4	 40	Col	4	 0	61 	 61 	 0.61 
33	0	 4	 24	Col	61	 13	61 	 3389 	 33.89 

34	0	 4	 0	Row	53	 4	119 	 1143 	 11.43 
34	0	 4	 0	Col	53	 4	102 	 1126 	 11.26 

35	0	 4	 0	Row	105	 13	4 	 3332 	 33.32 
35	0	 4	 0	Col	105	 12	244 	 3316 	 33.16 

36	0	 4	 0	Row	115	 12	182 	 3254 	 32.54 
36	0	 4	 0	Col	115	 12	165 	 3237 	 32.37 

37	0	 4	 0	Row	82	 13	22 	 3350 	 33.5 
37	0	 4	 0	Col	82	 13	6 	 3334 	 33.34 

38	0	 4	 0	Row	143	 13	65 	 3393 	 33.93 
38	0	 4	 0	Col	143	 13	49 	 3377 	 33.77 

39	0	 4	 0	Row	186	 13	198 	 3526 	 35.26 
39	0	 4	 0	Col	186	 13	182 	 3510 	 35.1 

40	0	 4	 0	Row	200	 5	129 	 1409 	 14.09 
40	0	 4	 0	Col	200	 5	113 	 1393 	 13.93 

41	0	 4	 0	Row	162	 0	66 	 66 	 0.66 
41	0	 4	 0	Col	162	 0	50 	 50 	 0.5 

42	0	 4	 0	Row	209	 12	206 	 3278 	 32.78 
42	0	 4	 0	Col	209	 12	190 	 3262 	 32.62 

43	0	 4	 0	Row	36	 13	147 	 3475 	 34.75 
43	0	 4	 0	Col	36	 13	131 	 3459 	 34.59 

44	0	 4	 0	Row	50	 12	187 	 3259 	 32.59 
44	0	 4	 0	Col	50	 12	171 	 3243 	 32.43 

45	0	 4	 0	Row	139	 4	139 	 1163 	 11.63 
45	0	 4	 0	Col	139	 4	123 	 1147 	 11.47 

46	0	 4	 0	Row	237	 3	212 	 980 	 9.8 
46	0	 4	 0	Col	237	 3	195 	 963 	 9.63 

47	0	 4	 0	Row	68	 11	214 	 3030 	 30.3 
47	0	 4	 0	Col	68	 11	198 	 3014 	 30.14 

48	0	 4	 0	Row	134	 13	89 	 3417 	 34.17 
48	0	 4	 0	Col	134	 13	73 	 3401 	 34.01 

49	0	 4	 0	Row	98	 12	56 	 3128 	 31.28 
49	0	 4	 0	Col	98	 12	39 	 3111 	 31.11 

50	0	 4	 0	Row	67	 5	202 	 1482 	 14.82 
50	0	 4	 0	Col	67	 5	186 	 1466 	 14.66 

51	0	 4	 0	Row	157	 13	87 	 3415 	 34.15 
51	0	 4	 0	Col	157	 13	71 	 3399 	 33.99 

52	0	 4	 0	Row	18	 1	214 	 470 	 4.7 
52	0	 4	 0	Col	18	 1	199 	 455 	 4.55 

53	0	 4	 0	Row	250	 11	252 	 3068 	 30.68 
53	0	 4	 0	Col	250	 11	235 	 3051 	 30.51 

54	0	 4	 0	Row	144	 13	121 	 3449 	 34.49 
54	0	 4	 0	Col	144	 13	106 	 3434 	 34.34 

55	0	 4	 0	Row	173	 5	89 	 1369 	 13.69 
55	0	 4	 0	Col	173	 5	72 	 1352 	 13.52 

56	0	 4	 0	Row	204	 13	196 	 3524 	 35.24 
56	0	 4	 0	Col	204	 13	180 	 3508 	 35.08 

57	0	 4	 0	Row	50	 12	186 	 3258 	 32.58 
57	0	 4	 0	Col	50	 12	169 	 3241 	 32.41 

58	0	 4	 0	Row	68	 11	163 	 2979 	 29.79 
58	0	 4	 0	Col	68	 11	148 	 2964 	 29.64 

59	0	 4	 0	Row	215	 12	11 	 3083 	 30.83 
59	0	 4	 0	Col	215	 11	251 	 3067 	 30.67 

60	0	 4	 0	Row	27	 11	77 	 2893 	 28.93 
60	0	 4	 0	Col	27	 11	62 	 2878 	 28.78 

61	0	 4	 0	Row	43	 1	23 	 279 	 2.79 
61	0	 4	 0	Col	43	 0	249 	 249 	 2.49 

62	0	 4	 0	Row	135	 13	22 	 3350 	 33.5 
62	0	 4	 0	Col	135	 13	6 	 3334 	 33.34 

63	0	 4	 0	Row	225	 11	37 	 2853 	 28.53 
63	0	 4	 0	Col	225	 11	19 	 2835 	 28.35 

64	0	 4	 0	Row	87	 11	167 	 2983 	 29.83 
64	0	 4	 0	Col	87	 11	152 	 2968 	 29.68 

65	0	 4	 0	Row	138	 14	9 	 3593 	 35.93 
65	0	 4	 0	Col	138	 13	250 	 3578 	 35.78 

66	0	 4	 0	Row	143	 1	126 	 382 	 3.82 
66	0	 4	 0	Col	143	 1	110 	 366 	 3.66 

67	0	 4	 0	Row	135	 12	248 	 3320 	 33.2 
67	0	 4	 0	Col	135	 12	232 	 3304 	 33.04 

68	0	 4	 0	Row	254	 12	90 	 3162 	 31.62 
68	0	 4	 0	Col	254	 12	75 	 3147 	 31.47 

69	0	 4	 0	Row	233	 12	56 	 3128 	 31.28 
69	0	 4	 0	Col	233	 12	41 	 3113 	 31.13 

70	0	 4	 0	Row	17	 4	71 	 1095 	 10.95 
70	0	 4	 0	Col	17	 4	56 	 1080 	 10.8 

71	0	 4	 0	Row	181	 13	122 	 3450 	 34.5 
71	0	 4	 0	Col	181	 13	107 	 3435 	 34.35 

72	0	 4	 0	Row	174	 12	169 	 3241 	 32.41 
72	0	 4	 0	Col	174	 12	152 	 3224 	 32.24 

73	0	 4	 0	Row	137	 12	44 	 3116 	 31.16 
73	0	 4	 0	Col	137	 12	28 	 3100 	 31.0 

74	0	 4	 0	Row	239	 13	38 	 3366 	 33.66 
74	0	 4	 0	Col	239	 13	22 	 3350 	 33.5 

75	0	 4	 0	Row	252	 12	190 	 3262 	 32.62 
75	0	 4	 0	Col	252	 12	175 	 3247 	 32.47 

76	0	 4	 0	Row	53	 13	206 	 3534 	 35.34 
76	0	 4	 0	Col	53	 13	190 	 3518 	 35.18 

77	0	 4	 0	Row	191	 13	181 	 3509 	 35.09 
77	0	 4	 0	Col	191	 13	165 	 3493 	 34.93 

78	0	 4	 0	Row	99	 4	123 	 1147 	 11.47 
78	0	 4	 0	Col	100	 4	93 	 1117 	 11.17 

79	0	 4	 0	Row	32	 12	111 	 3183 	 31.83 
79	0	 4	 0	Col	32	 12	95 	 3167 	 31.67 

80	0	 4	 0	Row	62	 9	188 	 2492 	 24.92 
80	0	 4	 0	Col	62	 9	155 	 2459 	 24.59 

81	0	 4	 0	Row	67	 12	249 	 3321 	 33.21 
81	0	 4	 0	Col	67	 12	232 	 3304 	 33.04 

82	0	 4	 0	Row	199	 6	40 	 1576 	 15.76 
82	0	 4	 0	Col	199	 6	24 	 1560 	 15.6 

83	0	 4	 0	Row	14	 10	117 	 2677 	 26.77 
83	0	 4	 0	Col	14	 10	102 	 2662 	 26.62 

84	0	 4	 0	Row	239	 13	117 	 3445 	 34.45 
84	0	 4	 0	Col	239	 13	101 	 3429 	 34.29 

85	0	 4	 0	Row	104	 2	253 	 765 	 7.65 
85	0	 4	 0	Col	104	 2	237 	 749 	 7.49 

86	0	 4	 0	Row	181	 2	236 	 748 	 7.48 
86	0	 4	 0	Col	181	 2	220 	 732 	 7.32 

87	0	 4	 0	Row	101	 12	25 	 3097 	 30.97 
87	0	 4	 0	Col	101	 12	9 	 3081 	 30.81 

88	0	 4	 0	Row	137	 12	67 	 3139 	 31.39 
88	0	 4	 0	Col	137	 12	50 	 3122 	 31.22 

89	0	 4	 0	Row	196	 4	156 	 1180 	 11.8 
89	0	 4	 0	Col	196	 4	139 	 1163 	 11.63 

90	0	 4	 0	Row	53	 8	240 	 2288 	 22.88 
90	0	 4	 0	Col	53	 8	225 	 2273 	 22.73 

91	0	 4	 0	Row	204	 11	191 	 3007 	 30.07 
91	0	 4	 0	Col	204	 11	174 	 2990 	 29.9 

92	0	 4	 0	Row	222	 12	132 	 3204 	 32.04 
92	0	 4	 0	Col	222	 12	116 	 3188 	 31.88 

93	0	 4	 0	Row	210	 10	123 	 2683 	 26.83 
93	0	 4	 0	Col	210	 10	107 	 2667 	 26.67 

94	0	 4	 0	Row	151	 11	36 	 2852 	 28.52 
94	0	 4	 0	Col	151	 11	18 	 2834 	 28.34 

95	0	 4	 0	Row	77	 5	5 	 1285 	 12.85 
95	0	 4	 0	Col	77	 4	245 	 1269 	 12.69 

96	0	 4	 0	Row	210	 2	79 	 591 	 5.91 
96	0	 4	 0	Col	210	 2	62 	 574 	 5.74 

97	0	 4	 0	Row	208	 11	250 	 3066 	 30.66 
97	0	 4	 0	Col	208	 11	234 	 3050 	 30.5 

98	0	 4	 0	Row	212	 11	173 	 2989 	 29.89 
98	0	 4	 0	Col	212	 11	156 	 2972 	 29.72 

99	0	 4	 0	Row	208	 13	162 	 3490 	 34.9 
99	0	 4	 0	Col	208	 13	146 	 3474 	 34.74 

100	0	 4	 0	Row	10	 10	98 	 2658 	 26.58 
100	0	 4	 0	Col	10	 10	80 	 2640 	 26.4 

101	0	 4	 0	Row	161	 13	148 	 3476 	 34.76 
101	0	 4	 0	Col	161	 13	133 	 3461 	 34.61 

102	0	 4	 0	Row	187	 11	255 	 3071 	 30.71 
102	0	 4	 0	Col	187	 11	238 	 3054 	 30.54 

103	0	 4	 0	Row	188	 12	237 	 3309 	 33.09 
103	0	 4	 0	Col	188	 12	220 	 3292 	 32.92 

104	0	 4	 0	Row	241	 12	26 	 3098 	 30.98 
104	0	 4	 0	Col	241	 12	10 	 3082 	 30.82 

105	0	 4	 0	Row	52	 6	141 	 1677 	 16.77 
105	0	 4	 0	Col	52	 6	125 	 1661 	 16.61 

106	0	 4	 0	Row	100	 12	187 	 3259 	 32.59 
106	0	 4	 0	Col	100	 12	170 	 3242 	 32.42 

107	0	 4	 0	Row	170	 4	85 	 1109 	 11.09 
107	0	 4	 0	Col	170	 4	69 	 1093 	 10.93 

108	0	 4	 0	Row	60	 2	202 	 714 	 7.14 
108	0	 4	 0	Col	61	 2	163 	 675 	 6.75 
108	0	 [0;31;40m2[0m	 35	Col	61	 13	61 	 3389 	 33.89 

109	0	 4	 0	Row	75	 3	216 	 984 	 9.84 
109	0	 4	 0	Col	75	 3	198 	 966 	 9.66 

110	0	 4	 0	Row	159	 13	49 	 3377 	 33.77 
110	0	 4	 0	Col	159	 13	32 	 3360 	 33.6 

111	0	 4	 0	Row	159	 0	37 	 37 	 0.37 

112	0	 4	 0	Row	219	 12	222 	 3294 	 32.94 
112	0	 4	 0	Col	219	 12	207 	 3279 	 32.79 

113	0	 4	 0	Row	68	 11	39 	 2855 	 28.55 
113	0	 4	 0	Col	68	 11	24 	 2840 	 28.4 

114	0	 4	 0	Row	217	 12	255 	 3327 	 33.27 
114	0	 4	 0	Col	217	 12	239 	 3311 	 33.11 

115	0	 4	 0	Row	14	 4	196 	 1220 	 12.2 
115	0	 4	 0	Col	14	 4	180 	 1204 	 12.04 

116	0	 4	 0	Row	45	 4	95 	 1119 	 11.19 
116	0	 4	 0	Col	45	 4	79 	 1103 	 11.03 

117	0	 4	 0	Row	150	 2	225 	 737 	 7.37 
117	0	 4	 0	Col	150	 2	210 	 722 	 7.22 

118	0	 4	 0	Row	209	 12	247 	 3319 	 33.19 
118	0	 4	 0	Col	209	 12	231 	 3303 	 33.03 

119	0	 4	 0	Row	110	 12	64 	 3136 	 31.36 
119	0	 4	 0	Col	110	 12	49 	 3121 	 31.21 

120	0	 4	 0	Row	120	 13	44 	 3372 	 33.72 
120	0	 4	 0	Col	120	 13	29 	 3357 	 33.57 

121	0	 4	 0	Row	180	 11	60 	 2876 	 28.76 
121	0	 4	 0	Col	180	 11	44 	 2860 	 28.6 

122	0	 4	 0	Row	73	 12	235 	 3307 	 33.07 
122	0	 4	 0	Col	73	 12	219 	 3291 	 32.91 

123	0	 4	 0	Row	12	 11	167 	 2983 	 29.83 
123	0	 4	 0	Col	12	 11	150 	 2966 	 29.66 

124	0	 4	 0	Row	60	 11	208 	 3024 	 30.24 
124	0	 4	 0	Col	60	 11	192 	 3008 	 30.08 

125	0	 4	 0	Row	196	 11	213 	 3029 	 30.29 
125	0	 4	 0	Col	196	 11	197 	 3013 	 30.13 

126	0	 4	 0	Row	50	 2	95 	 607 	 6.07 
126	0	 4	 0	Col	50	 2	80 	 592 	 5.92 

127	0	 4	 0	Row	199	 2	214 	 726 	 7.26 
127	0	 4	 0	Col	199	 2	197 	 709 	 7.09 

128	0	 4	 0	Row	97	 13	72 	 3400 	 34.0 
128	0	 4	 0	Col	97	 13	57 	 3385 	 33.85 

129	0	 4	 0	Row	37	 13	79 	 3407 	 34.07 
129	0	 4	 0	Col	37	 13	63 	 3391 	 33.91 

130	0	 4	 0	Row	119	 13	19 	 3347 	 33.47 
130	0	 4	 0	Col	119	 13	3 	 3331 	 33.31 

131	0	 4	 0	Row	28	 5	7 	 1287 	 12.87 
131	0	 4	 0	Col	28	 4	247 	 1271 	 12.71 

132	0	 4	 0	Row	11	 13	64 	 3392 	 33.92 
132	0	 4	 0	Col	11	 13	48 	 3376 	 33.76 

133	0	 4	 0	Row	164	 3	36 	 804 	 8.04 
133	0	 4	 0	Col	164	 3	22 	 790 	 7.9 

134	0	 4	 0	Row	72	 4	244 	 1268 	 12.68 
134	0	 4	 0	Col	72	 4	228 	 1252 	 12.52 

135	0	 4	 0	Row	93	 12	198 	 3270 	 32.7 
135	0	 4	 0	Col	93	 12	181 	 3253 	 32.53 

136	0	 4	 0	Row	155	 12	200 	 3272 	 32.72 
136	0	 4	 0	Col	155	 12	182 	 3254 	 32.54 

137	0	 4	 0	Row	235	 12	158 	 3230 	 32.3 
137	0	 4	 0	Col	235	 12	142 	 3214 	 32.14 

138	0	 4	 0	Row	18	 13	152 	 3480 	 34.8 
138	0	 4	 0	Col	18	 13	136 	 3464 	 34.64 

139	0	 4	 0	Row	32	 13	53 	 3381 	 33.81 
139	0	 4	 0	Col	32	 13	37 	 3365 	 33.65 

140	0	 4	 0	Row	77	 12	154 	 3226 	 32.26 
140	0	 4	 0	Col	77	 12	138 	 3210 	 32.1 

141	0	 4	 0	Row	19	 11	197 	 3013 	 30.13 
141	0	 4	 0	Col	19	 11	180 	 2996 	 29.96 

142	0	 4	 0	Row	21	 9	150 	 2454 	 24.54 
142	0	 4	 0	Col	21	 9	134 	 2438 	 24.38 

143	0	 4	 0	Row	185	 4	241 	 1265 	 12.65 
143	0	 4	 0	Col	185	 4	225 	 1249 	 12.49 

144	0	 4	 0	Row	190	 2	48 	 560 	 5.6 
144	0	 4	 0	Col	190	 2	32 	 544 	 5.44 

145	0	 4	 0	Row	60	 6	78 	 1614 	 16.14 
145	0	 4	 0	Col	60	 6	62 	 1598 	 15.98 

146	0	 4	 0	Row	11	 12	213 	 3285 	 32.85 
146	0	 4	 0	Col	11	 12	198 	 3270 	 32.7 
146	0	 4	 0	Row	224	 11	176 	 2992 	 29.92 
146	0	 4	 0	Col	224	 11	159 	 2975 	 29.75 

147	0	 4	 0	Row	14	 12	78 	 3150 	 31.5 
147	0	 4	 0	Col	14	 12	64 	 3136 	 31.36 

148	0	 4	 0	Row	231	 12	179 	 3251 	 32.51 
148	0	 4	 0	Col	231	 12	164 	 3236 	 32.36 

149	0	 4	 0	Row	108	 11	93 	 2909 	 29.09 
149	0	 4	 0	Col	108	 11	77 	 2893 	 28.93 

150	0	 4	 0	Row	24	 4	28 	 1052 	 10.52 
150	0	 4	 0	Col	24	 4	12 	 1036 	 10.36 

151	0	 4	 0	Row	24	 0	36 	 36 	 0.36 
151	0	 4	 0	Col	24	 0	21 	 21 	 0.21 

152	0	 4	 0	Row	58	 4	124 	 1148 	 11.48 
152	0	 4	 0	Col	58	 4	107 	 1131 	 11.31 

153	0	 4	 0	Row	203	 12	7 	 3079 	 30.79 
153	0	 4	 0	Col	203	 11	247 	 3063 	 30.63 

154	0	 4	 0	Row	236	 1	253 	 509 	 5.09 
154	0	 4	 0	Col	236	 1	236 	 492 	 4.92 

155	0	 4	 0	Row	119	 3	57 	 825 	 8.25 
155	0	 4	 0	Col	119	 3	41 	 809 	 8.09 

156	0	 4	 0	Row	160	 11	83 	 2899 	 28.99 
156	0	 4	 0	Col	160	 11	67 	 2883 	 28.83 

157	0	 4	 0	Row	157	 1	160 	 416 	 4.16 
157	0	 4	 0	Col	157	 1	143 	 399 	 3.99 

158	0	 4	 0	Row	132	 13	57 	 3385 	 33.85 
158	0	 4	 0	Col	132	 13	41 	 3369 	 33.69 

159	0	 4	 0	Row	139	 12	181 	 3253 	 32.53 
159	0	 4	 0	Col	139	 12	165 	 3237 	 32.37 

160	0	 4	 0	Row	34	 6	112 	 1648 	 16.48 
160	0	 4	 0	Col	34	 6	97 	 1633 	 16.33 

161	0	 4	 0	Row	75	 4	7 	 1031 	 10.31 
161	0	 4	 0	Col	75	 3	245 	 1013 	 10.13 

162	0	 4	 0	Row	8	 10	140 	 2700 	 27.0 
162	0	 4	 0	Col	8	 10	123 	 2683 	 26.83 

163	0	 4	 0	Row	51	 12	135 	 3207 	 32.07 
163	0	 4	 0	Col	51	 12	118 	 3190 	 31.9 

164	0	 4	 0	Row	235	 0	51 	 51 	 0.51 
164	0	 4	 0	Col	51	 0	27 	 27 	 0.27 

165	0	 4	 0	Row	47	 13	246 	 3574 	 35.74 
165	0	 4	 0	Col	47	 13	230 	 3558 	 35.58 

