Voltageboard settings: [1.03, 1, 0, 0, 1, 1.1, 0, 0]
Digital: {'interrupt_pushpull': 1, 'En_Inj1': 0, 'En_Inj2': 0, 'En_Inj3': 0, 'En_Inj4': 0, 'En_Inj5': 0, 'En_Inj6': 0, 'En_Inj7': 0, 'En_Inj8': 0, 'En_Inj9': 0, 'En_Inj10': 0, 'En_Inj11': 0, 'En_Inj12': 0, 'En_Inj13': 0, 'En_Inj14': 0, 'En_Inj15': 0, 'En_Inj16': 0, 'En_Inj17': 0, 'En_Inj18': 0, 'ResetB': 0, 'Extrabit0': 1, 'Extrabit1': 1, 'Extrabit2': 1, 'Extrabit3': 1, 'Extrabit4': 1, 'Extrabit5': 1, 'Extrabit6': 1, 'Extrabit7': 1, 'Extrabit8': 0, 'Extrabit9': 0, 'Extrabit10': 0, 'Extrabit11': 0, 'Extrabit12': 0, 'Extrabit13': 0, 'Extrabit14': 0}
Biasblock: {'DisHiDR': 0, 'q01': 0, 'qon0': 0, 'qon1': 1, 'qon2': 0, 'qon3': 1}
DAC: {'blres': 0, 'nu1': 0, 'vn1': 20, 'vnfb': 1, 'vnfoll': 10, 'nu5': 0, 'nu6': 0, 'nu7': 0, 'nu8': 0, 'vn2': 0, 'vnfoll2': 1, 'vnbias': 0, 'vpload': 5, 'nu13': 0, 'vncomp': 2, 'vpfoll': 60, 'nu16': 0, 'vprec': 30, 'vnrec': 30}
Receiver: {'ColConfig0': 274877906941, 'ColConfig1': 68719476734, 'ColConfig2': 68719476734, 'ColConfig3': 68719476734, 'ColConfig4': 68719476734, 'ColConfig5': 68719476734, 'ColConfig6': 68719476734, 'ColConfig7': 68719476734, 'ColConfig8': 68719476734, 'ColConfig9': 68719476734, 'ColConfig10': 68719476734, 'ColConfig11': 68719476734, 'ColConfig12': 68719476734, 'ColConfig13': 68719476734, 'ColConfig14': 68719476734, 'ColConfig15': 68719476734, 'ColConfig16': 68719476734, 'ColConfig17': 68719476734, 'ColConfig18': 68719476734, 'ColConfig19': 68719476734, 'ColConfig20': 68719476734, 'ColConfig21': 68719476734, 'ColConfig22': 68719476734, 'ColConfig23': 68719476734, 'ColConfig24': 68719476734, 'ColConfig25': 68719476734, 'ColConfig26': 68719476734, 'ColConfig27': 68719476734, 'ColConfig28': 68719476734, 'ColConfig29': 68719476734, 'ColConfig30': 68719476734, 'ColConfig31': 68719476734, 'ColConfig32': 68719476734, 'ColConfig33': 68719476734, 'ColConfig34': 68719476734}

NEvent	ChipId	Payload	Locatn	Row/Col	tStamp	MSB	LSB	ToT	ToT(us)
0	0	 4	 0	Row	78	 9	14 	 2318 	 23.18 
0	0	 4	 0	Col	78	 3	208 	 976 	 9.76 
0	0	 4	 0	Row	32	 11	41 	 2857 	 28.57 
0	0	 4	 0	Col	32	 11	18 	 2834 	 28.34 

1	0	 4	 0	Row	200	 12	29 	 3101 	 31.01 
1	0	 4	 0	Col	200	 12	8 	 3080 	 30.8 

2	0	 4	 0	Row	98	 14	77 	 3661 	 36.61 
2	0	 4	 0	Col	98	 14	31 	 3615 	 36.15 

3	0	 4	 0	Row	69	 9	109 	 2413 	 24.13 
3	0	 4	 0	Col	69	 9	75 	 2379 	 23.79 

4	0	 4	 0	Row	28	 0	35 	 35 	 0.35 

5	0	 4	 0	Row	183	 11	217 	 3033 	 30.33 
5	0	 4	 0	Col	183	 11	199 	 3015 	 30.15 

6	0	 4	 0	Row	169	 7	108 	 1900 	 19.0 
6	0	 4	 0	Col	169	 7	90 	 1882 	 18.82 

7	0	 4	 0	Row	199	 12	154 	 3226 	 32.26 
7	0	 4	 0	Col	199	 12	130 	 3202 	 32.02 

8	0	 4	 0	Row	183	 10	219 	 2779 	 27.79 
8	0	 4	 0	Col	183	 10	198 	 2758 	 27.58 

9	0	 4	 0	Row	168	 2	243 	 755 	 7.55 
9	0	 4	 0	Col	169	 2	211 	 723 	 7.23 

10	0	 4	 0	Row	246	 3	77 	 845 	 8.45 
10	0	 4	 0	Col	246	 3	36 	 804 	 8.04 

11	0	 4	 0	Row	85	 2	104 	 616 	 6.16 
11	0	 4	 0	Col	85	 2	76 	 588 	 5.88 

12	0	 4	 0	Row	184	 10	164 	 2724 	 27.24 
12	0	 4	 0	Col	184	 10	135 	 2695 	 26.95 

13	0	 4	 0	Row	41	 11	162 	 2978 	 29.78 
13	0	 4	 0	Col	41	 11	145 	 2961 	 29.61 

14	0	 4	 0	Row	219	 12	230 	 3302 	 33.02 
14	0	 4	 0	Col	220	 12	210 	 3282 	 32.82 

15	0	 4	 0	Row	207	 3	41 	 809 	 8.09 
15	0	 4	 0	Col	207	 2	252 	 764 	 7.64 

16	0	 4	 0	Row	168	 10	148 	 2708 	 27.08 
16	0	 4	 0	Col	168	 10	131 	 2691 	 26.91 

17	0	 4	 0	Row	117	 12	182 	 3254 	 32.54 
17	0	 4	 0	Col	117	 12	149 	 3221 	 32.21 

18	0	 4	 0	Row	250	 11	42 	 2858 	 28.58 
18	0	 4	 0	Col	250	 11	10 	 2826 	 28.26 

19	0	 4	 0	Row	226	 10	165 	 2725 	 27.25 
19	0	 4	 0	Col	227	 10	132 	 2692 	 26.92 

20	0	 4	 0	Row	172	 13	82 	 3410 	 34.1 
20	0	 4	 0	Col	172	 13	64 	 3392 	 33.92 

21	0	 4	 0	Row	230	 9	97 	 2401 	 24.01 
21	0	 4	 0	Col	230	 9	63 	 2367 	 23.67 

22	0	 4	 0	Row	183	 13	33 	 3361 	 33.61 
22	0	 4	 0	Col	183	 13	9 	 3337 	 33.37 

23	0	 4	 0	Row	236	 10	16 	 2576 	 25.76 
23	0	 4	 0	Col	236	 9	250 	 2554 	 25.54 

24	0	 4	 0	Row	189	 10	91 	 2651 	 26.51 
24	0	 4	 0	Col	189	 10	64 	 2624 	 26.24 

25	0	 4	 0	Row	111	 0	83 	 83 	 0.83 
25	0	 4	 0	Col	189	 0	23 	 23 	 0.23 

26	0	 4	 0	Row	78	 0	72 	 72 	 0.72 

27	0	 4	 0	Row	55	 12	230 	 3302 	 33.02 
27	0	 4	 0	Col	55	 12	206 	 3278 	 32.78 

28	0	 4	 0	Row	203	 1	102 	 358 	 3.58 
28	0	 4	 0	Col	203	 1	74 	 330 	 3.3 

29	0	 4	 0	Row	111	 13	48 	 3376 	 33.76 
29	0	 4	 0	Col	111	 13	20 	 3348 	 33.48 

30	0	 4	 0	Row	5	 12	205 	 3277 	 32.77 
30	0	 4	 0	Col	5	 12	176 	 3248 	 32.48 

31	0	 4	 0	Row	181	 12	37 	 3109 	 31.09 
31	0	 4	 0	Col	181	 12	3 	 3075 	 30.75 

32	0	 4	 0	Row	244	 10	200 	 2760 	 27.6 
32	0	 4	 0	Col	244	 10	175 	 2735 	 27.35 

33	0	 4	 0	Row	68	 10	255 	 2815 	 28.15 
33	0	 4	 0	Col	68	 10	237 	 2797 	 27.97 

34	0	 4	 0	Row	251	 8	49 	 2097 	 20.97 
34	0	 4	 0	Col	251	 8	32 	 2080 	 20.8 

35	0	 4	 0	Row	17	 6	227 	 1763 	 17.63 
35	0	 4	 0	Col	17	 6	204 	 1740 	 17.4 

36	0	 4	 0	Row	243	 12	98 	 3170 	 31.7 
36	0	 4	 0	Col	243	 12	81 	 3153 	 31.53 

37	0	 4	 0	Row	19	 12	111 	 3183 	 31.83 
37	0	 4	 0	Col	19	 12	90 	 3162 	 31.62 

38	0	 4	 0	Row	37	 12	24 	 3096 	 30.96 
38	0	 4	 0	Col	37	 11	253 	 3069 	 30.69 

39	0	 4	 0	Row	172	 12	148 	 3220 	 32.2 
39	0	 4	 0	Col	172	 12	122 	 3194 	 31.94 

40	0	 4	 0	Row	68	 10	15 	 2575 	 25.75 
40	0	 4	 0	Col	68	 9	243 	 2547 	 25.47 

41	0	 4	 0	Row	33	 9	106 	 2410 	 24.1 
41	0	 4	 0	Col	33	 9	83 	 2387 	 23.87 

42	0	 4	 0	Row	242	 12	83 	 3155 	 31.55 
42	0	 4	 0	Col	242	 12	59 	 3131 	 31.31 

43	0	 4	 0	Row	78	 11	192 	 3008 	 30.08 
43	0	 4	 0	Col	78	 11	164 	 2980 	 29.8 

44	0	 4	 0	Row	47	 2	78 	 590 	 5.9 
44	0	 4	 0	Col	47	 2	44 	 556 	 5.56 

45	0	 4	 0	Row	253	 11	81 	 2897 	 28.97 
45	0	 4	 0	Col	253	 11	60 	 2876 	 28.76 

46	0	 4	 0	Row	248	 2	241 	 753 	 7.53 
46	0	 4	 0	Col	248	 2	205 	 717 	 7.17 

47	0	 4	 0	Row	38	 8	121 	 2169 	 21.69 
47	0	 4	 0	Col	38	 8	98 	 2146 	 21.46 

48	0	 4	 0	Row	54	 9	209 	 2513 	 25.13 
48	0	 4	 0	Col	54	 9	185 	 2489 	 24.89 

49	0	 4	 0	Row	80	 12	0 	 3072 	 30.72 
49	0	 4	 0	Col	80	 11	236 	 3052 	 30.52 

50	0	 4	 0	Row	62	 11	154 	 2970 	 29.7 
50	0	 4	 0	Col	62	 11	99 	 2915 	 29.15 

51	0	 4	 0	Row	201	 11	228 	 3044 	 30.44 
51	0	 4	 0	Col	201	 11	180 	 2996 	 29.96 

52	0	 4	 0	Row	103	 3	188 	 956 	 9.56 
52	0	 4	 0	Col	103	 3	163 	 931 	 9.31 

53	0	 4	 0	Row	24	 4	54 	 1078 	 10.78 
53	0	 4	 0	Col	25	 4	3 	 1027 	 10.27 

54	0	 4	 0	Row	11	 2	98 	 610 	 6.1 
54	0	 4	 0	Col	11	 2	72 	 584 	 5.84 

55	0	 4	 0	Row	195	 11	201 	 3017 	 30.17 
55	0	 4	 0	Col	195	 11	176 	 2992 	 29.92 

56	0	 4	 0	Row	185	 11	145 	 2961 	 29.61 
56	0	 4	 0	Col	185	 11	123 	 2939 	 29.39 

57	0	 4	 0	Row	191	 10	149 	 2709 	 27.09 
57	0	 4	 0	Col	191	 10	124 	 2684 	 26.84 

58	0	 4	 0	Row	119	 11	124 	 2940 	 29.4 
58	0	 4	 0	Col	119	 11	103 	 2919 	 29.19 

59	0	 4	 0	Row	22	 9	193 	 2497 	 24.97 
59	0	 4	 0	Col	22	 9	166 	 2470 	 24.7 

60	0	 4	 0	Row	53	 3	184 	 952 	 9.52 
60	0	 4	 0	Col	53	 3	164 	 932 	 9.32 

61	0	 4	 0	Row	232	 7	173 	 1965 	 19.65 
61	0	 4	 0	Col	232	 7	152 	 1944 	 19.44 

62	0	 4	 0	Row	87	 1	235 	 491 	 4.91 
62	0	 4	 0	Col	87	 1	208 	 464 	 4.64 

63	0	 4	 0	Row	210	 2	201 	 713 	 7.13 
63	0	 4	 0	Col	210	 2	172 	 684 	 6.84 

64	0	 4	 0	Row	202	 12	87 	 3159 	 31.59 
64	0	 4	 0	Col	202	 12	13 	 3085 	 30.85 

65	0	 4	 0	Row	111	 12	39 	 3111 	 31.11 
65	0	 4	 0	Col	111	 12	14 	 3086 	 30.86 

66	0	 4	 0	Row	84	 11	96 	 2912 	 29.12 
66	0	 4	 0	Col	84	 11	75 	 2891 	 28.91 

67	0	 4	 0	Row	199	 11	11 	 2827 	 28.27 
67	0	 4	 0	Col	199	 10	235 	 2795 	 27.95 

68	0	 4	 0	Row	25	 2	119 	 631 	 6.31 
68	0	 4	 0	Col	25	 2	77 	 589 	 5.89 

69	0	 4	 0	Row	57	 11	124 	 2940 	 29.4 
69	0	 4	 0	Col	57	 11	99 	 2915 	 29.15 

