Voltageboard settings: [1.035, 1, 0, 0, 1, 1.1, 0, 0]
Digital: {'interrupt_pushpull': 1, 'En_Inj1': 0, 'En_Inj2': 0, 'En_Inj3': 0, 'En_Inj4': 0, 'En_Inj5': 0, 'En_Inj6': 0, 'En_Inj7': 0, 'En_Inj8': 0, 'En_Inj9': 0, 'En_Inj10': 0, 'En_Inj11': 0, 'En_Inj12': 0, 'En_Inj13': 0, 'En_Inj14': 0, 'En_Inj15': 0, 'En_Inj16': 0, 'En_Inj17': 0, 'En_Inj18': 0, 'ResetB': 0, 'Extrabit0': 1, 'Extrabit1': 1, 'Extrabit2': 1, 'Extrabit3': 1, 'Extrabit4': 1, 'Extrabit5': 1, 'Extrabit6': 1, 'Extrabit7': 1, 'Extrabit8': 0, 'Extrabit9': 0, 'Extrabit10': 0, 'Extrabit11': 0, 'Extrabit12': 0, 'Extrabit13': 0, 'Extrabit14': 0}
Biasblock: {'DisHiDR': 0, 'q01': 0, 'qon0': 0, 'qon1': 1, 'qon2': 0, 'qon3': 1}
DAC: {'blres': 0, 'nu1': 0, 'vn1': 20, 'vnfb': 1, 'vnfoll': 10, 'nu5': 0, 'nu6': 0, 'nu7': 0, 'nu8': 0, 'vn2': 0, 'vnfoll2': 1, 'vnbias': 0, 'vpload': 5, 'nu13': 0, 'vncomp': 2, 'vpfoll': 60, 'nu16': 0, 'vprec': 30, 'vnrec': 30}
Receiver: {'ColConfig0': 274877906940, 'ColConfig1': 68719476734, 'ColConfig2': 68719476734, 'ColConfig3': 68719476734, 'ColConfig4': 68719476734, 'ColConfig5': 68719476734, 'ColConfig6': 68719476734, 'ColConfig7': 68719476734, 'ColConfig8': 68719476734, 'ColConfig9': 68719476734, 'ColConfig10': 68719476734, 'ColConfig11': 68719476734, 'ColConfig12': 68719476734, 'ColConfig13': 68719476734, 'ColConfig14': 68719476734, 'ColConfig15': 68719476734, 'ColConfig16': 68719476734, 'ColConfig17': 68719476734, 'ColConfig18': 68719476734, 'ColConfig19': 68719476734, 'ColConfig20': 68719476734, 'ColConfig21': 68719476734, 'ColConfig22': 68719476734, 'ColConfig23': 68719476734, 'ColConfig24': 68719476734, 'ColConfig25': 68719476734, 'ColConfig26': 68719476734, 'ColConfig27': 68719476734, 'ColConfig28': 68719476734, 'ColConfig29': 68719476734, 'ColConfig30': 68719476734, 'ColConfig31': 68719476734, 'ColConfig32': 68719476734, 'ColConfig33': 68719476734, 'ColConfig34': 68719476734}

NEvent	ChipId	Payload	Locatn	Row/Col	tStamp	MSB	LSB	ToT	ToT(us)
0	0	 4	 0	Row	250	 13	57 	 3385 	 33.85 
0	0	 4	 0	Col	250	 10	243 	 2803 	 28.03 
0	0	 4	 0	Row	164	 9	208 	 2512 	 25.12 
0	0	 4	 0	Col	164	 9	136 	 2440 	 24.4 

1	0	 4	 0	Row	48	 10	72 	 2632 	 26.32 
1	0	 4	 0	Col	48	 10	13 	 2573 	 25.73 

2	0	 4	 0	Row	112	 11	89 	 2905 	 29.05 
2	0	 4	 0	Col	113	 11	28 	 2844 	 28.44 

3	0	 4	 0	Row	179	 9	214 	 2518 	 25.18 
3	0	 4	 0	Col	179	 9	150 	 2454 	 24.54 

4	0	 4	 0	Row	39	 11	140 	 2956 	 29.56 
4	0	 4	 0	Col	40	 11	87 	 2903 	 29.03 

5	0	 4	 0	Row	23	 10	179 	 2739 	 27.39 
5	0	 4	 0	Col	23	 10	128 	 2688 	 26.88 

6	0	 4	 0	Row	91	 11	161 	 2977 	 29.77 
6	0	 4	 0	Col	91	 11	92 	 2908 	 29.08 

7	0	 4	 0	Row	215	 12	211 	 3283 	 32.83 
7	0	 4	 0	Col	216	 12	152 	 3224 	 32.24 

8	0	 4	 0	Row	214	 11	66 	 2882 	 28.82 
8	0	 4	 0	Col	214	 10	253 	 2813 	 28.13 

9	0	 4	 0	Row	25	 2	127 	 639 	 6.39 
9	0	 4	 0	Col	25	 2	68 	 580 	 5.8 

10	0	 4	 0	Row	19	 7	237 	 2029 	 20.29 
10	0	 4	 0	Col	19	 7	184 	 1976 	 19.76 

11	0	 4	 0	Row	128	 9	86 	 2390 	 23.9 
11	0	 4	 0	Col	128	 9	33 	 2337 	 23.37 

12	0	 4	 0	Row	75	 11	109 	 2925 	 29.25 
12	0	 4	 0	Col	75	 11	39 	 2855 	 28.55 

13	0	 4	 0	Row	174	 10	13 	 2573 	 25.73 
13	0	 4	 0	Col	175	 9	213 	 2517 	 25.17 

14	0	 4	 0	Row	54	 6	239 	 1775 	 17.75 
14	0	 4	 0	Col	54	 6	180 	 1716 	 17.16 

15	0	 4	 0	Row	159	 9	171 	 2475 	 24.75 
15	0	 4	 0	Col	54	 9	108 	 2412 	 24.12 

16	0	 4	 0	Row	2	 7	92 	 1884 	 18.84 
16	0	 4	 0	Col	2	 7	22 	 1814 	 18.14 

17	0	 4	 0	Row	75	 10	173 	 2733 	 27.33 
17	0	 4	 0	Col	75	 10	118 	 2678 	 26.78 

18	0	 4	 0	Row	62	 11	177 	 2993 	 29.93 
18	0	 4	 0	Col	63	 11	108 	 2924 	 29.24 

19	0	 4	 0	Row	229	 9	67 	 2371 	 23.71 
19	0	 4	 0	Col	229	 8	194 	 2242 	 22.42 

20	0	 4	 0	Row	64	 9	254 	 2558 	 25.58 
20	0	 4	 0	Col	64	 9	174 	 2478 	 24.78 

21	0	 4	 0	Row	58	 10	126 	 2686 	 26.86 
21	0	 4	 0	Col	58	 10	68 	 2628 	 26.28 

22	0	 4	 0	Row	113	 9	232 	 2536 	 25.36 
22	0	 4	 0	Col	113	 9	162 	 2466 	 24.66 

23	0	 4	 0	Row	50	 5	52 	 1332 	 13.32 
23	0	 4	 0	Col	50	 4	250 	 1274 	 12.74 

24	0	 4	 0	Row	51	 10	105 	 2665 	 26.65 
24	0	 4	 0	Col	51	 10	27 	 2587 	 25.87 

25	0	 4	 0	Row	114	 10	103 	 2663 	 26.63 
25	0	 4	 0	Col	114	 10	46 	 2606 	 26.06 

26	0	 4	 0	Row	153	 9	185 	 2489 	 24.89 
26	0	 4	 0	Col	153	 9	130 	 2434 	 24.34 

27	0	 4	 0	Row	232	 10	246 	 2806 	 28.06 
27	0	 4	 0	Col	232	 10	190 	 2750 	 27.5 

28	0	 4	 0	Row	232	 12	183 	 3255 	 32.55 
28	0	 4	 0	Col	156	 12	126 	 3198 	 31.98 

29	0	 4	 0	Row	52	 11	157 	 2973 	 29.73 
29	0	 4	 0	Col	52	 11	107 	 2923 	 29.23 

30	0	 4	 0	Row	74	 10	178 	 2738 	 27.38 
30	0	 4	 0	Col	74	 10	120 	 2680 	 26.8 

31	0	 4	 0	Row	248	 9	194 	 2498 	 24.98 
31	0	 4	 0	Col	248	 9	129 	 2433 	 24.33 

32	0	 4	 0	Row	118	 8	49 	 2097 	 20.97 
32	0	 4	 0	Col	118	 7	241 	 2033 	 20.33 

33	0	 4	 0	Row	254	 8	250 	 2298 	 22.98 
33	0	 4	 0	Col	254	 8	188 	 2236 	 22.36 

34	0	 4	 0	Row	26	 10	55 	 2615 	 26.15 
34	0	 4	 0	Col	26	 10	4 	 2564 	 25.64 

35	0	 4	 0	Row	152	 9	1 	 2305 	 23.05 
35	0	 4	 0	Col	152	 8	182 	 2230 	 22.3 

36	0	 4	 0	Row	237	 11	42 	 2858 	 28.58 
36	0	 4	 0	Col	237	 10	243 	 2803 	 28.03 

37	0	 4	 0	Row	57	 11	24 	 2840 	 28.4 
37	0	 4	 0	Col	57	 10	219 	 2779 	 27.79 

38	0	 4	 0	Row	90	 9	59 	 2363 	 23.63 
38	0	 4	 0	Col	90	 8	251 	 2299 	 22.99 

39	0	 4	 0	Row	77	 11	32 	 2848 	 28.48 
39	0	 4	 0	Col	77	 10	234 	 2794 	 27.94 

40	0	 4	 0	Row	234	 9	253 	 2557 	 25.57 
40	0	 4	 0	Col	235	 9	168 	 2472 	 24.72 

41	0	 4	 0	Row	70	 7	71 	 1863 	 18.63 
41	0	 4	 0	Col	70	 7	16 	 1808 	 18.08 

42	0	 4	 0	Row	202	 11	61 	 2877 	 28.77 
42	0	 4	 0	Col	202	 11	16 	 2832 	 28.32 

43	0	 4	 0	Row	174	 9	236 	 2540 	 25.4 
43	0	 4	 0	Col	175	 9	186 	 2490 	 24.9 

44	0	 4	 0	Row	68	 10	73 	 2633 	 26.33 
44	0	 4	 0	Col	68	 10	11 	 2571 	 25.71 

45	0	 4	 0	Row	9	 10	204 	 2764 	 27.64 
45	0	 4	 0	Col	9	 10	135 	 2695 	 26.95 

46	0	 4	 0	Row	42	 10	171 	 2731 	 27.31 
46	0	 4	 0	Col	42	 10	98 	 2658 	 26.58 

47	0	 4	 0	Row	212	 9	149 	 2453 	 24.53 
47	0	 4	 0	Col	212	 9	88 	 2392 	 23.92 

48	0	 4	 0	Row	32	 4	114 	 1138 	 11.38 
48	0	 4	 0	Col	32	 3	243 	 1011 	 10.11 

49	0	 4	 0	Row	225	 8	95 	 2143 	 21.43 
49	0	 4	 0	Col	225	 8	33 	 2081 	 20.81 

50	0	 4	 0	Row	210	 10	29 	 2589 	 25.89 
50	0	 4	 0	Col	210	 9	210 	 2514 	 25.14 

51	0	 4	 0	Row	29	 6	151 	 1687 	 16.87 
51	0	 4	 0	Col	30	 6	95 	 1631 	 16.31 

52	0	 4	 0	Row	240	 10	70 	 2630 	 26.3 
52	0	 4	 0	Col	240	 10	22 	 2582 	 25.82 

53	0	 4	 0	Row	208	 10	197 	 2757 	 27.57 
53	0	 4	 0	Col	208	 10	143 	 2703 	 27.03 

54	0	 4	 0	Row	106	 11	54 	 2870 	 28.7 
54	0	 4	 0	Col	106	 10	253 	 2813 	 28.13 

55	0	 4	 0	Row	143	 8	248 	 2296 	 22.96 
55	0	 4	 0	Col	144	 8	192 	 2240 	 22.4 

56	0	 4	 0	Row	40	 11	57 	 2873 	 28.73 
56	0	 4	 0	Col	40	 11	11 	 2827 	 28.27 

57	0	 4	 0	Row	242	 10	99 	 2659 	 26.59 
57	0	 4	 0	Col	242	 10	39 	 2599 	 25.99 

58	0	 4	 0	Row	203	 10	119 	 2679 	 26.79 
58	0	 4	 0	Col	203	 10	56 	 2616 	 26.16 

59	0	 4	 0	Row	12	 11	63 	 2879 	 28.79 
59	0	 4	 0	Col	12	 10	243 	 2803 	 28.03 

60	0	 4	 0	Row	44	 9	168 	 2472 	 24.72 
60	0	 4	 0	Col	44	 9	112 	 2416 	 24.16 

