Voltageboard settings: [1.035, 1, 0, 0, 1, 1.1, 0, 0]
Digital: {'interrupt_pushpull': 1, 'En_Inj1': 0, 'En_Inj2': 0, 'En_Inj3': 0, 'En_Inj4': 0, 'En_Inj5': 0, 'En_Inj6': 0, 'En_Inj7': 0, 'En_Inj8': 0, 'En_Inj9': 0, 'En_Inj10': 0, 'En_Inj11': 0, 'En_Inj12': 0, 'En_Inj13': 0, 'En_Inj14': 0, 'En_Inj15': 0, 'En_Inj16': 0, 'En_Inj17': 0, 'En_Inj18': 0, 'ResetB': 0, 'Extrabit0': 1, 'Extrabit1': 1, 'Extrabit2': 1, 'Extrabit3': 1, 'Extrabit4': 1, 'Extrabit5': 1, 'Extrabit6': 1, 'Extrabit7': 1, 'Extrabit8': 0, 'Extrabit9': 0, 'Extrabit10': 0, 'Extrabit11': 0, 'Extrabit12': 0, 'Extrabit13': 0, 'Extrabit14': 0}
Biasblock: {'DisHiDR': 0, 'q01': 0, 'qon0': 0, 'qon1': 1, 'qon2': 0, 'qon3': 1}
DAC: {'blres': 0, 'nu1': 0, 'vn1': 20, 'vnfb': 1, 'vnfoll': 10, 'nu5': 0, 'nu6': 0, 'nu7': 0, 'nu8': 0, 'vn2': 0, 'vnfoll2': 1, 'vnbias': 0, 'vpload': 5, 'nu13': 0, 'vncomp': 2, 'vpfoll': 60, 'nu16': 0, 'vprec': 30, 'vnrec': 30}
Receiver: {'ColConfig0': 274877906940, 'ColConfig1': 68719476734, 'ColConfig2': 68719476734, 'ColConfig3': 68719476734, 'ColConfig4': 68719476734, 'ColConfig5': 68719476734, 'ColConfig6': 68719476734, 'ColConfig7': 68719476734, 'ColConfig8': 68719476734, 'ColConfig9': 68719476734, 'ColConfig10': 68719476734, 'ColConfig11': 68719476734, 'ColConfig12': 68719476734, 'ColConfig13': 68719476734, 'ColConfig14': 68719476734, 'ColConfig15': 68719476734, 'ColConfig16': 68719476734, 'ColConfig17': 68719476734, 'ColConfig18': 68719476734, 'ColConfig19': 68719476734, 'ColConfig20': 68719476734, 'ColConfig21': 68719476734, 'ColConfig22': 68719476734, 'ColConfig23': 68719476734, 'ColConfig24': 68719476734, 'ColConfig25': 68719476734, 'ColConfig26': 68719476734, 'ColConfig27': 68719476734, 'ColConfig28': 68719476734, 'ColConfig29': 68719476734, 'ColConfig30': 68719476734, 'ColConfig31': 68719476734, 'ColConfig32': 68719476734, 'ColConfig33': 68719476734, 'ColConfig34': 68719476734}

NEvent	ChipId	Payload	Locatn	Row/Col	tStamp	MSB	LSB	ToT	ToT(us)
0	0	 4	 0	Row	136	 5	151 	 1431 	 14.31 
0	0	 4	 0	Col	136	 3	103 	 871 	 8.71 
0	0	 4	 0	Row	194	 6	40 	 1576 	 15.76 
0	0	 4	 0	Col	194	 6	16 	 1552 	 15.52 

1	0	 4	 0	Row	75	 2	195 	 707 	 7.07 
1	0	 4	 0	Col	75	 2	162 	 674 	 6.74 

2	0	 4	 0	Row	1	 11	144 	 2960 	 29.6 
2	0	 4	 0	Col	1	 11	113 	 2929 	 29.29 

3	0	 4	 0	Row	84	 7	143 	 1935 	 19.35 
3	0	 4	 0	Col	84	 7	117 	 1909 	 19.09 

4	0	 4	 0	Row	13	 11	196 	 3012 	 30.12 
4	0	 4	 0	Col	13	 11	173 	 2989 	 29.89 

5	0	 4	 0	Row	164	 9	145 	 2449 	 24.49 
5	0	 4	 0	Col	164	 9	126 	 2430 	 24.3 

6	0	 4	 0	Row	209	 15	80 	 3920 	 39.2 
6	0	 4	 0	Col	209	 15	19 	 3859 	 38.59 

7	0	 4	 0	Row	126	 9	31 	 2335 	 23.35 
7	0	 4	 0	Col	126	 9	10 	 2314 	 23.14 

8	0	 4	 0	Row	56	 10	93 	 2653 	 26.53 
8	0	 4	 0	Col	56	 10	50 	 2610 	 26.1 

9	0	 4	 0	Row	31	 9	100 	 2404 	 24.04 
9	0	 4	 0	Col	31	 9	72 	 2376 	 23.76 

10	0	 4	 0	Row	75	 10	202 	 2762 	 27.62 
10	0	 4	 0	Col	75	 10	162 	 2722 	 27.22 

11	0	 4	 0	Row	28	 9	175 	 2479 	 24.79 
11	0	 4	 0	Col	28	 9	146 	 2450 	 24.5 

12	0	 4	 0	Row	92	 12	5 	 3077 	 30.77 
12	0	 4	 0	Col	92	 11	236 	 3052 	 30.52 

13	0	 4	 0	Row	118	 10	151 	 2711 	 27.11 
13	0	 4	 0	Col	118	 10	127 	 2687 	 26.87 

14	0	 4	 0	Row	111	 3	205 	 973 	 9.73 
14	0	 4	 0	Col	111	 3	181 	 949 	 9.49 

15	0	 4	 0	Row	99	 9	40 	 2344 	 23.44 
15	0	 4	 0	Col	99	 9	18 	 2322 	 23.22 

16	0	 4	 0	Row	87	 11	211 	 3027 	 30.27 
16	0	 4	 0	Col	87	 11	184 	 3000 	 30.0 

17	0	 4	 0	Row	184	 11	49 	 2865 	 28.65 
17	0	 4	 0	Col	184	 10	252 	 2812 	 28.12 

18	0	 4	 0	Row	216	 9	194 	 2498 	 24.98 
18	0	 4	 0	Col	216	 9	158 	 2462 	 24.62 

19	0	 4	 0	Row	227	 8	234 	 2282 	 22.82 
19	0	 4	 0	Col	227	 8	195 	 2243 	 22.43 

20	0	 4	 0	Row	234	 9	50 	 2354 	 23.54 
20	0	 4	 0	Col	234	 9	25 	 2329 	 23.29 

21	0	 4	 0	Row	92	 10	57 	 2617 	 26.17 
21	0	 4	 0	Col	92	 10	40 	 2600 	 26.0 

22	0	 4	 0	Row	177	 10	82 	 2642 	 26.42 
22	0	 4	 0	Col	177	 10	58 	 2618 	 26.18 

23	0	 4	 0	Row	184	 9	113 	 2417 	 24.17 
23	0	 4	 0	Col	184	 9	91 	 2395 	 23.95 

24	0	 4	 0	Row	64	 8	74 	 2122 	 21.22 
24	0	 4	 0	Col	64	 8	49 	 2097 	 20.97 

25	0	 4	 0	Row	45	 11	200 	 3016 	 30.16 
25	0	 4	 0	Col	45	 11	179 	 2995 	 29.95 

26	0	 4	 0	Row	192	 10	201 	 2761 	 27.61 
26	0	 4	 0	Col	192	 10	179 	 2739 	 27.39 

27	0	 4	 0	Row	92	 9	80 	 2384 	 23.84 
27	0	 4	 0	Col	92	 9	49 	 2353 	 23.53 

28	0	 4	 0	Row	186	 9	246 	 2550 	 25.5 
28	0	 4	 0	Col	186	 9	224 	 2528 	 25.28 

29	0	 4	 0	Row	224	 9	121 	 2425 	 24.25 
29	0	 4	 0	Col	224	 9	96 	 2400 	 24.0 

30	0	 4	 0	Row	74	 9	202 	 2506 	 25.06 
30	0	 4	 0	Col	74	 9	175 	 2479 	 24.79 

31	0	 4	 0	Row	13	 10	97 	 2657 	 26.57 
31	0	 4	 0	Col	14	 10	55 	 2615 	 26.15 

32	0	 4	 0	Row	184	 10	164 	 2724 	 27.24 
32	0	 4	 0	Col	184	 10	146 	 2706 	 27.06 

33	0	 4	 0	Row	183	 10	255 	 2815 	 28.15 
33	0	 4	 0	Col	183	 10	232 	 2792 	 27.92 

34	0	 4	 0	Row	159	 11	210 	 3026 	 30.26 
34	0	 4	 0	Col	159	 11	182 	 2998 	 29.98 

35	0	 4	 0	Row	239	 8	105 	 2153 	 21.53 
35	0	 4	 0	Col	239	 8	80 	 2128 	 21.28 

36	0	 4	 0	Row	195	 3	214 	 982 	 9.82 
36	0	 4	 0	Col	195	 3	174 	 942 	 9.42 

37	0	 4	 0	Row	129	 9	107 	 2411 	 24.11 
37	0	 4	 0	Col	129	 9	85 	 2389 	 23.89 

38	0	 4	 0	Row	170	 7	181 	 1973 	 19.73 
38	0	 4	 0	Col	170	 7	158 	 1950 	 19.5 

39	0	 4	 0	Row	123	 10	190 	 2750 	 27.5 
39	0	 4	 0	Col	123	 10	165 	 2725 	 27.25 

40	0	 4	 0	Row	127	 9	221 	 2525 	 25.25 
40	0	 4	 0	Col	127	 9	202 	 2506 	 25.06 

41	0	 4	 0	Row	108	 11	80 	 2896 	 28.96 
41	0	 4	 0	Col	108	 11	64 	 2880 	 28.8 

42	0	 4	 0	Row	5	 8	151 	 2199 	 21.99 
42	0	 4	 0	Col	5	 8	123 	 2171 	 21.71 

43	0	 4	 0	Row	207	 9	249 	 2553 	 25.53 
43	0	 4	 0	Col	207	 9	228 	 2532 	 25.32 

44	0	 4	 0	Row	100	 10	35 	 2595 	 25.95 
44	0	 4	 0	Col	100	 10	16 	 2576 	 25.76 

45	0	 4	 0	Row	82	 8	145 	 2193 	 21.93 
45	0	 4	 0	Col	82	 8	114 	 2162 	 21.62 

46	0	 4	 0	Row	246	 10	202 	 2762 	 27.62 
46	0	 4	 0	Col	246	 10	183 	 2743 	 27.43 

47	0	 4	 0	Row	86	 10	129 	 2689 	 26.89 
47	0	 4	 0	Col	86	 10	93 	 2653 	 26.53 

48	0	 4	 0	Row	22	 10	74 	 2634 	 26.34 
48	0	 4	 0	Col	22	 10	45 	 2605 	 26.05 

49	0	 4	 0	Row	172	 10	240 	 2800 	 28.0 
49	0	 4	 0	Col	172	 10	209 	 2769 	 27.69 

50	0	 4	 0	Row	48	 9	46 	 2350 	 23.5 
50	0	 4	 0	Col	48	 9	22 	 2326 	 23.26 

