Voltageboard settings: [1.035, 1, 0, 0, 1, 1.1, 0, 0]
Digital: {'interrupt_pushpull': 1, 'En_Inj1': 0, 'En_Inj2': 0, 'En_Inj3': 0, 'En_Inj4': 0, 'En_Inj5': 0, 'En_Inj6': 0, 'En_Inj7': 0, 'En_Inj8': 0, 'En_Inj9': 0, 'En_Inj10': 0, 'En_Inj11': 0, 'En_Inj12': 0, 'En_Inj13': 0, 'En_Inj14': 0, 'En_Inj15': 0, 'En_Inj16': 0, 'En_Inj17': 0, 'En_Inj18': 0, 'ResetB': 0, 'Extrabit0': 1, 'Extrabit1': 1, 'Extrabit2': 1, 'Extrabit3': 1, 'Extrabit4': 1, 'Extrabit5': 1, 'Extrabit6': 1, 'Extrabit7': 1, 'Extrabit8': 0, 'Extrabit9': 0, 'Extrabit10': 0, 'Extrabit11': 0, 'Extrabit12': 0, 'Extrabit13': 0, 'Extrabit14': 0}
Biasblock: {'DisHiDR': 0, 'q01': 0, 'qon0': 0, 'qon1': 1, 'qon2': 0, 'qon3': 1}
DAC: {'blres': 0, 'nu1': 0, 'vn1': 20, 'vnfb': 1, 'vnfoll': 10, 'nu5': 0, 'nu6': 0, 'nu7': 0, 'nu8': 0, 'vn2': 0, 'vnfoll2': 1, 'vnbias': 0, 'vpload': 5, 'nu13': 0, 'vncomp': 2, 'vpfoll': 60, 'nu16': 0, 'vprec': 30, 'vnrec': 30}
Receiver: {'ColConfig0': 274877906940, 'ColConfig1': 68719476734, 'ColConfig2': 68719476734, 'ColConfig3': 68719476734, 'ColConfig4': 68719476734, 'ColConfig5': 68719476734, 'ColConfig6': 68719476734, 'ColConfig7': 68719476734, 'ColConfig8': 68719476734, 'ColConfig9': 68719476734, 'ColConfig10': 68719476734, 'ColConfig11': 68719476734, 'ColConfig12': 68719476734, 'ColConfig13': 68719476734, 'ColConfig14': 68719476734, 'ColConfig15': 68719476734, 'ColConfig16': 68719476734, 'ColConfig17': 68719476734, 'ColConfig18': 68719476734, 'ColConfig19': 68719476734, 'ColConfig20': 68719476734, 'ColConfig21': 68719476734, 'ColConfig22': 68719476734, 'ColConfig23': 68719476734, 'ColConfig24': 68719476734, 'ColConfig25': 68719476734, 'ColConfig26': 68719476734, 'ColConfig27': 68719476734, 'ColConfig28': 68719476734, 'ColConfig29': 68719476734, 'ColConfig30': 68719476734, 'ColConfig31': 68719476734, 'ColConfig32': 68719476734, 'ColConfig33': 68719476734, 'ColConfig34': 68719476734}

NEvent	ChipId	Payload	Locatn	Row/Col	tStamp	MSB	LSB	ToT	ToT(us)
0	0	 4	 0	Row	252	 2	46 	 558 	 5.58 
0	0	 4	 0	Col	253	 1	253 	 509 	 5.09 
0	0	 4	 0	Row	88	 10	169 	 2729 	 27.29 
0	0	 4	 0	Col	88	 10	121 	 2681 	 26.81 

1	0	 4	 0	Row	26	 10	179 	 2739 	 27.39 
1	0	 4	 0	Col	26	 10	97 	 2657 	 26.57 

2	0	 4	 0	Row	28	 9	217 	 2521 	 25.21 
2	0	 4	 0	Col	28	 9	169 	 2473 	 24.73 

3	0	 4	 0	Row	81	 10	37 	 2597 	 25.97 
3	0	 4	 0	Col	82	 9	228 	 2532 	 25.32 

4	0	 4	 0	Row	116	 7	109 	 1901 	 19.01 
4	0	 4	 0	Col	116	 7	56 	 1848 	 18.48 

5	0	 4	 0	Row	6	 10	57 	 2617 	 26.17 
5	0	 4	 0	Col	6	 10	0 	 2560 	 25.6 

6	0	 4	 0	Row	96	 9	243 	 2547 	 25.47 
6	0	 4	 0	Col	96	 9	182 	 2486 	 24.86 

7	0	 4	 0	Row	173	 10	220 	 2780 	 27.8 
7	0	 4	 0	Col	173	 10	180 	 2740 	 27.4 

8	0	 4	 0	Row	71	 10	241 	 2801 	 28.01 
8	0	 4	 0	Col	72	 10	178 	 2738 	 27.38 

9	0	 4	 0	Row	237	 9	164 	 2468 	 24.68 
9	0	 4	 0	Col	237	 9	114 	 2418 	 24.18 

10	0	 4	 0	Row	72	 11	51 	 2867 	 28.67 
10	0	 4	 0	Col	72	 11	9 	 2825 	 28.25 

11	0	 4	 0	Row	188	 12	25 	 3097 	 30.97 
11	0	 4	 0	Col	189	 11	218 	 3034 	 30.34 

12	0	 4	 0	Row	164	 9	49 	 2353 	 23.53 
12	0	 4	 0	Col	164	 9	5 	 2309 	 23.09 

13	0	 4	 0	Row	221	 6	181 	 1717 	 17.17 
13	0	 4	 0	Col	221	 6	125 	 1661 	 16.61 

14	0	 4	 0	Row	116	 11	102 	 2918 	 29.18 
14	0	 4	 0	Col	116	 11	35 	 2851 	 28.51 

15	0	 4	 0	Row	108	 8	145 	 2193 	 21.93 
15	0	 4	 0	Col	108	 8	97 	 2145 	 21.45 

16	0	 4	 0	Row	157	 9	107 	 2411 	 24.11 
16	0	 4	 0	Col	157	 9	60 	 2364 	 23.64 

17	0	 4	 0	Row	198	 9	86 	 2390 	 23.9 
17	0	 4	 0	Col	198	 9	1 	 2305 	 23.05 

18	0	 4	 0	Row	184	 2	246 	 758 	 7.58 
18	0	 4	 0	Col	184	 2	193 	 705 	 7.05 

19	0	 4	 0	Row	85	 9	211 	 2515 	 25.15 
19	0	 4	 0	Col	85	 9	151 	 2455 	 24.55 

20	0	 4	 0	Row	226	 11	254 	 3070 	 30.7 
20	0	 4	 0	Col	226	 11	198 	 3014 	 30.14 

21	0	 4	 0	Row	182	 10	125 	 2685 	 26.85 
21	0	 4	 0	Col	183	 10	81 	 2641 	 26.41 

22	0	 4	 0	Row	112	 10	161 	 2721 	 27.21 
22	0	 4	 0	Col	112	 10	105 	 2665 	 26.65 

23	0	 4	 0	Row	103	 9	245 	 2549 	 25.49 
23	0	 4	 0	Col	103	 9	190 	 2494 	 24.94 

24	0	 4	 0	Row	145	 9	86 	 2390 	 23.9 
24	0	 4	 0	Col	145	 9	16 	 2320 	 23.2 

25	0	 4	 0	Row	121	 10	183 	 2743 	 27.43 
25	0	 4	 0	Col	121	 10	118 	 2678 	 26.78 

26	0	 4	 0	Row	219	 10	133 	 2693 	 26.93 
26	0	 4	 0	Col	219	 10	79 	 2639 	 26.39 

27	0	 4	 0	Row	106	 9	200 	 2504 	 25.04 
27	0	 4	 0	Col	106	 9	151 	 2455 	 24.55 

28	0	 4	 0	Row	121	 8	184 	 2232 	 22.32 
28	0	 4	 0	Col	121	 8	134 	 2182 	 21.82 

29	0	 4	 0	Row	242	 11	168 	 2984 	 29.84 
29	0	 4	 0	Col	242	 11	119 	 2935 	 29.35 

30	0	 4	 0	Row	229	 10	44 	 2604 	 26.04 
30	0	 4	 0	Col	229	 9	252 	 2556 	 25.56 

31	0	 4	 0	Row	115	 10	191 	 2751 	 27.51 
31	0	 4	 0	Col	115	 10	146 	 2706 	 27.06 

32	0	 4	 0	Row	127	 9	31 	 2335 	 23.35 
32	0	 4	 0	Col	127	 8	236 	 2284 	 22.84 

33	0	 4	 0	Row	229	 9	106 	 2410 	 24.1 
33	0	 4	 0	Col	229	 9	32 	 2336 	 23.36 

34	0	 4	 0	Row	127	 12	141 	 3213 	 32.13 
34	0	 4	 0	Col	127	 12	86 	 3158 	 31.58 

35	0	 4	 0	Row	20	 10	61 	 2621 	 26.21 
35	0	 4	 0	Col	20	 10	13 	 2573 	 25.73 

36	0	 4	 0	Row	19	 10	76 	 2636 	 26.36 
36	0	 4	 0	Col	19	 10	26 	 2586 	 25.86 

37	0	 4	 0	Row	173	 11	229 	 3045 	 30.45 
37	0	 4	 0	Col	173	 11	181 	 2997 	 29.97 

38	0	 4	 0	Row	8	 12	17 	 3089 	 30.89 
38	0	 4	 0	Col	8	 11	214 	 3030 	 30.3 

39	0	 4	 0	Row	8	 0	61 	 61 	 0.61 

40	0	 4	 0	Row	99	 11	35 	 2851 	 28.51 
40	0	 4	 0	Col	99	 10	249 	 2809 	 28.09 

41	0	 4	 0	Row	157	 10	40 	 2600 	 26.0 
41	0	 4	 0	Col	157	 10	0 	 2560 	 25.6 

42	0	 4	 0	Row	249	 11	149 	 2965 	 29.65 
42	0	 4	 0	Col	249	 11	93 	 2909 	 29.09 

43	0	 4	 0	Row	35	 11	158 	 2974 	 29.74 
43	0	 4	 0	Col	35	 11	111 	 2927 	 29.27 

44	0	 4	 0	Row	87	 8	109 	 2157 	 21.57 
44	0	 4	 0	Col	87	 8	65 	 2113 	 21.13 

45	0	 4	 0	Row	159	 9	123 	 2427 	 24.27 
45	0	 4	 0	Col	159	 9	83 	 2387 	 23.87 

46	0	 4	 0	Row	128	 11	17 	 2833 	 28.33 
46	0	 4	 0	Col	128	 10	213 	 2773 	 27.73 

47	0	 4	 0	Row	17	 10	205 	 2765 	 27.65 
47	0	 4	 0	Col	17	 10	128 	 2688 	 26.88 

48	0	 4	 0	Row	161	 5	92 	 1372 	 13.72 
48	0	 4	 0	Col	161	 5	37 	 1317 	 13.17 

49	0	 4	 0	Row	160	 5	153 	 1433 	 14.33 
49	0	 4	 0	Col	160	 5	52 	 1332 	 13.32 

50	0	 4	 0	Row	233	 9	136 	 2440 	 24.4 
50	0	 4	 0	Col	233	 9	95 	 2399 	 23.99 

51	0	 4	 0	Row	129	 11	36 	 2852 	 28.52 
51	0	 4	 0	Col	130	 10	244 	 2804 	 28.04 

52	0	 4	 0	Row	109	 11	123 	 2939 	 29.39 
52	0	 4	 0	Col	109	 11	58 	 2874 	 28.74 

53	0	 4	 0	Row	179	 9	131 	 2435 	 24.35 
53	0	 4	 0	Col	179	 9	71 	 2375 	 23.75 

