Voltageboard settings: [1.035, 1, 0, 0, 1, 1.1, 0, 0]
Digital: {'interrupt_pushpull': 1, 'En_Inj1': 0, 'En_Inj2': 0, 'En_Inj3': 0, 'En_Inj4': 0, 'En_Inj5': 0, 'En_Inj6': 0, 'En_Inj7': 0, 'En_Inj8': 0, 'En_Inj9': 0, 'En_Inj10': 0, 'En_Inj11': 0, 'En_Inj12': 0, 'En_Inj13': 0, 'En_Inj14': 0, 'En_Inj15': 0, 'En_Inj16': 0, 'En_Inj17': 0, 'En_Inj18': 0, 'ResetB': 0, 'Extrabit0': 1, 'Extrabit1': 1, 'Extrabit2': 1, 'Extrabit3': 1, 'Extrabit4': 1, 'Extrabit5': 1, 'Extrabit6': 1, 'Extrabit7': 1, 'Extrabit8': 0, 'Extrabit9': 0, 'Extrabit10': 0, 'Extrabit11': 0, 'Extrabit12': 0, 'Extrabit13': 0, 'Extrabit14': 0}
Biasblock: {'DisHiDR': 0, 'q01': 0, 'qon0': 0, 'qon1': 1, 'qon2': 0, 'qon3': 1}
DAC: {'blres': 10, 'nu1': 0, 'vn1': 10, 'vnfb': 10, 'vnfoll': 2, 'nu5': 0, 'nu6': 0, 'nu7': 0, 'nu8': 0, 'vn2': 0, 'vnfoll2': 10, 'vnbias': 10, 'vpload': 2, 'nu13': 0, 'vncomp': 20, 'vpfoll': 20, 'nu16': 0, 'vprec': 30, 'vnrec': 30}
Receiver: {'ColConfig0': 274877906940, 'ColConfig1': 68719476734, 'ColConfig2': 68719476734, 'ColConfig3': 68719476734, 'ColConfig4': 68719476734, 'ColConfig5': 68719476734, 'ColConfig6': 68719476734, 'ColConfig7': 68719476734, 'ColConfig8': 68719476734, 'ColConfig9': 68719476734, 'ColConfig10': 68719476734, 'ColConfig11': 68719476734, 'ColConfig12': 68719476734, 'ColConfig13': 68719476734, 'ColConfig14': 68719476734, 'ColConfig15': 68719476734, 'ColConfig16': 68719476734, 'ColConfig17': 68719476734, 'ColConfig18': 68719476734, 'ColConfig19': 68719476734, 'ColConfig20': 68719476734, 'ColConfig21': 68719476734, 'ColConfig22': 68719476734, 'ColConfig23': 68719476734, 'ColConfig24': 68719476734, 'ColConfig25': 68719476734, 'ColConfig26': 68719476734, 'ColConfig27': 68719476734, 'ColConfig28': 68719476734, 'ColConfig29': 68719476734, 'ColConfig30': 68719476734, 'ColConfig31': 68719476734, 'ColConfig32': 68719476734, 'ColConfig33': 68719476734, 'ColConfig34': 68719476734}

NEvent	ChipId	Payload	Locatn	Row/Col	tStamp	MSB	LSB	ToT	ToT(us)
0	0	 4	 0	Row	167	 7	60 	 1852 	 18.52 
0	0	 4	 0	Col	168	 4	126 	 1150 	 11.5 
0	0	 4	 0	Row	113	 0	64 	 64 	 0.64 
0	0	 4	 0	Col	168	 0	26 	 26 	 0.26 

1	0	 4	 0	Row	113	 0	8 	 8 	 0.08 

2	0	 4	 0	Row	113	 0	33 	 33 	 0.33 

3	0	 4	 0	Row	195	 0	90 	 90 	 0.9 
3	0	 4	 0	Col	195	 0	37 	 37 	 0.37 

4	0	 4	 0	Row	195	 0	22 	 22 	 0.22 

5	0	 4	 0	Row	195	 0	12 	 12 	 0.12 

6	0	 4	 0	Row	80	 0	109 	 109 	 1.09 
6	0	 4	 0	Col	80	 0	71 	 71 	 0.71 

7	0	 4	 0	Row	41	 0	50 	 50 	 0.5 

8	0	 4	 0	Row	41	 0	24 	 24 	 0.24 

9	0	 4	 0	Row	41	 0	40 	 40 	 0.4 
9	0	 4	 0	Col	80	 0	16 	 16 	 0.16 

10	0	 4	 0	Row	41	 0	20 	 20 	 0.2 

11	0	 4	 0	Row	61	 0	67 	 67 	 0.67 
11	0	 [0;31;40m0[0m	 3	Row	4	 0	80 	 80 	 0.8 
11	0	 [0;31;40m0[0m	 33	Row	61	 13	61 	 3389 	 33.89 

12	0	 4	 0	Row	221	 0	57 	 57 	 0.57 

13	0	 4	 0	Row	134	 0	62 	 62 	 0.62 
13	0	 4	 0	Col	80	 0	30 	 30 	 0.3 

14	0	 4	 0	Row	134	 0	48 	 48 	 0.48 

15	0	 4	 0	Row	134	 0	12 	 12 	 0.12 

16	0	 4	 0	Row	134	 0	27 	 27 	 0.27 

17	0	 4	 0	Row	134	 0	8 	 8 	 0.08 

18	0	 4	 0	Row	134	 0	57 	 57 	 0.57 

19	0	 4	 0	Row	134	 0	33 	 33 	 0.33 

20	0	 4	 0	Row	212	 0	37 	 37 	 0.37 

21	0	 4	 0	Row	212	 0	36 	 36 	 0.36 
21	0	 4	 0	Col	80	 0	14 	 14 	 0.14 

22	0	 4	 0	Row	212	 0	7 	 7 	 0.07 

23	0	 4	 0	Row	84	 0	149 	 149 	 1.49 
23	0	 4	 0	Col	84	 0	131 	 131 	 1.31 

24	0	 4	 0	Row	84	 0	31 	 31 	 0.31 

25	0	 4	 0	Row	84	 0	7 	 7 	 0.07 

26	0	 4	 0	Row	84	 0	22 	 22 	 0.22 

27	0	 4	 0	Row	84	 0	43 	 43 	 0.43 

28	0	 4	 0	Row	83	 0	32 	 32 	 0.32 

29	0	 4	 0	Row	83	 0	69 	 69 	 0.69 

30	0	 4	 0	Row	83	 0	9 	 9 	 0.09 

31	0	 4	 0	Row	83	 0	18 	 18 	 0.18 

32	0	 4	 0	Row	83	 0	39 	 39 	 0.39 

33	0	 4	 0	Row	83	 0	42 	 42 	 0.42 

34	0	 4	 0	Row	83	 0	52 	 52 	 0.52 
34	0	 4	 0	Col	84	 0	12 	 12 	 0.12 

35	0	 4	 0	Row	194	 0	62 	 62 	 0.62 

36	0	 4	 0	Row	194	 0	14 	 14 	 0.14 

37	0	 4	 0	Row	184	 0	136 	 136 	 1.36 
37	0	 4	 0	Col	249	 0	46 	 46 	 0.46 

38	0	 4	 0	Row	178	 0	21 	 21 	 0.21 

39	0	 4	 0	Row	178	 0	27 	 27 	 0.27 

40	0	 4	 0	Row	68	 0	74 	 74 	 0.74 
40	0	 4	 0	Col	249	 0	18 	 18 	 0.18 

41	0	 4	 0	Row	185	 0	94 	 94 	 0.94 
41	0	 4	 0	Col	185	 0	44 	 44 	 0.44 

42	0	 4	 0	Row	46	 0	47 	 47 	 0.47 
42	0	 4	 0	Col	46	 0	29 	 29 	 0.29 

43	0	 4	 0	Row	46	 0	19 	 19 	 0.19 

44	0	 4	 0	Row	181	 0	139 	 139 	 1.39 
44	0	 4	 0	Col	181	 0	122 	 122 	 1.22 

45	0	 4	 0	Row	234	 0	69 	 69 	 0.69 
45	0	 4	 0	Col	234	 0	51 	 51 	 0.51 

46	0	 4	 0	Row	108	 0	52 	 52 	 0.52 
46	0	 4	 0	Col	234	 0	23 	 23 	 0.23 

47	0	 4	 0	Row	250	 0	81 	 81 	 0.81 
47	0	 4	 0	Col	250	 0	62 	 62 	 0.62 

48	0	 4	 0	Row	159	 0	78 	 78 	 0.78 

49	0	 4	 0	Row	191	 0	75 	 75 	 0.75 
49	0	 4	 0	Col	250	 0	29 	 29 	 0.29 

50	0	 4	 0	Row	91	 0	52 	 52 	 0.52 
50	0	 4	 0	Col	91	 0	29 	 29 	 0.29 

51	0	 4	 0	Row	79	 0	47 	 47 	 0.47 
51	0	 4	 0	Col	79	 0	22 	 22 	 0.22 

52	0	 4	 0	Row	77	 0	78 	 78 	 0.78 
52	0	 4	 0	Col	79	 0	29 	 29 	 0.29 

53	0	 4	 0	Row	77	 0	42 	 42 	 0.42 
53	0	 4	 0	Col	79	 0	16 	 16 	 0.16 

54	0	 4	 0	Row	77	 0	30 	 30 	 0.3 

55	0	 4	 0	Row	143	 0	50 	 50 	 0.5 
55	0	 4	 0	Col	79	 0	23 	 23 	 0.23 

56	0	 4	 0	Row	135	 0	70 	 70 	 0.7 
56	0	 4	 0	Col	79	 0	49 	 49 	 0.49 

57	0	 4	 0	Row	135	 0	7 	 7 	 0.07 

58	0	 4	 0	Row	57	 0	65 	 65 	 0.65 
58	0	 4	 0	Col	62	 0	40 	 40 	 0.4 

59	0	 4	 0	Row	209	 0	64 	 64 	 0.64 
59	0	 4	 0	Col	209	 0	48 	 48 	 0.48 

60	0	 4	 0	Row	209	 0	5 	 5 	 0.05 

61	0	 4	 0	Row	209	 0	20 	 20 	 0.2 

62	0	 4	 0	Row	209	 0	42 	 42 	 0.42 
62	0	 4	 0	Col	209	 0	23 	 23 	 0.23 

63	0	 4	 0	Row	209	 0	26 	 26 	 0.26 

64	0	 4	 0	Row	21	 0	21 	 21 	 0.21 

65	0	 4	 0	Row	21	 0	29 	 29 	 0.29 

66	0	 4	 0	Row	154	 0	10 	 10 	 0.1 

67	0	 4	 0	Row	154	 0	28 	 28 	 0.28 

68	0	 4	 0	Row	154	 0	14 	 14 	 0.14 

69	0	 4	 0	Row	154	 0	38 	 38 	 0.38 

70	0	 4	 0	Row	24	 0	31 	 31 	 0.31 

71	0	 4	 0	Row	24	 0	48 	 48 	 0.48 
71	0	 4	 0	Col	209	 0	30 	 30 	 0.3 

72	0	 4	 0	Row	24	 0	60 	 60 	 0.6 
72	0	 4	 0	Col	209	 0	38 	 38 	 0.38 

73	0	 4	 0	Row	24	 0	14 	 14 	 0.14 

74	0	 4	 0	Row	119	 0	38 	 38 	 0.38 

75	0	 4	 0	Row	119	 0	46 	 46 	 0.46 

76	0	 4	 0	Row	119	 0	24 	 24 	 0.24 

77	0	 4	 0	Row	119	 0	37 	 37 	 0.37 

78	0	 4	 0	Row	119	 0	10 	 10 	 0.1 

79	0	 4	 0	Row	36	 0	174 	 174 	 1.74 
79	0	 4	 0	Col	36	 0	158 	 158 	 1.58 

80	0	 4	 0	Row	36	 0	2 	 2 	 0.02 

81	0	 4	 0	Row	36	 0	19 	 19 	 0.19 

82	0	 4	 0	Row	98	 0	104 	 104 	 1.04 
82	0	 4	 0	Col	98	 0	60 	 60 	 0.6 

83	0	 4	 0	Row	98	 0	29 	 29 	 0.29 

84	0	 4	 0	Row	98	 0	9 	 9 	 0.09 

85	0	 4	 0	Row	98	 0	13 	 13 	 0.13 

86	0	 4	 0	Row	58	 0	13 	 13 	 0.13 

87	0	 4	 0	Row	58	 0	78 	 78 	 0.78 
87	0	 4	 0	Col	98	 0	33 	 33 	 0.33 

88	0	 4	 0	Row	58	 0	31 	 31 	 0.31 
88	0	 4	 0	Col	98	 0	11 	 11 	 0.11 

89	0	 4	 0	Row	183	 0	71 	 71 	 0.71 
89	0	 4	 0	Col	183	 0	25 	 25 	 0.25 

90	0	 4	 0	Row	206	 0	45 	 45 	 0.45 
90	0	 4	 0	Col	183	 0	26 	 26 	 0.26 

91	0	 4	 0	Row	3	 0	83 	 83 	 0.83 
91	0	 4	 0	Col	44	 0	47 	 47 	 0.47 

92	0	 4	 0	Row	3	 0	4 	 4 	 0.04 

93	0	 4	 0	Row	3	 0	5 	 5 	 0.05 

94	0	 4	 0	Row	254	 0	21 	 21 	 0.21 

95	0	 4	 0	Row	254	 0	17 	 17 	 0.17 

96	0	 4	 0	Row	193	 0	18 	 18 	 0.18 

97	0	 4	 0	Row	224	 0	123 	 123 	 1.23 
97	0	 4	 0	Col	224	 0	94 	 94 	 0.94 

98	0	 4	 0	Row	224	 0	34 	 34 	 0.34 
98	0	 4	 0	Col	224	 0	8 	 8 	 0.08 

99	0	 4	 0	Row	155	 0	46 	 46 	 0.46 
99	0	 4	 0	Col	224	 0	28 	 28 	 0.28 

100	0	 4	 0	Row	155	 0	8 	 8 	 0.08 

101	0	 4	 0	Row	145	 0	49 	 49 	 0.49 
101	0	 4	 0	Col	224	 0	29 	 29 	 0.29 

102	0	 4	 0	Row	145	 0	28 	 28 	 0.28 

103	0	 4	 0	Row	145	 0	16 	 16 	 0.16 

104	0	 4	 0	Row	145	 0	42 	 42 	 0.42 
104	0	 4	 0	Col	224	 0	15 	 15 	 0.15 

105	0	 4	 0	Row	237	 0	41 	 41 	 0.41 

106	0	 4	 0	Row	237	 0	21 	 21 	 0.21 

107	0	 4	 0	Row	237	 0	9 	 9 	 0.09 

108	0	 4	 0	Row	237	 0	60 	 60 	 0.6 

109	0	 4	 0	Row	140	 0	44 	 44 	 0.44 
109	0	 4	 0	Col	224	 0	8 	 8 	 0.08 

110	0	 4	 0	Row	140	 0	20 	 20 	 0.2 

111	0	 4	 0	Row	110	 0	63 	 63 	 0.63 

112	0	 4	 0	Row	110	 0	6 	 6 	 0.06 

113	0	 4	 0	Row	110	 0	9 	 9 	 0.09 

114	0	 4	 0	Row	110	 0	46 	 46 	 0.46 
114	0	 4	 0	Col	224	 0	22 	 22 	 0.22 

115	0	 4	 0	Row	110	 0	3 	 3 	 0.03 

116	0	 4	 0	Row	110	 0	19 	 19 	 0.19 

117	0	 4	 0	Row	110	 0	16 	 16 	 0.16 

118	0	 4	 0	Row	110	 0	28 	 28 	 0.28 

119	0	 4	 0	Row	110	 0	51 	 51 	 0.51 

120	0	 4	 0	Row	100	 0	91 	 91 	 0.91 
120	0	 4	 0	Col	224	 0	42 	 42 	 0.42 

121	0	 4	 0	Row	190	 0	54 	 54 	 0.54 
121	0	 4	 0	Col	224	 0	35 	 35 	 0.35 

122	0	 4	 0	Row	190	 0	25 	 25 	 0.25 

123	0	 4	 0	Row	190	 0	7 	 7 	 0.07 

124	0	 4	 0	Row	68	 0	25 	 25 	 0.25 

125	0	 4	 0	Row	68	 0	51 	 51 	 0.51 

126	0	 4	 0	Row	68	 0	23 	 23 	 0.23 

127	0	 4	 0	Row	68	 0	29 	 29 	 0.29 

128	0	 4	 0	Row	69	 0	93 	 93 	 0.93 

129	0	 4	 0	Row	28	 0	73 	 73 	 0.73 
129	0	 4	 0	Col	28	 0	56 	 56 	 0.56 

130	0	 4	 0	Row	235	 0	58 	 58 	 0.58 
130	0	 4	 0	Col	28	 0	25 	 25 	 0.25 

131	0	 4	 0	Row	188	 0	133 	 133 	 1.33 
131	0	 4	 0	Col	188	 0	72 	 72 	 0.72 

132	0	 4	 0	Row	188	 0	45 	 45 	 0.45 
132	0	 4	 0	Col	188	 0	25 	 25 	 0.25 

133	0	 4	 0	Row	188	 0	74 	 74 	 0.74 
133	0	 4	 0	Col	188	 0	56 	 56 	 0.56 

134	0	 4	 0	Row	188	 0	25 	 25 	 0.25 

135	0	 4	 0	Row	188	 0	34 	 34 	 0.34 

136	0	 4	 0	Row	31	 0	44 	 44 	 0.44 

137	0	 4	 0	Row	31	 0	36 	 36 	 0.36 

138	0	 4	 0	Row	15	 0	138 	 138 	 1.38 
138	0	 4	 0	Col	15	 0	85 	 85 	 0.85 

139	0	 4	 0	Row	110	 0	85 	 85 	 0.85 
139	0	 4	 0	Col	110	 0	64 	 64 	 0.64 

140	0	 4	 0	Row	110	 0	5 	 5 	 0.05 

141	0	 4	 0	Row	110	 0	40 	 40 	 0.4 
141	0	 4	 0	Col	110	 0	13 	 13 	 0.13 

142	0	 4	 0	Row	113	 0	23 	 23 	 0.23 

143	0	 4	 0	Row	113	 0	8 	 8 	 0.08 

144	0	 4	 0	Row	235	 0	28 	 28 	 0.28 

145	0	 4	 0	Row	139	 0	47 	 47 	 0.47 

146	0	 4	 0	Row	139	 0	50 	 50 	 0.5 

147	0	 4	 0	Row	221	 0	29 	 29 	 0.29 

148	0	 4	 0	Row	221	 0	21 	 21 	 0.21 

149	0	 4	 0	Row	221	 0	4 	 4 	 0.04 

150	0	 4	 0	Row	221	 0	43 	 43 	 0.43 

151	0	 4	 0	Row	221	 0	32 	 32 	 0.32 
151	0	 4	 0	Col	110	 0	9 	 9 	 0.09 

152	0	 4	 0	Row	14	 0	78 	 78 	 0.78 
152	0	 4	 0	Col	234	 0	26 	 26 	 0.26 

153	0	 4	 0	Row	14	 0	117 	 117 	 1.17 

154	0	 4	 0	Row	14	 0	45 	 45 	 0.45 

155	0	 4	 0	Row	14	 0	64 	 64 	 0.64 

156	0	 4	 0	Row	14	 0	9 	 9 	 0.09 

157	0	 4	 0	Row	4	 0	62 	 62 	 0.62 
157	0	 4	 0	Col	4	 0	29 	 29 	 0.29 

158	0	 4	 0	Row	4	 0	12 	 12 	 0.12 

159	0	 4	 0	Row	202	 0	75 	 75 	 0.75 
159	0	 4	 0	Col	202	 0	35 	 35 	 0.35 

160	0	 4	 0	Row	148	 0	12 	 12 	 0.12 

161	0	 4	 0	Row	148	 0	32 	 32 	 0.32 

162	0	 4	 0	Row	148	 0	13 	 13 	 0.13 

163	0	 4	 0	Row	148	 0	31 	 31 	 0.31 

164	0	 4	 0	Row	73	 0	73 	 73 	 0.73 
164	0	 4	 0	Col	73	 0	18 	 18 	 0.18 

165	0	 4	 0	Row	73	 0	48 	 48 	 0.48 

166	0	 4	 0	Row	73	 0	14 	 14 	 0.14 

167	0	 4	 0	Row	73	 0	30 	 30 	 0.3 

168	0	 4	 0	Row	73	 0	9 	 9 	 0.09 

169	0	 4	 0	Row	191	 0	111 	 111 	 1.11 
169	0	 4	 0	Col	191	 0	54 	 54 	 0.54 

170	0	 4	 0	Row	191	 0	49 	 49 	 0.49 

171	0	 4	 0	Row	191	 0	9 	 9 	 0.09 

172	0	 4	 0	Row	123	 0	16 	 16 	 0.16 

173	0	 4	 0	Row	123	 0	20 	 20 	 0.2 

174	0	 4	 0	Row	123	 0	21 	 21 	 0.21 

175	0	 4	 0	Row	123	 0	39 	 39 	 0.39 
175	0	 4	 0	Col	191	 0	0 	 0 	 0.0 

176	0	 4	 0	Row	123	 0	26 	 26 	 0.26 

177	0	 4	 0	Row	123	 0	8 	 8 	 0.08 

178	0	 4	 0	Row	43	 0	44 	 44 	 0.44 

179	0	 4	 0	Row	43	 0	34 	 34 	 0.34 
179	0	 4	 0	Col	191	 0	13 	 13 	 0.13 

180	0	 4	 0	Row	43	 0	16 	 16 	 0.16 

181	0	 4	 0	Row	43	 0	64 	 64 	 0.64 
181	0	 4	 0	Col	191	 0	41 	 41 	 0.41 

182	0	 4	 0	Row	49	 0	13 	 13 	 0.13 

183	0	 4	 0	Row	49	 0	54 	 54 	 0.54 

184	0	 4	 0	Row	49	 0	42 	 42 	 0.42 

185	0	 4	 0	Row	49	 0	18 	 18 	 0.18 

186	0	 4	 0	Row	49	 0	16 	 16 	 0.16 

187	0	 4	 0	Row	49	 0	38 	 38 	 0.38 
187	0	 4	 0	Col	191	 0	18 	 18 	 0.18 

188	0	 4	 0	Row	244	 0	75 	 75 	 0.75 
188	0	 4	 0	Col	244	 0	28 	 28 	 0.28 

189	0	 4	 0	Row	244	 0	28 	 28 	 0.28 

190	0	 4	 0	Row	244	 0	23 	 23 	 0.23 

191	0	 4	 0	Row	244	 0	15 	 15 	 0.15 

192	0	 4	 0	Row	244	 0	46 	 46 	 0.46 
192	0	 4	 0	Col	244	 0	27 	 27 	 0.27 

193	0	 4	 0	Row	120	 0	15 	 15 	 0.15 

194	0	 4	 0	Row	69	 0	85 	 85 	 0.85 
194	0	 4	 0	Col	69	 0	67 	 67 	 0.67 

195	0	 4	 0	Row	69	 0	25 	 25 	 0.25 

196	0	 4	 0	Row	69	 0	25 	 25 	 0.25 

197	0	 4	 0	Row	69	 0	20 	 20 	 0.2 

198	0	 4	 0	Row	53	 0	81 	 81 	 0.81 
198	0	 4	 0	Col	53	 0	64 	 64 	 0.64 

199	0	 4	 0	Row	53	 0	52 	 52 	 0.52 
199	0	 4	 0	Col	53	 0	33 	 33 	 0.33 

200	0	 4	 0	Row	209	 0	110 	 110 	 1.1 
200	0	 4	 0	Col	244	 0	63 	 63 	 0.63 

201	0	 4	 0	Row	209	 0	3 	 3 	 0.03 

202	0	 4	 0	Row	209	 0	10 	 10 	 0.1 

203	0	 4	 0	Row	209	 0	28 	 28 	 0.28 

204	0	 4	 0	Row	209	 0	47 	 47 	 0.47 
204	0	 4	 0	Col	244	 0	22 	 22 	 0.22 

205	0	 4	 0	Row	209	 0	10 	 10 	 0.1 

206	0	 4	 0	Row	23	 0	113 	 113 	 1.13 
206	0	 4	 0	Col	23	 0	94 	 94 	 0.94 

207	0	 4	 0	Row	23	 0	59 	 59 	 0.59 
207	0	 4	 0	Col	23	 0	35 	 35 	 0.35 

208	0	 4	 0	Row	45	 0	42 	 42 	 0.42 

209	0	 4	 0	Row	108	 0	53 	 53 	 0.53 

210	0	 4	 0	Row	108	 0	33 	 33 	 0.33 
210	0	 4	 0	Col	23	 0	6 	 6 	 0.06 

211	0	 4	 0	Row	108	 0	43 	 43 	 0.43 

212	0	 4	 0	Row	108	 0	32 	 32 	 0.32 
212	0	 4	 0	Col	23	 0	8 	 8 	 0.08 

213	0	 4	 0	Row	91	 0	38 	 38 	 0.38 

214	0	 4	 0	Row	91	 0	11 	 11 	 0.11 

215	0	 4	 0	Row	91	 0	41 	 41 	 0.41 

216	0	 4	 0	Row	91	 0	11 	 11 	 0.11 

217	0	 4	 0	Row	91	 0	18 	 18 	 0.18 

218	0	 4	 0	Row	91	 0	49 	 49 	 0.49 
218	0	 4	 0	Col	23	 0	23 	 23 	 0.23 

219	0	 4	 0	Row	91	 0	21 	 21 	 0.21 

220	0	 4	 0	Row	91	 0	4 	 4 	 0.04 

221	0	 4	 0	Row	91	 0	28 	 28 	 0.28 

222	0	 4	 0	Row	236	 0	96 	 96 	 0.96 
222	0	 4	 0	Col	23	 0	20 	 20 	 0.2 

223	0	 4	 0	Row	236	 0	19 	 19 	 0.19 

224	0	 4	 0	Row	236	 0	39 	 39 	 0.39 
224	0	 4	 0	Col	23	 0	15 	 15 	 0.15 

225	0	 4	 0	Row	236	 0	26 	 26 	 0.26 

226	0	 4	 0	Row	236	 0	6 	 6 	 0.06 

227	0	 4	 0	Row	236	 0	71 	 71 	 0.71 
227	0	 4	 0	Col	23	 0	14 	 14 	 0.14 

228	0	 4	 0	Row	236	 0	7 	 7 	 0.07 

229	0	 4	 0	Row	125	 0	42 	 42 	 0.42 
229	0	 4	 0	Col	23	 0	19 	 19 	 0.19 

230	0	 4	 0	Row	233	 0	75 	 75 	 0.75 
230	0	 4	 0	Col	23	 0	10 	 10 	 0.1 

231	0	 4	 0	Row	107	 0	56 	 56 	 0.56 

232	0	 4	 0	Row	107	 0	23 	 23 	 0.23 

233	0	 4	 0	Row	13	 0	214 	 214 	 2.14 
233	0	 4	 0	Col	13	 0	126 	 126 	 1.26 

234	0	 4	 0	Row	169	 0	186 	 186 	 1.86 
234	0	 4	 0	Col	170	 0	83 	 83 	 0.83 

235	0	 4	 0	Row	168	 0	124 	 124 	 1.24 
235	0	 4	 0	Col	170	 0	55 	 55 	 0.55 

236	0	 4	 0	Row	120	 0	74 	 74 	 0.74 
236	0	 4	 0	Col	170	 0	41 	 41 	 0.41 

237	0	 4	 0	Row	79	 0	65 	 65 	 0.65 
237	0	 4	 0	Col	170	 0	20 	 20 	 0.2 

238	0	 4	 0	Row	17	 0	83 	 83 	 0.83 
238	0	 4	 0	Col	170	 0	64 	 64 	 0.64 

239	0	 4	 0	Row	0	 0	13 	 13 	 0.13 

240	0	 4	 0	Row	116	 0	168 	 168 	 1.68 
240	0	 4	 0	Col	116	 0	152 	 152 	 1.52 

241	0	 4	 0	Row	116	 0	39 	 39 	 0.39 

242	0	 4	 0	Row	215	 0	12 	 12 	 0.12 

243	0	 4	 0	Row	215	 0	26 	 26 	 0.26 

244	0	 4	 0	Row	247	 0	42 	 42 	 0.42 
244	0	 4	 0	Col	247	 0	19 	 19 	 0.19 

245	0	 4	 0	Row	247	 0	24 	 24 	 0.24 

246	0	 4	 0	Row	247	 0	27 	 27 	 0.27 

247	0	 4	 0	Row	247	 0	15 	 15 	 0.15 

248	0	 4	 0	Row	145	 0	57 	 57 	 0.57 
248	0	 4	 0	Col	145	 0	28 	 28 	 0.28 

249	0	 4	 0	Row	145	 0	24 	 24 	 0.24 

250	0	 4	 0	Row	145	 0	9 	 9 	 0.09 

251	0	 4	 0	Row	145	 0	33 	 33 	 0.33 

252	0	 4	 0	Row	145	 0	18 	 18 	 0.18 

253	0	 4	 0	Row	145	 0	17 	 17 	 0.17 

254	0	 4	 0	Row	145	 0	18 	 18 	 0.18 

255	0	 4	 0	Row	145	 0	52 	 52 	 0.52 
255	0	 4	 0	Col	145	 0	15 	 15 	 0.15 

256	0	 4	 0	Row	28	 0	160 	 160 	 1.6 
256	0	 4	 0	Col	145	 0	46 	 46 	 0.46 

257	0	 4	 0	Row	28	 0	5 	 5 	 0.05 

258	0	 4	 0	Row	28	 0	27 	 27 	 0.27 

259	0	 4	 0	Row	241	 0	32 	 32 	 0.32 

260	0	 4	 0	Row	117	 0	41 	 41 	 0.41 

261	0	 4	 0	Row	117	 0	39 	 39 	 0.39 

262	0	 4	 0	Row	117	 0	24 	 24 	 0.24 

263	0	 4	 0	Row	117	 0	24 	 24 	 0.24 

264	0	 4	 0	Row	103	 0	42 	 42 	 0.42 

265	0	 4	 0	Row	16	 0	79 	 79 	 0.79 
265	0	 4	 0	Col	16	 0	51 	 51 	 0.51 

266	0	 4	 0	Row	246	 0	39 	 39 	 0.39 

267	0	 4	 0	Row	246	 0	16 	 16 	 0.16 

268	0	 4	 0	Row	246	 0	27 	 27 	 0.27 

269	0	 4	 0	Row	1	 0	47 	 47 	 0.47 
269	0	 4	 0	Col	16	 0	23 	 23 	 0.23 

270	0	 4	 0	Row	1	 0	15 	 15 	 0.15 

271	0	 4	 0	Row	34	 0	24 	 24 	 0.24 

272	0	 4	 0	Row	71	 0	42 	 42 	 0.42 
272	0	 4	 0	Col	16	 0	19 	 19 	 0.19 

273	0	 4	 0	Row	215	 0	26 	 26 	 0.26 

274	0	 4	 0	Row	215	 0	16 	 16 	 0.16 

275	0	 4	 0	Row	150	 0	54 	 54 	 0.54 
275	0	 4	 0	Col	16	 0	26 	 26 	 0.26 

276	0	 4	 0	Row	79	 0	51 	 51 	 0.51 

277	0	 4	 0	Row	79	 0	8 	 8 	 0.08 

278	0	 4	 0	Row	79	 0	15 	 15 	 0.15 

279	0	 4	 0	Row	98	 0	65 	 65 	 0.65 
279	0	 4	 0	Col	98	 0	46 	 46 	 0.46 

280	0	 4	 0	Row	98	 0	28 	 28 	 0.28 

281	0	 4	 0	Row	98	 0	67 	 67 	 0.67 

282	0	 4	 0	Row	47	 0	105 	 105 	 1.05 
282	0	 4	 0	Col	47	 0	72 	 72 	 0.72 

283	0	 4	 0	Row	177	 0	39 	 39 	 0.39 

284	0	 4	 0	Row	32	 0	40 	 40 	 0.4 
284	0	 4	 0	Col	47	 0	8 	 8 	 0.08 

285	0	 4	 0	Row	32	 0	10 	 10 	 0.1 

286	0	 4	 0	Row	32	 0	19 	 19 	 0.19 

287	0	 4	 0	Row	180	 0	80 	 80 	 0.8 
287	0	 4	 0	Col	47	 0	23 	 23 	 0.23 

288	0	 4	 0	Row	0	 0	85 	 85 	 0.85 
288	0	 4	 0	Col	47	 0	18 	 18 	 0.18 

289	0	 4	 0	Row	70	 0	53 	 53 	 0.53 
289	0	 4	 0	Col	70	 0	27 	 27 	 0.27 

290	0	 4	 0	Row	70	 0	33 	 33 	 0.33 

291	0	 4	 0	Row	70	 0	39 	 39 	 0.39 

292	0	 4	 0	Row	122	 0	27 	 27 	 0.27 

293	0	 4	 0	Row	122	 0	15 	 15 	 0.15 

294	0	 4	 0	Row	65	 0	195 	 195 	 1.95 
294	0	 4	 0	Col	65	 0	121 	 121 	 1.21 

295	0	 4	 0	Row	7	 0	38 	 38 	 0.38 

296	0	 4	 0	Row	235	 0	43 	 43 	 0.43 
296	0	 4	 0	Col	65	 0	18 	 18 	 0.18 

297	0	 4	 0	Row	119	 0	187 	 187 	 1.87 
297	0	 4	 0	Col	119	 0	170 	 170 	 1.7 

298	0	 4	 0	Row	175	 0	90 	 90 	 0.9 
298	0	 4	 0	Col	175	 0	56 	 56 	 0.56 

299	0	 4	 0	Row	175	 0	18 	 18 	 0.18 

300	0	 4	 0	Row	89	 0	218 	 218 	 2.18 
300	0	 4	 0	Col	89	 0	169 	 169 	 1.69 

301	0	 4	 0	Row	89	 0	18 	 18 	 0.18 

302	0	 4	 0	Row	89	 0	11 	 11 	 0.11 

303	0	 4	 0	Row	207	 0	49 	 49 	 0.49 

304	0	 4	 0	Row	207	 0	18 	 18 	 0.18 

305	0	 4	 0	Row	207	 0	32 	 32 	 0.32 

306	0	 4	 0	Row	207	 0	20 	 20 	 0.2 

307	0	 4	 0	Row	147	 0	54 	 54 	 0.54 

308	0	 4	 0	Row	147	 0	15 	 15 	 0.15 

309	0	 4	 0	Row	243	 0	84 	 84 	 0.84 
309	0	 4	 0	Col	89	 0	11 	 11 	 0.11 

310	0	 4	 0	Row	243	 0	17 	 17 	 0.17 

311	0	 4	 0	Row	243	 0	36 	 36 	 0.36 
311	0	 4	 0	Col	89	 0	17 	 17 	 0.17 

312	0	 4	 0	Row	64	 0	48 	 48 	 0.48 
312	0	 4	 0	Col	64	 0	19 	 19 	 0.19 

313	0	 4	 0	Row	64	 0	10 	 10 	 0.1 

314	0	 4	 0	Row	64	 0	33 	 33 	 0.33 
314	0	 4	 0	Col	64	 0	13 	 13 	 0.13 

315	0	 4	 0	Row	159	 0	30 	 30 	 0.3 

316	0	 4	 0	Row	49	 0	28 	 28 	 0.28 

317	0	 4	 0	Row	49	 0	5 	 5 	 0.05 

318	0	 4	 0	Row	49	 0	54 	 54 	 0.54 

319	0	 4	 0	Row	182	 0	58 	 58 	 0.58 
319	0	 4	 0	Col	182	 0	38 	 38 	 0.38 

320	0	 4	 0	Row	182	 0	42 	 42 	 0.42 

321	0	 4	 0	Row	182	 0	12 	 12 	 0.12 

322	0	 4	 0	Row	178	 0	62 	 62 	 0.62 
322	0	 4	 0	Col	182	 0	35 	 35 	 0.35 

323	0	 4	 0	Row	178	 0	31 	 31 	 0.31 

324	0	 4	 0	Row	212	 0	39 	 39 	 0.39 

325	0	 4	 0	Row	111	 0	21 	 21 	 0.21 

326	0	 4	 0	Row	55	 0	211 	 211 	 2.11 
326	0	 4	 0	Col	207	 0	145 	 145 	 1.45 

327	0	 4	 0	Row	65	 0	32 	 32 	 0.32 
327	0	 4	 0	Col	207	 0	8 	 8 	 0.08 

328	0	 4	 0	Row	228	 0	125 	 125 	 1.25 
328	0	 4	 0	Col	228	 0	57 	 57 	 0.57 

329	0	 4	 0	Row	172	 0	48 	 48 	 0.48 
329	0	 4	 0	Col	228	 0	10 	 10 	 0.1 

330	0	 4	 0	Row	93	 0	89 	 89 	 0.89 
330	0	 4	 0	Col	228	 0	39 	 39 	 0.39 

331	0	 4	 0	Row	168	 0	197 	 197 	 1.97 
331	0	 4	 0	Col	168	 0	176 	 176 	 1.76 

332	0	 4	 0	Row	168	 0	53 	 53 	 0.53 
332	0	 4	 0	Col	168	 0	26 	 26 	 0.26 

333	0	 4	 0	Row	168	 0	33 	 33 	 0.33 

334	0	 4	 0	Row	168	 0	10 	 10 	 0.1 

335	0	 4	 0	Row	168	 0	7 	 7 	 0.07 

336	0	 4	 0	Row	168	 0	35 	 35 	 0.35 
336	0	 4	 0	Col	168	 0	13 	 13 	 0.13 

337	0	 4	 0	Row	215	 0	50 	 50 	 0.5 
337	0	 4	 0	Col	168	 0	0 	 0 	 0.0 

338	0	 4	 0	Row	130	 0	48 	 48 	 0.48 

339	0	 4	 0	Row	130	 0	32 	 32 	 0.32 

340	0	 4	 0	Row	130	 0	15 	 15 	 0.15 

341	0	 4	 0	Row	2	 0	60 	 60 	 0.6 
341	0	 4	 0	Col	168	 0	43 	 43 	 0.43 

342	0	 4	 0	Row	2	 0	13 	 13 	 0.13 

343	0	 4	 0	Row	2	 0	33 	 33 	 0.33 

344	0	 4	 0	Row	201	 0	45 	 45 	 0.45 
344	0	 4	 0	Col	168	 0	26 	 26 	 0.26 

345	0	 4	 0	Row	110	 0	83 	 83 	 0.83 
345	0	 4	 0	Col	110	 0	65 	 65 	 0.65 

346	0	 4	 0	Row	110	 0	14 	 14 	 0.14 

347	0	 4	 0	Row	110	 0	25 	 25 	 0.25 

348	0	 4	 0	Row	205	 0	31 	 31 	 0.31 

349	0	 4	 0	Row	205	 0	14 	 14 	 0.14 

350	0	 4	 0	Row	205	 0	49 	 49 	 0.49 
350	0	 4	 0	Col	110	 0	20 	 20 	 0.2 

351	0	 4	 0	Row	55	 0	65 	 65 	 0.65 
351	0	 4	 0	Col	110	 0	36 	 36 	 0.36 

352	0	 4	 0	Row	55	 0	3 	 3 	 0.03 

353	0	 4	 0	Row	55	 0	20 	 20 	 0.2 

354	0	 4	 0	Row	146	 0	12 	 12 	 0.12 

355	0	 4	 0	Row	210	 0	76 	 76 	 0.76 
355	0	 4	 0	Col	210	 0	58 	 58 	 0.58 

356	0	 4	 0	Row	210	 0	9 	 9 	 0.09 

357	0	 4	 0	Row	67	 0	84 	 84 	 0.84 
357	0	 4	 0	Col	210	 0	65 	 65 	 0.65 

358	0	 4	 0	Row	67	 0	8 	 8 	 0.08 

359	0	 4	 0	Row	67	 0	20 	 20 	 0.2 

360	0	 4	 0	Row	67	 0	19 	 19 	 0.19 

361	0	 4	 0	Row	67	 0	5 	 5 	 0.05 

362	0	 4	 0	Row	147	 0	95 	 95 	 0.95 
362	0	 4	 0	Col	147	 0	72 	 72 	 0.72 

363	0	 4	 0	Row	147	 0	17 	 17 	 0.17 

364	0	 4	 0	Row	147	 0	35 	 35 	 0.35 
364	0	 4	 0	Col	147	 0	3 	 3 	 0.03 

365	0	 4	 0	Row	78	 0	125 	 125 	 1.25 
365	0	 4	 0	Col	213	 0	46 	 46 	 0.46 

366	0	 4	 0	Row	78	 0	21 	 21 	 0.21 

367	0	 4	 0	Row	164	 0	46 	 46 	 0.46 
367	0	 4	 0	Col	213	 0	27 	 27 	 0.27 

368	0	 4	 0	Row	164	 0	22 	 22 	 0.22 

369	0	 4	 0	Row	31	 0	32 	 32 	 0.32 

370	0	 4	 0	Row	31	 0	4 	 4 	 0.04 

371	0	 4	 0	Row	31	 0	47 	 47 	 0.47 

372	0	 4	 0	Row	31	 0	30 	 30 	 0.3 

373	0	 4	 0	Row	31	 0	10 	 10 	 0.1 

374	0	 4	 0	Row	31	 0	43 	 43 	 0.43 
374	0	 4	 0	Col	213	 0	22 	 22 	 0.22 

375	0	 4	 0	Row	31	 0	10 	 10 	 0.1 

376	0	 4	 0	Row	71	 0	66 	 66 	 0.66 
376	0	 4	 0	Col	71	 0	45 	 45 	 0.45 

377	0	 4	 0	Row	235	 0	34 	 34 	 0.34 

378	0	 4	 0	Row	126	 0	35 	 35 	 0.35 

379	0	 4	 0	Row	126	 0	16 	 16 	 0.16 

380	0	 4	 0	Row	12	 0	46 	 46 	 0.46 

381	0	 4	 0	Row	88	 0	109 	 109 	 1.09 
381	0	 4	 0	Col	88	 0	54 	 54 	 0.54 

382	0	 4	 0	Row	88	 0	14 	 14 	 0.14 

383	0	 4	 0	Row	88	 0	35 	 35 	 0.35 

384	0	 4	 0	Row	88	 0	20 	 20 	 0.2 

385	0	 4	 0	Row	88	 0	32 	 32 	 0.32 

386	0	 4	 0	Row	88	 0	49 	 49 	 0.49 
386	0	 4	 0	Col	88	 0	17 	 17 	 0.17 

387	0	 4	 0	Row	40	 0	50 	 50 	 0.5 

388	0	 4	 0	Row	40	 0	52 	 52 	 0.52 
388	0	 4	 0	Col	88	 0	30 	 30 	 0.3 

389	0	 4	 0	Row	40	 0	25 	 25 	 0.25 

390	0	 4	 0	Row	40	 0	13 	 13 	 0.13 

391	0	 4	 0	Row	40	 0	27 	 27 	 0.27 

392	0	 4	 0	Row	40	 0	35 	 35 	 0.35 

393	0	 4	 0	Row	40	 0	74 	 74 	 0.74 

394	0	 4	 0	Row	137	 0	123 	 123 	 1.23 
394	0	 4	 0	Col	137	 0	55 	 55 	 0.55 

395	0	 4	 0	Row	137	 0	14 	 14 	 0.14 

396	0	 4	 0	Row	124	 0	14 	 14 	 0.14 

397	0	 4	 0	Row	93	 0	61 	 61 	 0.61 

398	0	 4	 0	Row	93	 0	22 	 22 	 0.22 

399	0	 4	 0	Row	45	 0	13 	 13 	 0.13 

400	0	 4	 0	Row	45	 0	13 	 13 	 0.13 

401	0	 4	 0	Row	45	 0	42 	 42 	 0.42 
401	0	 4	 0	Col	137	 0	20 	 20 	 0.2 

402	0	 4	 0	Row	45	 0	40 	 40 	 0.4 
402	0	 4	 0	Col	137	 0	4 	 4 	 0.04 

403	0	 4	 0	Row	45	 0	11 	 11 	 0.11 

404	0	 4	 0	Row	100	 0	195 	 195 	 1.95 
404	0	 4	 0	Col	110	 0	155 	 155 	 1.55 

405	0	 4	 0	Row	100	 0	16 	 16 	 0.16 

406	0	 4	 0	Row	100	 0	4 	 4 	 0.04 

407	0	 4	 0	Row	135	 0	54 	 54 	 0.54 
407	0	 4	 0	Col	110	 0	26 	 26 	 0.26 

408	0	 4	 0	Row	116	 0	164 	 164 	 1.64 
408	0	 4	 0	Col	116	 0	46 	 46 	 0.46 

409	0	 4	 0	Row	202	 0	32 	 32 	 0.32 

410	0	 4	 0	Row	116	 0	4 	 4 	 0.04 

411	0	 4	 0	Row	116	 0	31 	 31 	 0.31 

412	0	 4	 0	Row	116	 0	52 	 52 	 0.52 
412	0	 4	 0	Col	116	 0	32 	 32 	 0.32 

413	0	 4	 0	Row	180	 0	158 	 158 	 1.58 
413	0	 4	 0	Col	180	 0	85 	 85 	 0.85 

414	0	 4	 0	Row	180	 0	15 	 15 	 0.15 

415	0	 4	 0	Row	69	 0	35 	 35 	 0.35 

416	0	 4	 0	Row	69	 0	8 	 8 	 0.08 

417	0	 4	 0	Row	69	 0	14 	 14 	 0.14 

418	0	 4	 0	Row	42	 0	47 	 47 	 0.47 
418	0	 4	 0	Col	180	 0	26 	 26 	 0.26 

419	0	 4	 0	Row	76	 0	44 	 44 	 0.44 

420	0	 4	 0	Row	88	 0	150 	 150 	 1.5 
420	0	 4	 0	Col	88	 0	96 	 96 	 0.96 

421	0	 4	 0	Row	88	 0	54 	 54 	 0.54 
421	0	 4	 0	Col	88	 0	10 	 10 	 0.1 

422	0	 4	 0	Row	88	 0	16 	 16 	 0.16 

423	0	 4	 0	Row	158	 0	106 	 106 	 1.06 
423	0	 4	 0	Col	151	 0	52 	 52 	 0.52 

424	0	 4	 0	Row	50	 0	121 	 121 	 1.21 
424	0	 4	 0	Col	50	 0	103 	 103 	 1.03 

425	0	 4	 0	Row	148	 0	54 	 54 	 0.54 
425	0	 4	 0	Col	50	 0	36 	 36 	 0.36 

426	0	 4	 0	Row	148	 0	34 	 34 	 0.34 

427	0	 4	 0	Row	133	 0	81 	 81 	 0.81 
427	0	 4	 0	Col	50	 0	62 	 62 	 0.62 

428	0	 4	 0	Row	133	 0	36 	 36 	 0.36 

429	0	 4	 0	Row	133	 0	61 	 61 	 0.61 
429	0	 4	 0	Col	50	 0	10 	 10 	 0.1 

430	0	 4	 0	Row	133	 0	42 	 42 	 0.42 
430	0	 4	 0	Col	50	 0	19 	 19 	 0.19 

431	0	 4	 0	Row	0	 0	90 	 90 	 0.9 
431	0	 4	 0	Col	0	 0	28 	 28 	 0.28 

432	0	 4	 0	Row	0	 0	33 	 33 	 0.33 

433	0	 4	 0	Row	0	 0	52 	 52 	 0.52 

434	0	 4	 0	Row	230	 0	116 	 116 	 1.16 
434	0	 4	 0	Col	230	 0	78 	 78 	 0.78 

435	0	 4	 0	Row	73	 0	135 	 135 	 1.35 
435	0	 4	 0	Col	73	 0	39 	 39 	 0.39 

436	0	 4	 0	Row	150	 0	27 	 27 	 0.27 

437	0	 4	 0	Row	150	 0	23 	 23 	 0.23 

438	0	 4	 0	Row	150	 0	65 	 65 	 0.65 
438	0	 4	 0	Col	73	 0	8 	 8 	 0.08 

439	0	 4	 0	Row	150	 0	36 	 36 	 0.36 
439	0	 4	 0	Col	73	 0	16 	 16 	 0.16 

440	0	 4	 0	Row	174	 0	139 	 139 	 1.39 
440	0	 4	 0	Col	174	 0	51 	 51 	 0.51 

441	0	 4	 0	Row	174	 0	8 	 8 	 0.08 

442	0	 4	 0	Row	254	 0	33 	 33 	 0.33 

443	0	 4	 0	Row	56	 0	16 	 16 	 0.16 

444	0	 4	 0	Row	56	 0	29 	 29 	 0.29 

445	0	 4	 0	Row	152	 0	120 	 120 	 1.2 
445	0	 4	 0	Col	152	 0	62 	 62 	 0.62 

446	0	 4	 0	Row	122	 0	51 	 51 	 0.51 
446	0	 4	 0	Col	122	 0	30 	 30 	 0.3 

447	0	 4	 0	Row	30	 0	66 	 66 	 0.66 
447	0	 4	 0	Col	122	 0	42 	 42 	 0.42 

448	0	 4	 0	Row	30	 0	42 	 42 	 0.42 

449	0	 4	 0	Row	158	 0	79 	 79 	 0.79 
449	0	 4	 0	Col	158	 0	54 	 54 	 0.54 

450	0	 4	 0	Row	23	 0	73 	 73 	 0.73 
450	0	 4	 0	Col	158	 0	23 	 23 	 0.23 

451	0	 4	 0	Row	23	 0	24 	 24 	 0.24 

452	0	 4	 0	Row	23	 0	67 	 67 	 0.67 
452	0	 4	 0	Col	158	 0	19 	 19 	 0.19 

453	0	 4	 0	Row	74	 0	34 	 34 	 0.34 

454	0	 4	 0	Row	91	 0	128 	 128 	 1.28 
454	0	 4	 0	Col	91	 0	46 	 46 	 0.46 

455	0	 4	 0	Row	91	 0	37 	 37 	 0.37 

456	0	 4	 0	Row	91	 0	26 	 26 	 0.26 

457	0	 4	 0	Row	168	 0	135 	 135 	 1.35 
457	0	 4	 0	Col	168	 0	78 	 78 	 0.78 

458	0	 4	 0	Row	168	 0	22 	 22 	 0.22 

459	0	 4	 0	Row	50	 0	18 	 18 	 0.18 

460	0	 4	 0	Row	122	 0	63 	 63 	 0.63 

461	0	 4	 0	Row	122	 0	19 	 19 	 0.19 

462	0	 4	 0	Row	122	 0	70 	 70 	 0.7 
462	0	 4	 0	Col	168	 0	25 	 25 	 0.25 

463	0	 4	 0	Row	123	 0	69 	 69 	 0.69 
463	0	 4	 0	Col	123	 0	47 	 47 	 0.47 

464	0	 4	 0	Row	8	 0	105 	 105 	 1.05 
464	0	 4	 0	Col	8	 0	22 	 22 	 0.22 

465	0	 4	 0	Row	8	 0	26 	 26 	 0.26 

466	0	 4	 0	Row	8	 0	53 	 53 	 0.53 
466	0	 4	 0	Col	8	 0	34 	 34 	 0.34 

467	0	 4	 0	Row	8	 0	81 	 81 	 0.81 
467	0	 4	 0	Col	8	 0	7 	 7 	 0.07 

468	0	 4	 0	Row	8	 0	10 	 10 	 0.1 

469	0	 4	 0	Row	8	 0	34 	 34 	 0.34 

470	0	 4	 0	Row	73	 0	42 	 42 	 0.42 

471	0	 4	 0	Row	93	 0	27 	 27 	 0.27 

472	0	 4	 0	Row	63	 0	11 	 11 	 0.11 

473	0	 4	 0	Row	63	 0	19 	 19 	 0.19 

474	0	 4	 0	Row	63	 0	4 	 4 	 0.04 

475	0	 4	 0	Row	237	 0	74 	 74 	 0.74 
475	0	 4	 0	Col	8	 0	25 	 25 	 0.25 

476	0	 4	 0	Row	237	 0	21 	 21 	 0.21 

477	0	 4	 0	Row	87	 0	65 	 65 	 0.65 
477	0	 4	 0	Col	87	 0	40 	 40 	 0.4 

478	0	 4	 0	Row	87	 0	32 	 32 	 0.32 

479	0	 4	 0	Row	10	 0	7 	 7 	 0.07 

480	0	 4	 0	Row	152	 0	15 	 15 	 0.15 

481	0	 4	 0	Row	78	 0	107 	 107 	 1.07 
481	0	 4	 0	Col	87	 0	68 	 68 	 0.68 

482	0	 4	 0	Row	50	 0	40 	 40 	 0.4 

483	0	 4	 0	Row	50	 0	14 	 14 	 0.14 

484	0	 4	 0	Row	153	 0	194 	 194 	 1.94 
484	0	 4	 0	Col	153	 0	177 	 177 	 1.77 

485	0	 4	 0	Row	69	 0	31 	 31 	 0.31 

486	0	 4	 0	Row	69	 0	65 	 65 	 0.65 
486	0	 4	 0	Col	153	 0	21 	 21 	 0.21 

487	0	 4	 0	Row	111	 0	67 	 67 	 0.67 
487	0	 4	 0	Col	153	 0	19 	 19 	 0.19 

488	0	 4	 0	Row	4	 0	27 	 27 	 0.27 

489	0	 4	 0	Row	4	 0	19 	 19 	 0.19 

490	0	 4	 0	Row	109	 0	99 	 99 	 0.99 
490	0	 4	 0	Col	110	 0	79 	 79 	 0.79 

491	0	 4	 0	Row	204	 0	114 	 114 	 1.14 
491	0	 4	 0	Col	204	 0	64 	 64 	 0.64 

492	0	 4	 0	Row	204	 0	18 	 18 	 0.18 

493	0	 4	 0	Row	204	 0	32 	 32 	 0.32 

494	0	 4	 0	Row	204	 0	15 	 15 	 0.15 

495	0	 4	 0	Row	204	 0	48 	 48 	 0.48 
495	0	 4	 0	Col	204	 0	28 	 28 	 0.28 

496	0	 4	 0	Row	204	 0	25 	 25 	 0.25 

497	0	 4	 0	Row	204	 0	18 	 18 	 0.18 

498	0	 4	 0	Row	204	 0	49 	 49 	 0.49 

499	0	 4	 0	Row	204	 0	58 	 58 	 0.58 
499	0	 4	 0	Col	204	 0	14 	 14 	 0.14 

500	0	 4	 0	Row	204	 0	30 	 30 	 0.3 

501	0	 4	 0	Row	204	 0	13 	 13 	 0.13 

502	0	 4	 0	Row	204	 0	8 	 8 	 0.08 

503	0	 4	 0	Row	204	 0	37 	 37 	 0.37 

504	0	 4	 0	Row	13	 0	31 	 31 	 0.31 

505	0	 4	 0	Row	227	 0	66 	 66 	 0.66 
505	0	 4	 0	Col	204	 0	38 	 38 	 0.38 

506	0	 4	 0	Row	12	 0	61 	 61 	 0.61 
506	0	 4	 0	Col	204	 0	30 	 30 	 0.3 

507	0	 4	 0	Row	12	 0	14 	 14 	 0.14 

508	0	 4	 0	Row	12	 0	40 	 40 	 0.4 

509	0	 4	 0	Row	12	 0	37 	 37 	 0.37 

510	0	 4	 0	Row	12	 0	10 	 10 	 0.1 

511	0	 4	 0	Row	12	 0	14 	 14 	 0.14 

512	0	 4	 0	Row	171	 0	76 	 76 	 0.76 
512	0	 4	 0	Col	171	 0	57 	 57 	 0.57 

513	0	 4	 0	Row	104	 0	18 	 18 	 0.18 

514	0	 4	 0	Row	184	 0	128 	 128 	 1.28 
514	0	 4	 0	Col	171	 0	19 	 19 	 0.19 

515	0	 4	 0	Row	190	 0	114 	 114 	 1.14 
515	0	 4	 0	Col	190	 0	92 	 92 	 0.92 

516	0	 4	 0	Row	190	 0	24 	 24 	 0.24 

517	0	 4	 0	Row	190	 0	5 	 5 	 0.05 

518	0	 4	 0	Row	93	 0	17 	 17 	 0.17 

519	0	 4	 0	Row	184	 0	60 	 60 	 0.6 

520	0	 4	 0	Row	184	 0	8 	 8 	 0.08 

521	0	 4	 0	Row	184	 0	22 	 22 	 0.22 

522	0	 4	 0	Row	102	 0	35 	 35 	 0.35 

523	0	 4	 0	Row	52	 0	40 	 40 	 0.4 
523	0	 4	 0	Col	190	 0	9 	 9 	 0.09 
523	0	 4	 0	Row	255	 0	58 	 58 	 0.58 
523	0	 4	 0	Col	190	 0	6 	 6 	 0.06 

524	0	 4	 0	Row	255	 0	58 	 58 	 0.58 
524	0	 4	 0	Col	190	 0	36 	 36 	 0.36 

525	0	 4	 0	Row	255	 0	32 	 32 	 0.32 
525	0	 4	 0	Col	190	 0	8 	 8 	 0.08 

526	0	 4	 0	Row	255	 0	14 	 14 	 0.14 

527	0	 4	 0	Row	137	 0	25 	 25 	 0.25 

528	0	 4	 0	Row	125	 0	136 	 136 	 1.36 
528	0	 4	 0	Col	125	 0	39 	 39 	 0.39 

529	0	 4	 0	Row	125	 0	67 	 67 	 0.67 
529	0	 4	 0	Col	125	 0	18 	 18 	 0.18 

530	0	 4	 0	Row	125	 0	36 	 36 	 0.36 

531	0	 4	 0	Row	125	 0	9 	 9 	 0.09 

532	0	 4	 0	Row	87	 0	67 	 67 	 0.67 
532	0	 4	 0	Col	125	 0	48 	 48 	 0.48 

533	0	 4	 0	Row	211	 0	31 	 31 	 0.31 

534	0	 4	 0	Row	211	 0	22 	 22 	 0.22 

535	0	 4	 0	Row	211	 0	9 	 9 	 0.09 

536	0	 4	 0	Row	46	 0	27 	 27 	 0.27 

537	0	 4	 0	Row	46	 0	46 	 46 	 0.46 

538	0	 4	 0	Row	46	 0	11 	 11 	 0.11 

539	0	 4	 0	Row	46	 0	6 	 6 	 0.06 

540	0	 4	 0	Row	46	 0	25 	 25 	 0.25 

541	0	 4	 0	Row	151	 0	176 	 176 	 1.76 
541	0	 4	 0	Col	151	 0	160 	 160 	 1.6 

542	0	 4	 0	Row	208	 0	13 	 13 	 0.13 

543	0	 4	 0	Row	208	 0	16 	 16 	 0.16 

544	0	 4	 0	Row	16	 0	35 	 35 	 0.35 

545	0	 4	 0	Row	16	 0	7 	 7 	 0.07 

546	0	 4	 0	Row	10	 0	62 	 62 	 0.62 
546	0	 4	 0	Col	10	 0	41 	 41 	 0.41 

547	0	 4	 0	Row	189	 0	28 	 28 	 0.28 

548	0	 4	 0	Row	189	 0	34 	 34 	 0.34 

549	0	 4	 0	Row	189	 0	14 	 14 	 0.14 

550	0	 4	 0	Row	189	 0	23 	 23 	 0.23 

551	0	 4	 0	Row	189	 0	30 	 30 	 0.3 

552	0	 4	 0	Row	189	 0	43 	 43 	 0.43 

553	0	 4	 0	Row	213	 0	76 	 76 	 0.76 
553	0	 4	 0	Col	213	 0	58 	 58 	 0.58 

554	0	 4	 0	Row	213	 0	32 	 32 	 0.32 

555	0	 4	 0	Row	213	 0	13 	 13 	 0.13 

556	0	 4	 0	Row	87	 0	15 	 15 	 0.15 

557	0	 4	 0	Row	32	 0	153 	 153 	 1.53 
557	0	 4	 0	Col	203	 0	98 	 98 	 0.98 

558	0	 4	 0	Row	32	 0	48 	 48 	 0.48 

559	0	 4	 0	Row	203	 0	37 	 37 	 0.37 
559	0	 4	 0	Col	203	 0	9 	 9 	 0.09 

560	0	 4	 0	Row	203	 0	29 	 29 	 0.29 

561	0	 4	 0	Row	203	 0	26 	 26 	 0.26 

562	0	 4	 0	Row	203	 0	18 	 18 	 0.18 

563	0	 4	 0	Row	73	 0	20 	 20 	 0.2 

564	0	 4	 0	Row	119	 0	60 	 60 	 0.6 
564	0	 4	 0	Col	119	 0	39 	 39 	 0.39 

565	0	 4	 0	Row	119	 0	18 	 18 	 0.18 

566	0	 4	 0	Row	119	 0	4 	 4 	 0.04 

567	0	 4	 0	Row	251	 0	22 	 22 	 0.22 

568	0	 4	 0	Row	251	 0	33 	 33 	 0.33 

569	0	 4	 0	Row	251	 0	11 	 11 	 0.11 

570	0	 4	 0	Row	251	 0	65 	 65 	 0.65 
570	0	 4	 0	Col	119	 0	47 	 47 	 0.47 

571	0	 4	 0	Row	251	 0	41 	 41 	 0.41 

572	0	 4	 0	Row	251	 0	23 	 23 	 0.23 

573	0	 4	 0	Row	96	 0	108 	 108 	 1.08 
573	0	 4	 0	Col	96	 0	39 	 39 	 0.39 

574	0	 4	 0	Row	25	 0	216 	 216 	 2.16 
574	0	 4	 0	Col	24	 0	161 	 161 	 1.61 

575	0	 4	 0	Row	15	 0	38 	 38 	 0.38 

576	0	 4	 0	Row	15	 0	8 	 8 	 0.08 

577	0	 4	 0	Row	15	 0	6 	 6 	 0.06 

578	0	 4	 0	Row	15	 0	27 	 27 	 0.27 

579	0	 4	 0	Row	27	 0	34 	 34 	 0.34 

580	0	 4	 0	Row	27	 0	6 	 6 	 0.06 

581	0	 4	 0	Row	92	 0	97 	 97 	 0.97 

582	0	 4	 0	Row	92	 0	38 	 38 	 0.38 
582	0	 4	 0	Col	24	 0	10 	 10 	 0.1 

583	0	 4	 0	Row	80	 0	35 	 35 	 0.35 

584	0	 4	 0	Row	0	 0	11 	 11 	 0.11 

585	0	 4	 0	Row	54	 0	89 	 89 	 0.89 

586	0	 4	 0	Row	58	 0	37 	 37 	 0.37 

587	0	 4	 0	Row	4	 0	63 	 63 	 0.63 
587	0	 4	 0	Col	47	 0	17 	 17 	 0.17 

588	0	 4	 0	Row	79	 0	29 	 29 	 0.29 

589	0	 4	 0	Row	79	 0	5 	 5 	 0.05 

590	0	 4	 0	Row	79	 0	43 	 43 	 0.43 
590	0	 4	 0	Col	47	 0	24 	 24 	 0.24 

591	0	 4	 0	Row	79	 0	28 	 28 	 0.28 

592	0	 4	 0	Row	39	 0	35 	 35 	 0.35 
592	0	 4	 0	Col	47	 0	2 	 2 	 0.02 

593	0	 4	 0	Row	39	 0	54 	 54 	 0.54 
593	0	 4	 0	Col	47	 0	30 	 30 	 0.3 

594	0	 4	 0	Row	58	 0	44 	 44 	 0.44 
594	0	 4	 0	Col	47	 0	22 	 22 	 0.22 

595	0	 4	 0	Row	249	 0	32 	 32 	 0.32 

596	0	 4	 0	Row	249	 0	19 	 19 	 0.19 

597	0	 4	 0	Row	107	 0	42 	 42 	 0.42 
597	0	 4	 0	Col	107	 0	23 	 23 	 0.23 

598	0	 4	 0	Row	107	 0	20 	 20 	 0.2 

599	0	 4	 0	Row	107	 0	6 	 6 	 0.06 

600	0	 4	 0	Row	225	 0	14 	 14 	 0.14 

601	0	 4	 0	Row	178	 0	62 	 62 	 0.62 
601	0	 4	 0	Col	178	 0	29 	 29 	 0.29 

602	0	 4	 0	Row	178	 0	19 	 19 	 0.19 

603	0	 4	 0	Row	97	 0	48 	 48 	 0.48 
603	0	 4	 0	Col	97	 0	22 	 22 	 0.22 

604	0	 4	 0	Row	97	 0	11 	 11 	 0.11 

605	0	 4	 0	Row	97	 0	26 	 26 	 0.26 

606	0	 4	 0	Row	97	 0	20 	 20 	 0.2 

607	0	 4	 0	Row	97	 0	28 	 28 	 0.28 

608	0	 4	 0	Row	97	 0	16 	 16 	 0.16 

609	0	 4	 0	Row	107	 0	149 	 149 	 1.49 
609	0	 4	 0	Col	107	 0	132 	 132 	 1.32 

610	0	 4	 0	Row	70	 0	47 	 47 	 0.47 

611	0	 4	 0	Row	70	 0	98 	 98 	 0.98 
611	0	 4	 0	Col	107	 0	28 	 28 	 0.28 

612	0	 4	 0	Row	70	 0	44 	 44 	 0.44 

613	0	 4	 0	Row	73	 0	17 	 17 	 0.17 

614	0	 4	 0	Row	61	 0	42 	 42 	 0.42 
614	0	 [0;31;40m0[0m	 42	Row	4	 0	107 	 107 	 1.07 
614	0	 [0;31;40m0[0m	 21	Row	61	 13	61 	 3389 	 33.89 

615	0	 4	 0	Row	61	 0	18 	 18 	 0.18 
615	0	 [0;31;40m0[0m	 18	Row	61	 13	61 	 3389 	 33.89 

616	0	 4	 0	Row	61	 0	5 	 5 	 0.05 
616	0	 [0;31;40m0[0m	 5	Row	61	 13	61 	 3389 	 33.89 

617	0	 4	 0	Row	243	 0	44 	 44 	 0.44 
617	0	 4	 0	Col	243	 0	25 	 25 	 0.25 

618	0	 4	 0	Row	243	 0	8 	 8 	 0.08 

619	0	 4	 0	Row	12	 0	41 	 41 	 0.41 

620	0	 4	 0	Row	155	 0	125 	 125 	 1.25 
620	0	 4	 0	Col	243	 0	33 	 33 	 0.33 

621	0	 4	 0	Row	48	 0	43 	 43 	 0.43 
621	0	 4	 0	Col	243	 0	22 	 22 	 0.22 

622	0	 4	 0	Row	169	 0	71 	 71 	 0.71 
622	0	 4	 0	Col	169	 0	50 	 50 	 0.5 

623	0	 4	 0	Row	104	 0	21 	 21 	 0.21 

624	0	 4	 0	Row	32	 0	33 	 33 	 0.33 

625	0	 4	 0	Row	109	 0	71 	 71 	 0.71 
625	0	 4	 0	Col	169	 0	5 	 5 	 0.05 

626	0	 4	 0	Row	1	 0	89 	 89 	 0.89 
626	0	 4	 0	Col	1	 0	68 	 68 	 0.68 

627	0	 4	 0	Row	1	 0	31 	 31 	 0.31 

628	0	 4	 0	Row	1	 0	14 	 14 	 0.14 

629	0	 4	 0	Row	1	 0	34 	 34 	 0.34 
629	0	 4	 0	Col	1	 0	10 	 10 	 0.1 

630	0	 4	 0	Row	95	 0	49 	 49 	 0.49 
630	0	 4	 0	Col	1	 0	28 	 28 	 0.28 

631	0	 4	 0	Row	163	 0	17 	 17 	 0.17 

632	0	 4	 0	Row	163	 0	24 	 24 	 0.24 

633	0	 4	 0	Row	163	 0	85 	 85 	 0.85 
633	0	 4	 0	Col	1	 0	60 	 60 	 0.6 

634	0	 4	 0	Row	120	 0	10 	 10 	 0.1 

635	0	 4	 0	Row	120	 0	37 	 37 	 0.37 
635	0	 4	 0	Col	1	 0	14 	 14 	 0.14 

636	0	 4	 0	Row	92	 0	47 	 47 	 0.47 
636	0	 4	 0	Col	92	 0	22 	 22 	 0.22 

637	0	 4	 0	Row	92	 0	23 	 23 	 0.23 

638	0	 4	 0	Row	171	 0	44 	 44 	 0.44 

639	0	 4	 0	Row	76	 0	43 	 43 	 0.43 
639	0	 4	 0	Col	92	 0	12 	 12 	 0.12 

640	0	 4	 0	Row	76	 0	11 	 11 	 0.11 

641	0	 4	 0	Row	102	 0	75 	 75 	 0.75 
641	0	 4	 0	Col	102	 0	18 	 18 	 0.18 

642	0	 4	 0	Row	102	 0	16 	 16 	 0.16 

643	0	 4	 0	Row	102	 0	54 	 54 	 0.54 
643	0	 4	 0	Col	102	 0	37 	 37 	 0.37 

644	0	 4	 0	Row	102	 0	36 	 36 	 0.36 

645	0	 4	 0	Row	102	 0	47 	 47 	 0.47 

646	0	 4	 0	Row	102	 0	14 	 14 	 0.14 

647	0	 4	 0	Row	102	 0	14 	 14 	 0.14 

648	0	 4	 0	Row	162	 0	74 	 74 	 0.74 
648	0	 4	 0	Col	102	 0	8 	 8 	 0.08 

649	0	 4	 0	Row	162	 0	11 	 11 	 0.11 

650	0	 4	 0	Row	162	 0	12 	 12 	 0.12 

651	0	 4	 0	Row	162	 0	22 	 22 	 0.22 

652	0	 4	 0	Row	162	 0	15 	 15 	 0.15 

653	0	 4	 0	Row	162	 0	11 	 11 	 0.11 

654	0	 4	 0	Row	162	 0	17 	 17 	 0.17 

655	0	 4	 0	Row	162	 0	23 	 23 	 0.23 

656	0	 4	 0	Row	35	 0	133 	 133 	 1.33 
656	0	 4	 0	Col	35	 0	95 	 95 	 0.95 

657	0	 4	 0	Row	228	 0	92 	 92 	 0.92 
657	0	 4	 0	Col	228	 0	63 	 63 	 0.63 

658	0	 4	 0	Row	228	 0	23 	 23 	 0.23 

659	0	 4	 0	Row	183	 0	80 	 80 	 0.8 
659	0	 4	 0	Col	183	 0	19 	 19 	 0.19 

660	0	 4	 0	Row	183	 0	2 	 2 	 0.02 

661	0	 4	 0	Row	37	 0	56 	 56 	 0.56 

662	0	 4	 0	Row	241	 0	45 	 45 	 0.45 

663	0	 4	 0	Row	109	 0	112 	 112 	 1.12 
663	0	 4	 0	Col	109	 0	77 	 77 	 0.77 

664	0	 4	 0	Row	141	 0	20 	 20 	 0.2 

665	0	 4	 0	Row	244	 0	14 	 14 	 0.14 

666	0	 4	 0	Row	73	 0	78 	 78 	 0.78 
666	0	 4	 0	Col	73	 0	26 	 26 	 0.26 

667	0	 4	 0	Row	73	 0	21 	 21 	 0.21 

668	0	 4	 0	Row	73	 0	53 	 53 	 0.53 
668	0	 4	 0	Col	73	 0	33 	 33 	 0.33 

669	0	 4	 0	Row	106	 0	75 	 75 	 0.75 
669	0	 4	 0	Col	106	 0	32 	 32 	 0.32 

670	0	 4	 0	Row	106	 0	10 	 10 	 0.1 

671	0	 4	 0	Row	219	 0	40 	 40 	 0.4 

672	0	 4	 0	Row	219	 0	9 	 9 	 0.09 

673	0	 4	 0	Row	188	 0	123 	 123 	 1.23 
673	0	 4	 0	Col	188	 0	40 	 40 	 0.4 

674	0	 4	 0	Row	188	 0	45 	 45 	 0.45 

675	0	 4	 0	Row	188	 0	17 	 17 	 0.17 

676	0	 4	 0	Row	137	 0	54 	 54 	 0.54 
676	0	 4	 0	Col	188	 0	35 	 35 	 0.35 

677	0	 4	 0	Row	137	 0	19 	 19 	 0.19 

678	0	 4	 0	Row	137	 0	58 	 58 	 0.58 

679	0	 4	 0	Row	145	 0	63 	 63 	 0.63 
679	0	 4	 0	Col	145	 0	23 	 23 	 0.23 

680	0	 4	 0	Row	145	 0	10 	 10 	 0.1 

681	0	 4	 0	Row	218	 0	79 	 79 	 0.79 
681	0	 4	 0	Col	218	 0	27 	 27 	 0.27 

682	0	 4	 0	Row	79	 0	92 	 92 	 0.92 
682	0	 4	 0	Col	79	 0	30 	 30 	 0.3 

683	0	 4	 0	Row	252	 0	54 	 54 	 0.54 
683	0	 4	 0	Col	79	 0	22 	 22 	 0.22 

684	0	 4	 0	Row	252	 0	88 	 88 	 0.88 
684	0	 4	 0	Col	79	 0	42 	 42 	 0.42 

685	0	 4	 0	Row	252	 0	44 	 44 	 0.44 
685	0	 4	 0	Col	79	 0	5 	 5 	 0.05 

686	0	 4	 0	Row	68	 0	44 	 44 	 0.44 
686	0	 4	 0	Col	68	 0	20 	 20 	 0.2 

687	0	 4	 0	Row	221	 0	27 	 27 	 0.27 

688	0	 4	 0	Row	221	 0	85 	 85 	 0.85 
688	0	 4	 0	Col	68	 0	40 	 40 	 0.4 

689	0	 4	 0	Row	97	 0	9 	 9 	 0.09 

690	0	 4	 0	Row	97	 0	66 	 66 	 0.66 

691	0	 4	 0	Row	97	 0	22 	 22 	 0.22 

692	0	 4	 0	Row	97	 0	13 	 13 	 0.13 

693	0	 4	 0	Row	116	 0	95 	 95 	 0.95 
693	0	 4	 0	Col	116	 0	51 	 51 	 0.51 

694	0	 4	 0	Row	116	 0	24 	 24 	 0.24 

695	0	 4	 0	Row	116	 0	49 	 49 	 0.49 
695	0	 4	 0	Col	116	 0	13 	 13 	 0.13 

696	0	 4	 0	Row	116	 0	73 	 73 	 0.73 

697	0	 4	 0	Row	116	 0	23 	 23 	 0.23 

698	0	 4	 0	Row	116	 0	18 	 18 	 0.18 

699	0	 4	 0	Row	106	 0	42 	 42 	 0.42 

700	0	 4	 0	Row	106	 0	22 	 22 	 0.22 

701	0	 4	 0	Row	106	 0	25 	 25 	 0.25 

702	0	 4	 0	Row	106	 0	33 	 33 	 0.33 

703	0	 4	 0	Row	106	 0	24 	 24 	 0.24 

704	0	 4	 0	Row	106	 0	19 	 19 	 0.19 

705	0	 4	 0	Row	161	 0	40 	 40 	 0.4 
705	0	 4	 0	Col	116	 0	18 	 18 	 0.18 

706	0	 4	 0	Row	32	 0	64 	 64 	 0.64 

707	0	 4	 0	Row	32	 0	22 	 22 	 0.22 

708	0	 4	 0	Row	249	 0	33 	 33 	 0.33 

709	0	 4	 0	Row	88	 0	149 	 149 	 1.49 
709	0	 4	 0	Col	88	 0	133 	 133 	 1.33 

710	0	 4	 0	Row	88	 0	20 	 20 	 0.2 

711	0	 4	 0	Row	224	 0	107 	 107 	 1.07 

712	0	 4	 0	Row	2	 0	30 	 30 	 0.3 

713	0	 4	 0	Row	2	 0	34 	 34 	 0.34 
713	0	 4	 0	Col	88	 0	11 	 11 	 0.11 

714	0	 4	 0	Row	213	 0	106 	 106 	 1.06 
714	0	 4	 0	Col	65	 0	47 	 47 	 0.47 

715	0	 4	 0	Row	190	 0	18 	 18 	 0.18 

716	0	 4	 0	Row	128	 0	102 	 102 	 1.02 
716	0	 4	 0	Col	65	 0	11 	 11 	 0.11 

717	0	 4	 0	Row	128	 0	20 	 20 	 0.2 

718	0	 4	 0	Row	155	 0	68 	 68 	 0.68 
718	0	 4	 0	Col	65	 0	30 	 30 	 0.3 

719	0	 4	 0	Row	155	 0	5 	 5 	 0.05 

720	0	 4	 0	Row	59	 0	28 	 28 	 0.28 

721	0	 4	 0	Row	49	 0	58 	 58 	 0.58 

722	0	 4	 0	Row	153	 0	231 	 231 	 2.31 
722	0	 4	 0	Col	153	 0	160 	 160 	 1.6 

723	0	 4	 0	Row	39	 0	66 	 66 	 0.66 
723	0	 4	 0	Col	153	 0	46 	 46 	 0.46 

724	0	 4	 0	Row	39	 0	13 	 13 	 0.13 

725	0	 4	 0	Row	5	 0	9 	 9 	 0.09 

726	0	 4	 0	Row	122	 0	28 	 28 	 0.28 

727	0	 4	 0	Row	122	 0	20 	 20 	 0.2 

728	0	 4	 0	Row	122	 0	12 	 12 	 0.12 

729	0	 4	 0	Row	122	 0	35 	 35 	 0.35 
729	0	 4	 0	Col	153	 0	8 	 8 	 0.08 

730	0	 4	 0	Row	155	 0	54 	 54 	 0.54 

731	0	 4	 0	Row	155	 0	9 	 9 	 0.09 

732	0	 4	 0	Row	155	 0	20 	 20 	 0.2 

733	0	 4	 0	Row	209	 0	112 	 112 	 1.12 
733	0	 4	 0	Col	153	 0	72 	 72 	 0.72 

734	0	 4	 0	Row	7	 0	122 	 122 	 1.22 
734	0	 4	 0	Col	153	 0	16 	 16 	 0.16 

735	0	 4	 0	Row	7	 0	52 	 52 	 0.52 

736	0	 4	 0	Row	248	 0	24 	 24 	 0.24 

737	0	 4	 0	Row	117	 0	206 	 206 	 2.06 
737	0	 4	 0	Col	117	 0	174 	 174 	 1.74 

738	0	 4	 0	Row	10	 0	76 	 76 	 0.76 

739	0	 4	 0	Row	10	 0	44 	 44 	 0.44 

740	0	 4	 0	Row	10	 0	17 	 17 	 0.17 

741	0	 4	 0	Row	10	 0	22 	 22 	 0.22 

742	0	 4	 0	Row	10	 0	9 	 9 	 0.09 

743	0	 4	 0	Row	10	 0	10 	 10 	 0.1 

744	0	 4	 0	Row	10	 0	89 	 89 	 0.89 

745	0	 4	 0	Row	10	 0	13 	 13 	 0.13 

746	0	 4	 0	Row	10	 0	4 	 4 	 0.04 

747	0	 4	 0	Row	10	 0	52 	 52 	 0.52 
747	0	 4	 0	Col	117	 0	23 	 23 	 0.23 

748	0	 4	 0	Row	10	 0	33 	 33 	 0.33 

749	0	 4	 0	Row	10	 0	25 	 25 	 0.25 

750	0	 4	 0	Row	176	 0	20 	 20 	 0.2 

751	0	 4	 0	Row	152	 0	49 	 49 	 0.49 
751	0	 4	 0	Col	117	 0	15 	 15 	 0.15 

752	0	 4	 0	Row	12	 0	129 	 129 	 1.29 
752	0	 4	 0	Col	117	 0	76 	 76 	 0.76 

753	0	 4	 0	Row	12	 0	28 	 28 	 0.28 

754	0	 4	 0	Row	230	 0	30 	 30 	 0.3 

755	0	 4	 0	Row	230	 0	32 	 32 	 0.32 
755	0	 4	 0	Col	117	 0	6 	 6 	 0.06 

756	0	 4	 0	Row	230	 0	17 	 17 	 0.17 

757	0	 4	 0	Row	3	 0	163 	 163 	 1.63 
757	0	 4	 0	Col	3	 0	58 	 58 	 0.58 

758	0	 4	 0	Row	23	 0	69 	 69 	 0.69 
758	0	 4	 0	Col	3	 0	10 	 10 	 0.1 

759	0	 4	 0	Row	23	 0	21 	 21 	 0.21 

760	0	 4	 0	Row	170	 0	120 	 120 	 1.2 
760	0	 4	 0	Col	170	 0	52 	 52 	 0.52 

761	0	 4	 0	Row	170	 0	22 	 22 	 0.22 

762	0	 4	 0	Row	170	 0	13 	 13 	 0.13 

763	0	 4	 0	Row	170	 0	33 	 33 	 0.33 
763	0	 4	 0	Col	170	 0	8 	 8 	 0.08 

764	0	 4	 0	Row	170	 0	20 	 20 	 0.2 

765	0	 4	 0	Row	25	 0	17 	 17 	 0.17 

766	0	 4	 0	Row	25	 0	30 	 30 	 0.3 

767	0	 4	 0	Row	137	 0	27 	 27 	 0.27 

768	0	 4	 0	Row	137	 0	18 	 18 	 0.18 

769	0	 4	 0	Row	137	 0	23 	 23 	 0.23 

770	0	 4	 0	Row	118	 0	78 	 78 	 0.78 
770	0	 4	 0	Col	118	 0	30 	 30 	 0.3 

771	0	 4	 0	Row	29	 0	87 	 87 	 0.87 
771	0	 4	 0	Col	118	 0	22 	 22 	 0.22 

772	0	 4	 0	Row	192	 0	72 	 72 	 0.72 
772	0	 4	 0	Col	192	 0	12 	 12 	 0.12 

773	0	 4	 0	Row	203	 0	69 	 69 	 0.69 
773	0	 4	 0	Col	203	 0	53 	 53 	 0.53 

774	0	 4	 0	Row	203	 0	9 	 9 	 0.09 

775	0	 4	 0	Row	233	 0	117 	 117 	 1.17 
775	0	 4	 0	Col	233	 0	48 	 48 	 0.48 

776	0	 4	 0	Row	63	 0	104 	 104 	 1.04 
776	0	 4	 0	Col	63	 0	85 	 85 	 0.85 

777	0	 4	 0	Row	196	 0	35 	 35 	 0.35 

778	0	 4	 0	Row	244	 0	21 	 21 	 0.21 

779	0	 4	 0	Row	199	 0	39 	 39 	 0.39 

780	0	 4	 0	Row	199	 0	11 	 11 	 0.11 

781	0	 4	 0	Row	199	 0	39 	 39 	 0.39 
781	0	 4	 0	Col	63	 0	12 	 12 	 0.12 

782	0	 4	 0	Row	199	 0	76 	 76 	 0.76 
782	0	 4	 0	Col	63	 0	48 	 48 	 0.48 

783	0	 4	 0	Row	199	 0	9 	 9 	 0.09 

784	0	 4	 0	Row	106	 0	11 	 11 	 0.11 

785	0	 4	 0	Row	106	 0	18 	 18 	 0.18 

786	0	 4	 0	Row	106	 0	58 	 58 	 0.58 

787	0	 4	 0	Row	208	 0	77 	 77 	 0.77 
787	0	 4	 0	Col	208	 0	39 	 39 	 0.39 

788	0	 4	 0	Row	15	 0	25 	 25 	 0.25 

789	0	 4	 0	Row	203	 0	42 	 42 	 0.42 

790	0	 4	 0	Row	203	 0	3 	 3 	 0.03 

791	0	 4	 0	Row	203	 0	38 	 38 	 0.38 
791	0	 4	 0	Col	208	 0	11 	 11 	 0.11 

792	0	 4	 0	Row	235	 0	59 	 59 	 0.59 

793	0	 4	 0	Row	235	 0	12 	 12 	 0.12 

794	0	 4	 0	Row	4	 0	44 	 44 	 0.44 
794	0	 4	 0	Col	208	 0	18 	 18 	 0.18 

795	0	 4	 0	Row	38	 0	109 	 109 	 1.09 
795	0	 4	 0	Col	208	 0	59 	 59 	 0.59 

796	0	 4	 0	Row	148	 0	32 	 32 	 0.32 

797	0	 4	 0	Row	148	 0	18 	 18 	 0.18 

798	0	 4	 0	Row	78	 0	48 	 48 	 0.48 
798	0	 4	 0	Col	78	 0	28 	 28 	 0.28 

799	0	 4	 0	Row	231	 0	37 	 37 	 0.37 

800	0	 4	 0	Row	150	 0	119 	 119 	 1.19 
800	0	 4	 0	Col	78	 0	42 	 42 	 0.42 

801	0	 4	 0	Row	95	 0	11 	 11 	 0.11 

802	0	 4	 0	Row	95	 0	8 	 8 	 0.08 

803	0	 4	 0	Row	95	 0	46 	 46 	 0.46 
803	0	 4	 0	Col	78	 0	22 	 22 	 0.22 

804	0	 4	 0	Row	84	 0	87 	 87 	 0.87 
804	0	 4	 0	Col	78	 0	9 	 9 	 0.09 

805	0	 4	 0	Row	84	 0	13 	 13 	 0.13 

806	0	 4	 0	Row	84	 0	73 	 73 	 0.73 
806	0	 4	 0	Col	78	 0	12 	 12 	 0.12 

807	0	 4	 0	Row	122	 0	32 	 32 	 0.32 

808	0	 4	 0	Row	122	 0	9 	 9 	 0.09 

809	0	 4	 0	Row	122	 0	26 	 26 	 0.26 

810	0	 4	 0	Row	122	 0	35 	 35 	 0.35 
810	0	 4	 0	Col	78	 0	10 	 10 	 0.1 

811	0	 4	 0	Row	122	 0	26 	 26 	 0.26 

812	0	 4	 0	Row	122	 0	45 	 45 	 0.45 
812	0	 4	 0	Col	78	 0	12 	 12 	 0.12 

813	0	 4	 0	Row	122	 0	29 	 29 	 0.29 

814	0	 4	 0	Row	122	 0	18 	 18 	 0.18 

815	0	 4	 0	Row	145	 0	73 	 73 	 0.73 
815	0	 4	 0	Col	145	 0	50 	 50 	 0.5 

816	0	 4	 0	Row	145	 0	51 	 51 	 0.51 
816	0	 4	 0	Col	145	 0	15 	 15 	 0.15 

817	0	 4	 0	Row	145	 0	22 	 22 	 0.22 

818	0	 4	 0	Row	20	 0	67 	 67 	 0.67 
818	0	 4	 0	Col	20	 0	45 	 45 	 0.45 

819	0	 4	 0	Row	126	 0	124 	 124 	 1.24 
819	0	 4	 0	Col	126	 0	84 	 84 	 0.84 

820	0	 4	 0	Row	126	 0	7 	 7 	 0.07 

821	0	 4	 0	Row	179	 0	72 	 72 	 0.72 
821	0	 4	 0	Col	126	 0	12 	 12 	 0.12 

822	0	 4	 0	Row	44	 0	66 	 66 	 0.66 
822	0	 4	 0	Col	44	 0	45 	 45 	 0.45 

823	0	 4	 0	Row	44	 0	58 	 58 	 0.58 

824	0	 4	 0	Row	63	 0	84 	 84 	 0.84 
824	0	 4	 0	Col	44	 0	20 	 20 	 0.2 

825	0	 4	 0	Row	63	 0	75 	 75 	 0.75 
825	0	 4	 0	Col	44	 0	10 	 10 	 0.1 

826	0	 4	 0	Row	27	 0	77 	 77 	 0.77 
826	0	 4	 0	Col	27	 0	30 	 30 	 0.3 

827	0	 4	 0	Row	137	 0	89 	 89 	 0.89 
827	0	 4	 0	Col	137	 0	70 	 70 	 0.7 

828	0	 4	 0	Row	137	 0	9 	 9 	 0.09 

829	0	 4	 0	Row	137	 0	9 	 9 	 0.09 

830	0	 4	 0	Row	202	 0	79 	 79 	 0.79 
830	0	 4	 0	Col	137	 0	24 	 24 	 0.24 

831	0	 4	 0	Row	202	 0	30 	 30 	 0.3 

832	0	 4	 0	Row	219	 0	101 	 101 	 1.01 
832	0	 4	 0	Col	219	 0	63 	 63 	 0.63 

833	0	 4	 0	Row	219	 0	47 	 47 	 0.47 

834	0	 4	 0	Row	219	 0	79 	 79 	 0.79 
834	0	 4	 0	Col	219	 0	23 	 23 	 0.23 

835	0	 4	 0	Row	219	 0	49 	 49 	 0.49 
835	0	 4	 0	Col	219	 0	29 	 29 	 0.29 

836	0	 4	 0	Row	138	 0	37 	 37 	 0.37 

837	0	 4	 0	Row	138	 0	30 	 30 	 0.3 

838	0	 4	 0	Row	98	 0	36 	 36 	 0.36 

839	0	 4	 0	Row	137	 0	28 	 28 	 0.28 

840	0	 4	 0	Row	55	 0	38 	 38 	 0.38 
840	0	 4	 0	Col	219	 0	8 	 8 	 0.08 

841	0	 4	 0	Row	55	 0	47 	 47 	 0.47 

842	0	 4	 0	Row	55	 0	36 	 36 	 0.36 

843	0	 4	 0	Row	226	 0	39 	 39 	 0.39 

844	0	 4	 0	Row	138	 0	92 	 92 	 0.92 
844	0	 4	 0	Col	138	 0	56 	 56 	 0.56 

845	0	 4	 0	Row	138	 0	8 	 8 	 0.08 

846	0	 4	 0	Row	190	 0	68 	 68 	 0.68 

847	0	 4	 0	Row	42	 0	105 	 105 	 1.05 
847	0	 4	 0	Col	138	 0	8 	 8 	 0.08 

848	0	 4	 0	Row	42	 0	58 	 58 	 0.58 
848	0	 4	 0	Col	138	 0	37 	 37 	 0.37 

849	0	 4	 0	Row	42	 0	81 	 81 	 0.81 
849	0	 4	 0	Col	138	 0	28 	 28 	 0.28 

850	0	 4	 0	Row	42	 0	43 	 43 	 0.43 
850	0	 4	 0	Col	138	 0	19 	 19 	 0.19 

851	0	 4	 0	Row	115	 0	186 	 186 	 1.86 
851	0	 4	 0	Col	115	 0	102 	 102 	 1.02 

852	0	 4	 0	Row	26	 0	182 	 182 	 1.82 
852	0	 4	 0	Col	68	 0	66 	 66 	 0.66 

853	0	 4	 0	Row	26	 0	33 	 33 	 0.33 
853	0	 4	 0	Col	68	 0	6 	 6 	 0.06 

854	0	 4	 0	Row	26	 0	20 	 20 	 0.2 

855	0	 4	 0	Row	26	 0	19 	 19 	 0.19 

856	0	 4	 0	Row	205	 0	51 	 51 	 0.51 
856	0	 4	 0	Col	205	 0	31 	 31 	 0.31 

