Voltageboard settings: [1.035, 1, 0, 0, 1, 1.1, 0, 0]
Digital: {'interrupt_pushpull': 1, 'En_Inj1': 0, 'En_Inj2': 0, 'En_Inj3': 0, 'En_Inj4': 0, 'En_Inj5': 0, 'En_Inj6': 0, 'En_Inj7': 0, 'En_Inj8': 0, 'En_Inj9': 0, 'En_Inj10': 0, 'En_Inj11': 0, 'En_Inj12': 0, 'En_Inj13': 0, 'En_Inj14': 0, 'En_Inj15': 0, 'En_Inj16': 0, 'En_Inj17': 0, 'En_Inj18': 0, 'ResetB': 0, 'Extrabit0': 1, 'Extrabit1': 1, 'Extrabit2': 1, 'Extrabit3': 1, 'Extrabit4': 1, 'Extrabit5': 1, 'Extrabit6': 1, 'Extrabit7': 1, 'Extrabit8': 0, 'Extrabit9': 0, 'Extrabit10': 0, 'Extrabit11': 0, 'Extrabit12': 0, 'Extrabit13': 0, 'Extrabit14': 0}
Biasblock: {'DisHiDR': 0, 'q01': 0, 'qon0': 0, 'qon1': 1, 'qon2': 0, 'qon3': 1}
DAC: {'blres': 0, 'nu1': 0, 'vn1': 20, 'vnfb': 1, 'vnfoll': 10, 'nu5': 0, 'nu6': 0, 'nu7': 0, 'nu8': 0, 'vn2': 0, 'vnfoll2': 1, 'vnbias': 0, 'vpload': 5, 'nu13': 0, 'vncomp': 2, 'vpfoll': 60, 'nu16': 0, 'vprec': 30, 'vnrec': 30}
Receiver: {'ColConfig0': 274877906941, 'ColConfig1': 68719476734, 'ColConfig2': 68719476734, 'ColConfig3': 68719476734, 'ColConfig4': 68719476734, 'ColConfig5': 68719476734, 'ColConfig6': 68719476734, 'ColConfig7': 68719476734, 'ColConfig8': 68719476734, 'ColConfig9': 68719476734, 'ColConfig10': 68719476734, 'ColConfig11': 68719476734, 'ColConfig12': 68719476734, 'ColConfig13': 68719476734, 'ColConfig14': 68719476734, 'ColConfig15': 68719476734, 'ColConfig16': 68719476734, 'ColConfig17': 68719476734, 'ColConfig18': 68719476734, 'ColConfig19': 68719476734, 'ColConfig20': 68719476734, 'ColConfig21': 68719476734, 'ColConfig22': 68719476734, 'ColConfig23': 68719476734, 'ColConfig24': 68719476734, 'ColConfig25': 68719476734, 'ColConfig26': 68719476734, 'ColConfig27': 68719476734, 'ColConfig28': 68719476734, 'ColConfig29': 68719476734, 'ColConfig30': 68719476734, 'ColConfig31': 68719476734, 'ColConfig32': 68719476734, 'ColConfig33': 68719476734, 'ColConfig34': 68719476734}

NEvent	ChipId	Payload	Locatn	Row/Col	tStamp	MSB	LSB	ToT	ToT(us)
0	0	 [0;31;40m0[0m	 0	Row	7	 5	4 	 1284 	 12.84 
0	0	 [0;31;40m0[0m	 30	Row	15	 15	4 	 3844 	 38.44 
0	0	 [0;31;40m0[0m	 5	Row	9	 6	4 	 1540 	 15.4 
0	[0;31;40m17[0m	 [0;31;40m1[0m	 0	Row	7	 15	4 	 3844 	 38.44 
0	[0;31;40m17[0m	 [0;31;40m2[0m	 0	Row	7	 9	0 	 2304 	 23.04 
0	0	 [0;31;40m7[0m	 31	Col	4	 10	0 	 2560 	 25.6 
0	0	 [0;31;40m7[0m	 61	Row	1	 4	4 	 1028 	 10.28 
0	0	 [0;31;40m1[0m	 4	Row	4	 0	7 	 7 	 0.07 
0	[0;31;40m18[0m	 [0;31;40m1[0m	 4	Row	5	 0	7 	 7 	 0.07 
0	[0;31;40m19[0m	 [0;31;40m1[0m	 4	Row	142	 0	7 	 7 	 0.07 
0	[0;31;40m20[0m	 4	 4	Row	143	 0	7 	 7 	 0.07 
0	[0;31;40m19[0m	 [0;31;40m5[0m	 4	Row	0	 0	7 	 7 	 0.07 
0	[0;31;40m19[0m	 [0;31;40m1[0m	 4	Row	145	 0	7 	 7 	 0.07 
0	[0;31;40m19[0m	 [0;31;40m6[0m	 4	Row	2	 0	7 	 7 	 0.07 
0	0	 [0;31;40m5[0m	 4	Row	147	 0	7 	 7 	 0.07 
0	[0;31;40m21[0m	 [0;31;40m2[0m	 4	Row	148	 0	12 	 12 	 0.12 
0	[0;31;40m2[0m	 [0;31;40m1[0m	 4	Row	149	 0	4 	 4 	 0.04 
0	[0;31;40m17[0m	 [0;31;40m6[0m	 4	Row	150	 0	7 	 7 	 0.07 
0	[0;31;40m19[0m	 [0;31;40m2[0m	 4	Row	151	 0	3 	 3 	 0.03 
0	[0;31;40m16[0m	 [0;31;40m6[0m	 4	Row	152	 6	1 	 1537 	 15.37 
0	[0;31;40m27[0m	 [0;31;40m5[0m	 4	Row	153	 0	12 	 12 	 0.12 
0	[0;31;40m3[0m	 4	 4	Row	154	 0	7 	 7 	 0.07 
0	[0;31;40m22[0m	 [0;31;40m2[0m	 4	Row	155	 0	12 	 12 	 0.12 
0	[0;31;40m12[0m	 [0;31;40m7[0m	 4	Row	156	 0	7 	 7 	 0.07 
0	[0;31;40m20[0m	 [0;31;40m0[0m	 4	Row	157	 0	7 	 7 	 0.07 
0	[0;31;40m22[0m	 [0;31;40m6[0m	 4	Row	158	 0	7 	 7 	 0.07 
0	[0;31;40m14[0m	 [0;31;40m7[0m	 4	Row	159	 0	7 	 7 	 0.07 
0	[0;31;40m23[0m	 [0;31;40m0[0m	 4	Row	160	 0	7 	 7 	 0.07 
0	[0;31;40m20[0m	 [0;31;40m5[0m	 4	Row	161	 0	7 	 7 	 0.07 
0	[0;31;40m22[0m	 [0;31;40m7[0m	 4	Row	162	 0	7 	 7 	 0.07 
0	[0;31;40m22[0m	 [0;31;40m6[0m	 61	Row	61	 13	61 	 3389 	 33.89 

1	0	 4	 0	Row	204	 2	87 	 599 	 5.99 
1	0	 4	 0	Col	204	 2	77 	 589 	 5.89 

2	0	 4	 0	Row	98	 0	217 	 217 	 2.17 
2	0	 4	 0	Col	98	 0	205 	 205 	 2.05 

3	0	 4	 0	Row	148	 0	255 	 255 	 2.55 
3	0	 4	 0	Col	148	 0	244 	 244 	 2.44 

4	0	 4	 0	Row	116	 2	115 	 627 	 6.27 
4	0	 4	 0	Col	116	 2	104 	 616 	 6.16 

5	0	 4	 0	Row	24	 1	145 	 401 	 4.01 
5	0	 4	 0	Col	24	 1	133 	 389 	 3.89 

6	0	 4	 0	Row	24	 0	4 	 4 	 0.04 

7	0	 4	 0	Row	43	 0	227 	 227 	 2.27 
7	0	 4	 0	Col	43	 0	214 	 214 	 2.14 

8	0	 4	 0	Row	169	 2	203 	 715 	 7.15 
8	0	 4	 0	Col	169	 2	167 	 679 	 6.79 

9	0	 4	 0	Row	157	 4	111 	 1135 	 11.35 
9	0	 4	 0	Col	157	 4	89 	 1113 	 11.13 

10	0	 4	 0	Row	45	 1	71 	 327 	 3.27 
10	0	 4	 0	Col	45	 1	62 	 318 	 3.18 

11	0	 4	 0	Row	236	 3	122 	 890 	 8.9 
11	0	 4	 0	Col	236	 3	113 	 881 	 8.81 

12	0	 4	 0	Row	163	 5	103 	 1383 	 13.83 
12	0	 4	 0	Col	163	 5	90 	 1370 	 13.7 

13	0	 4	 0	Row	118	 2	70 	 582 	 5.82 
13	0	 4	 0	Col	118	 2	57 	 569 	 5.69 

14	0	 4	 0	Row	222	 1	17 	 273 	 2.73 
14	0	 4	 0	Col	222	 1	7 	 263 	 2.63 

15	0	 4	 0	Row	161	 2	100 	 612 	 6.12 
15	0	 4	 0	Col	161	 2	91 	 603 	 6.03 

16	0	 4	 0	Row	151	 4	214 	 1238 	 12.38 
16	0	 4	 0	Col	151	 4	205 	 1229 	 12.29 

17	0	 4	 0	Row	210	 1	106 	 362 	 3.62 
17	0	 4	 0	Col	210	 1	94 	 350 	 3.5 

18	0	 4	 0	Row	68	 2	198 	 710 	 7.1 
18	0	 4	 0	Col	68	 2	191 	 703 	 7.03 

19	0	 4	 0	Row	123	 2	225 	 737 	 7.37 
19	0	 4	 0	Col	123	 2	217 	 729 	 7.29 

20	0	 4	 0	Row	254	 2	1 	 513 	 5.13 
20	0	 4	 0	Col	254	 1	245 	 501 	 5.01 

21	0	 4	 0	Row	61	 0	251 	 251 	 2.51 
21	0	 [0;31;40m0[0m	 59	Col	4	 0	61 	 61 	 0.61 
21	0	 [0;31;40m0[0m	 49	Col	61	 13	61 	 3389 	 33.89 

22	0	 4	 0	Row	11	 0	175 	 175 	 1.75 
22	0	 4	 0	Col	11	 0	166 	 166 	 1.66 

23	0	 4	 0	Row	191	 1	238 	 494 	 4.94 
23	0	 4	 0	Col	191	 1	228 	 484 	 4.84 

24	0	 4	 0	Row	34	 0	222 	 222 	 2.22 
24	0	 4	 0	Col	34	 0	214 	 214 	 2.14 

25	0	 4	 0	Row	71	 0	131 	 131 	 1.31 
25	0	 4	 0	Col	71	 0	121 	 121 	 1.21 

26	0	 4	 0	Row	6	 3	2 	 770 	 7.7 
26	0	 4	 0	Col	6	 2	248 	 760 	 7.6 

27	0	 4	 0	Row	7	 1	147 	 403 	 4.03 
27	0	 4	 0	Col	7	 1	130 	 386 	 3.86 

28	0	 4	 0	Row	215	 2	157 	 669 	 6.69 
28	0	 4	 0	Col	215	 2	137 	 649 	 6.49 

29	0	 4	 0	Row	18	 2	158 	 670 	 6.7 
29	0	 4	 0	Col	18	 2	150 	 662 	 6.62 

30	0	 4	 0	Row	120	 3	114 	 882 	 8.82 
30	0	 4	 0	Col	120	 3	105 	 873 	 8.73 

31	0	 4	 0	Row	157	 2	113 	 625 	 6.25 
31	0	 4	 0	Col	157	 2	103 	 615 	 6.15 

32	0	 4	 0	Row	222	 2	178 	 690 	 6.9 
32	0	 4	 0	Col	222	 2	154 	 666 	 6.66 

33	0	 4	 0	Row	120	 0	100 	 100 	 1.0 
33	0	 4	 0	Col	120	 0	72 	 72 	 0.72 

34	0	 4	 0	Row	17	 2	160 	 672 	 6.72 
34	0	 4	 0	Col	17	 2	142 	 654 	 6.54 

35	0	 4	 0	Row	97	 1	182 	 438 	 4.38 
35	0	 4	 0	Col	97	 1	168 	 424 	 4.24 

36	0	 4	 0	Row	0	 6	167 	 1703 	 17.03 
36	0	 4	 0	Col	0	 6	146 	 1682 	 16.82 

37	0	 4	 0	Row	235	 1	202 	 458 	 4.58 
37	0	 4	 0	Col	235	 1	192 	 448 	 4.48 

38	0	 4	 0	Row	14	 0	172 	 172 	 1.72 
38	0	 4	 0	Col	14	 0	158 	 158 	 1.58 

39	0	 4	 0	Row	219	 4	7 	 1031 	 10.31 
39	0	 4	 0	Col	219	 3	253 	 1021 	 10.21 

40	0	 4	 0	Row	134	 1	252 	 508 	 5.08 
40	0	 4	 0	Col	134	 1	242 	 498 	 4.98 

41	0	 4	 0	Row	176	 2	93 	 605 	 6.05 
41	0	 4	 0	Col	176	 2	83 	 595 	 5.95 

42	0	 4	 0	Row	48	 1	57 	 313 	 3.13 
42	0	 4	 0	Col	48	 1	48 	 304 	 3.04 

43	0	 4	 0	Row	142	 2	204 	 716 	 7.16 
43	0	 4	 0	Col	142	 2	195 	 707 	 7.07 

44	0	 4	 0	Row	33	 0	81 	 81 	 0.81 
44	0	 4	 0	Col	33	 0	48 	 48 	 0.48 

45	0	 4	 0	Row	190	 2	108 	 620 	 6.2 
45	0	 4	 0	Col	190	 2	97 	 609 	 6.09 

46	0	 4	 0	Row	105	 1	241 	 497 	 4.97 
46	0	 4	 0	Col	105	 1	231 	 487 	 4.87 

47	0	 4	 0	Row	11	 5	10 	 1290 	 12.9 
47	0	 4	 0	Col	11	 4	248 	 1272 	 12.72 

48	0	 4	 0	Row	177	 1	122 	 378 	 3.78 
48	0	 4	 0	Col	177	 1	112 	 368 	 3.68 

49	0	 4	 0	Row	78	 1	149 	 405 	 4.05 
49	0	 4	 0	Col	78	 1	133 	 389 	 3.89 

50	0	 4	 0	Row	85	 0	216 	 216 	 2.16 
50	0	 4	 0	Col	85	 0	206 	 206 	 2.06 

51	0	 4	 0	Row	95	 0	139 	 139 	 1.39 
51	0	 4	 0	Col	95	 0	130 	 130 	 1.3 

52	0	 4	 0	Row	40	 1	225 	 481 	 4.81 
52	0	 4	 0	Col	41	 1	168 	 424 	 4.24 

53	0	 4	 0	Row	51	 2	167 	 679 	 6.79 
53	0	 4	 0	Col	51	 2	159 	 671 	 6.71 

54	0	 4	 0	Row	62	 0	239 	 239 	 2.39 
54	0	 4	 0	Col	62	 0	227 	 227 	 2.27 

55	0	 4	 0	Row	0	 2	17 	 529 	 5.29 
55	0	 4	 0	Col	0	 2	9 	 521 	 5.21 

56	0	 4	 0	Row	203	 3	137 	 905 	 9.05 
56	0	 4	 0	Col	203	 3	128 	 896 	 8.96 

57	0	 4	 0	Row	155	 4	133 	 1157 	 11.57 
57	0	 4	 0	Col	155	 4	124 	 1148 	 11.48 

58	0	 4	 0	Row	9	 3	234 	 1002 	 10.02 
58	0	 4	 0	Col	9	 3	226 	 994 	 9.94 

59	0	 4	 0	Row	55	 3	94 	 862 	 8.62 
59	0	 4	 0	Col	55	 3	56 	 824 	 8.24 

60	0	 4	 0	Row	131	 3	78 	 846 	 8.46 
60	0	 4	 0	Col	131	 3	66 	 834 	 8.34 

61	0	 4	 0	Row	74	 1	136 	 392 	 3.92 
61	0	 4	 0	Col	74	 1	124 	 380 	 3.8 

62	0	 4	 0	Row	2	 3	4 	 772 	 7.72 
62	0	 4	 0	Col	2	 2	250 	 762 	 7.62 

63	0	 4	 0	Row	89	 5	94 	 1374 	 13.74 
63	0	 4	 0	Col	89	 5	85 	 1365 	 13.65 

64	0	 4	 0	Row	74	 1	131 	 387 	 3.87 
64	0	 4	 0	Col	75	 1	89 	 345 	 3.45 

65	0	 4	 0	Row	160	 2	156 	 668 	 6.68 
65	0	 4	 0	Col	160	 2	147 	 659 	 6.59 

66	0	 4	 0	Row	35	 2	52 	 564 	 5.64 
66	0	 4	 0	Col	35	 2	42 	 554 	 5.54 

67	0	 4	 0	Row	132	 1	255 	 511 	 5.11 
67	0	 4	 0	Col	132	 1	244 	 500 	 5.0 

68	0	 4	 0	Row	166	 2	10 	 522 	 5.22 
68	0	 4	 0	Col	166	 2	0 	 512 	 5.12 

69	0	 4	 0	Row	101	 1	7 	 263 	 2.63 
69	0	 4	 0	Col	101	 0	255 	 255 	 2.55 

70	0	 4	 0	Row	185	 3	171 	 939 	 9.39 
70	0	 4	 0	Col	185	 3	162 	 930 	 9.3 

71	0	 4	 0	Row	5	 3	176 	 944 	 9.44 
71	0	 4	 0	Col	5	 3	167 	 935 	 9.35 

72	0	 4	 0	Row	181	 1	75 	 331 	 3.31 
72	0	 4	 0	Col	181	 1	65 	 321 	 3.21 

73	0	 4	 0	Row	174	 1	178 	 434 	 4.34 
73	0	 4	 0	Col	174	 1	170 	 426 	 4.26 

74	0	 4	 0	Row	127	 0	242 	 242 	 2.42 
74	0	 4	 0	Col	127	 0	230 	 230 	 2.3 

75	0	 4	 0	Row	34	 3	0 	 768 	 7.68 
75	0	 4	 0	Col	34	 2	245 	 757 	 7.57 

76	0	 4	 0	Row	14	 1	11 	 267 	 2.67 
76	0	 4	 0	Col	14	 1	4 	 260 	 2.6 

77	0	 4	 0	Row	192	 1	241 	 497 	 4.97 
77	0	 4	 0	Col	192	 1	224 	 480 	 4.8 

78	0	 4	 0	Row	192	 0	32 	 32 	 0.32 

79	0	 4	 0	Row	117	 3	203 	 971 	 9.71 
79	0	 4	 0	Col	117	 3	192 	 960 	 9.6 

80	0	 4	 0	Row	161	 0	173 	 173 	 1.73 
80	0	 4	 0	Col	161	 0	121 	 121 	 1.21 

81	0	 4	 0	Row	251	 5	150 	 1430 	 14.3 
81	0	 4	 0	Col	251	 5	123 	 1403 	 14.03 

82	0	 4	 0	Row	48	 4	67 	 1091 	 10.91 
82	0	 4	 0	Col	48	 4	45 	 1069 	 10.69 

83	0	 4	 0	Row	116	 1	50 	 306 	 3.06 
83	0	 4	 0	Col	116	 1	38 	 294 	 2.94 

84	0	 4	 0	Row	155	 2	96 	 608 	 6.08 
84	0	 4	 0	Col	155	 2	86 	 598 	 5.98 

85	0	 4	 0	Row	6	 2	121 	 633 	 6.33 
85	0	 4	 0	Col	6	 2	112 	 624 	 6.24 

86	0	 4	 0	Row	29	 4	111 	 1135 	 11.35 
86	0	 4	 0	Col	29	 4	98 	 1122 	 11.22 

87	0	 4	 0	Row	174	 1	21 	 277 	 2.77 
87	0	 4	 0	Col	174	 1	11 	 267 	 2.67 

88	0	 4	 0	Row	30	 2	94 	 606 	 6.06 
88	0	 4	 0	Col	30	 2	83 	 595 	 5.95 

89	0	 4	 0	Row	243	 1	204 	 460 	 4.6 
89	0	 4	 0	Col	243	 1	195 	 451 	 4.51 

90	0	 4	 0	Row	64	 3	103 	 871 	 8.71 
90	0	 4	 0	Col	64	 3	81 	 849 	 8.49 

91	0	 4	 0	Row	39	 2	62 	 574 	 5.74 
91	0	 4	 0	Col	39	 2	52 	 564 	 5.64 

92	0	 4	 0	Row	185	 2	217 	 729 	 7.29 
92	0	 4	 0	Col	185	 2	208 	 720 	 7.2 

93	0	 4	 0	Row	87	 3	70 	 838 	 8.38 
93	0	 4	 0	Col	87	 3	60 	 828 	 8.28 

94	0	 4	 0	Row	204	 1	87 	 343 	 3.43 
94	0	 4	 0	Col	204	 1	76 	 332 	 3.32 

95	0	 4	 0	Row	67	 5	134 	 1414 	 14.14 
95	0	 4	 0	Col	67	 5	111 	 1391 	 13.91 

96	0	 4	 0	Row	170	 2	224 	 736 	 7.36 
96	0	 4	 0	Col	170	 2	209 	 721 	 7.21 

97	0	 4	 0	Row	225	 3	98 	 866 	 8.66 
97	0	 4	 0	Col	225	 3	89 	 857 	 8.57 

98	0	 4	 0	Row	249	 1	207 	 463 	 4.63 
98	0	 4	 0	Col	249	 1	197 	 453 	 4.53 

99	0	 4	 0	Row	160	 0	234 	 234 	 2.34 
99	0	 4	 0	Col	160	 0	194 	 194 	 1.94 

100	0	 4	 0	Row	145	 0	156 	 156 	 1.56 
100	0	 4	 0	Col	145	 0	146 	 146 	 1.46 

101	0	 4	 0	Row	149	 0	201 	 201 	 2.01 
101	0	 4	 0	Col	149	 0	192 	 192 	 1.92 

102	0	 4	 0	Row	76	 2	166 	 678 	 6.78 
102	0	 4	 0	Col	76	 2	95 	 607 	 6.07 

103	0	 4	 0	Row	250	 2	111 	 623 	 6.23 
103	0	 4	 0	Col	250	 2	102 	 614 	 6.14 

104	0	 4	 0	Row	152	 3	78 	 846 	 8.46 
104	0	 4	 0	Col	152	 3	67 	 835 	 8.35 

105	0	 4	 0	Row	14	 2	23 	 535 	 5.35 
105	0	 4	 0	Col	14	 2	13 	 525 	 5.25 

106	0	 4	 0	Row	16	 1	160 	 416 	 4.16 
106	0	 4	 0	Col	16	 1	129 	 385 	 3.85 

107	0	 4	 0	Row	196	 3	23 	 791 	 7.91 
107	0	 4	 0	Col	196	 3	14 	 782 	 7.82 

108	0	 4	 0	Row	105	 0	231 	 231 	 2.31 
108	0	 4	 0	Col	105	 0	220 	 220 	 2.2 

109	0	 4	 0	Row	233	 0	248 	 248 	 2.48 
109	0	 4	 0	Col	233	 0	224 	 224 	 2.24 

110	0	 4	 0	Row	11	 0	64 	 64 	 0.64 
110	0	 4	 0	Col	11	 0	53 	 53 	 0.53 

111	0	 4	 0	Row	136	 2	235 	 747 	 7.47 
111	0	 4	 0	Col	136	 2	215 	 727 	 7.27 

112	0	 4	 0	Row	177	 1	37 	 293 	 2.93 
112	0	 4	 0	Col	177	 1	27 	 283 	 2.83 

113	0	 4	 0	Row	192	 2	58 	 570 	 5.7 
113	0	 4	 0	Col	192	 2	44 	 556 	 5.56 

114	0	 4	 0	Row	110	 1	254 	 510 	 5.1 
114	0	 4	 0	Col	110	 1	246 	 502 	 5.02 

115	0	 4	 0	Row	135	 1	26 	 282 	 2.82 
115	0	 4	 0	Col	135	 1	12 	 268 	 2.68 

116	0	 4	 0	Row	193	 5	0 	 1280 	 12.8 
116	0	 4	 0	Col	193	 4	248 	 1272 	 12.72 

117	0	 4	 0	Row	207	 0	139 	 139 	 1.39 
117	0	 4	 0	Col	193	 0	24 	 24 	 0.24 

118	0	 4	 0	Row	169	 1	221 	 477 	 4.77 
118	0	 4	 0	Col	169	 1	212 	 468 	 4.68 

119	0	 4	 0	Row	130	 4	162 	 1186 	 11.86 
119	0	 4	 0	Col	130	 4	152 	 1176 	 11.76 

120	0	 4	 0	Row	37	 1	155 	 411 	 4.11 
120	0	 4	 0	Col	37	 1	142 	 398 	 3.98 

121	0	 4	 0	Row	32	 0	185 	 185 	 1.85 
121	0	 4	 0	Col	32	 0	175 	 175 	 1.75 

122	0	 4	 0	Row	178	 1	73 	 329 	 3.29 
122	0	 4	 0	Col	178	 1	58 	 314 	 3.14 

123	0	 4	 0	Row	183	 1	70 	 326 	 3.26 
123	0	 4	 0	Col	183	 1	59 	 315 	 3.15 

124	0	 4	 0	Row	134	 1	155 	 411 	 4.11 
124	0	 4	 0	Col	134	 1	145 	 401 	 4.01 

125	0	 4	 0	Row	122	 2	81 	 593 	 5.93 
125	0	 4	 0	Col	122	 2	72 	 584 	 5.84 

126	0	 4	 0	Row	61	 0	172 	 172 	 1.72 
126	0	 [0;31;40m0[0m	 44	Col	4	 0	61 	 61 	 0.61 
126	0	 [0;31;40m0[0m	 35	Col	61	 13	61 	 3389 	 33.89 

127	0	 4	 0	Row	94	 0	190 	 190 	 1.9 
127	0	 4	 0	Col	94	 0	136 	 136 	 1.36 

128	0	 4	 0	Row	39	 0	79 	 79 	 0.79 
128	0	 4	 0	Col	94	 0	66 	 66 	 0.66 

129	0	 4	 0	Row	194	 3	126 	 894 	 8.94 
129	0	 4	 0	Col	194	 3	117 	 885 	 8.85 

130	0	 4	 0	Row	69	 2	201 	 713 	 7.13 
130	0	 4	 0	Col	69	 2	163 	 675 	 6.75 

131	0	 4	 0	Row	177	 1	47 	 303 	 3.03 
131	0	 4	 0	Col	177	 1	38 	 294 	 2.94 

132	0	 4	 0	Row	194	 3	178 	 946 	 9.46 
132	0	 4	 0	Col	194	 3	168 	 936 	 9.36 

133	0	 4	 0	Row	111	 2	186 	 698 	 6.98 
133	0	 4	 0	Col	111	 2	176 	 688 	 6.88 

134	0	 4	 0	Row	7	 2	130 	 642 	 6.42 
134	0	 4	 0	Col	7	 2	121 	 633 	 6.33 

135	0	 4	 0	Row	186	 1	2 	 258 	 2.58 
135	0	 4	 0	Col	186	 0	249 	 249 	 2.49 

136	0	 4	 0	Row	193	 2	250 	 762 	 7.62 
136	0	 4	 0	Col	193	 2	228 	 740 	 7.4 

137	0	 4	 0	Row	78	 7	7 	 1799 	 17.99 
137	0	 4	 0	Col	78	 6	236 	 1772 	 17.72 

138	0	 4	 0	Row	166	 2	95 	 607 	 6.07 
138	0	 4	 0	Col	166	 2	77 	 589 	 5.89 

139	0	 4	 0	Row	250	 4	90 	 1114 	 11.14 
139	0	 4	 0	Col	250	 4	76 	 1100 	 11.0 

140	0	 4	 0	Row	250	 0	48 	 48 	 0.48 
140	0	 4	 0	Col	250	 0	24 	 24 	 0.24 

141	0	 4	 0	Row	167	 1	188 	 444 	 4.44 
141	0	 4	 0	Col	167	 1	167 	 423 	 4.23 

142	0	 4	 0	Row	219	 1	44 	 300 	 3.0 
142	0	 4	 0	Col	219	 1	34 	 290 	 2.9 

143	0	 4	 0	Row	54	 1	159 	 415 	 4.15 
143	0	 4	 0	Col	54	 1	149 	 405 	 4.05 

144	0	 4	 0	Row	181	 1	152 	 408 	 4.08 
144	0	 4	 0	Col	181	 1	125 	 381 	 3.81 

145	0	 4	 0	Row	185	 2	191 	 703 	 7.03 
145	0	 4	 0	Col	185	 2	181 	 693 	 6.93 

146	0	 4	 0	Row	129	 1	190 	 446 	 4.46 
146	0	 4	 0	Col	129	 1	181 	 437 	 4.37 

147	0	 4	 0	Row	171	 2	179 	 691 	 6.91 
147	0	 4	 0	Col	171	 2	77 	 589 	 5.89 

148	0	 4	 0	Row	37	 3	23 	 791 	 7.91 
148	0	 4	 0	Col	37	 3	14 	 782 	 7.82 

149	0	 4	 0	Row	144	 2	182 	 694 	 6.94 
149	0	 4	 0	Col	144	 2	172 	 684 	 6.84 

150	0	 4	 0	Row	157	 2	19 	 531 	 5.31 
150	0	 4	 0	Col	157	 2	10 	 522 	 5.22 

151	0	 4	 0	Row	119	 1	145 	 401 	 4.01 
151	0	 4	 0	Col	119	 1	136 	 392 	 3.92 

152	0	 4	 0	Row	227	 2	254 	 766 	 7.66 
152	0	 4	 0	Col	227	 2	245 	 757 	 7.57 

153	0	 4	 0	Row	48	 0	34 	 34 	 0.34 
153	0	 4	 0	Col	48	 0	19 	 19 	 0.19 

154	0	 4	 0	Row	209	 1	158 	 414 	 4.14 
154	0	 4	 0	Col	209	 1	135 	 391 	 3.91 

155	0	 4	 0	Row	78	 1	252 	 508 	 5.08 
155	0	 4	 0	Col	78	 1	243 	 499 	 4.99 

156	0	 4	 0	Row	17	 1	133 	 389 	 3.89 
156	0	 4	 0	Col	17	 1	71 	 327 	 3.27 

157	0	 4	 0	Row	113	 5	61 	 1341 	 13.41 
157	0	 4	 0	Col	113	 5	36 	 1316 	 13.16 

158	0	 4	 0	Row	160	 1	45 	 301 	 3.01 
158	0	 4	 0	Col	160	 1	36 	 292 	 2.92 

159	0	 4	 0	Row	112	 0	152 	 152 	 1.52 
159	0	 4	 0	Col	112	 0	137 	 137 	 1.37 

160	0	 4	 0	Row	204	 0	94 	 94 	 0.94 
160	0	 4	 0	Col	204	 0	83 	 83 	 0.83 

161	0	 4	 0	Row	135	 2	21 	 533 	 5.33 
161	0	 4	 0	Col	135	 2	6 	 518 	 5.18 

162	0	 4	 0	Row	16	 2	98 	 610 	 6.1 
162	0	 4	 0	Col	16	 2	89 	 601 	 6.01 

163	0	 4	 0	Row	179	 2	0 	 512 	 5.12 
163	0	 4	 0	Col	179	 1	246 	 502 	 5.02 

164	0	 4	 0	Row	189	 2	230 	 742 	 7.42 
164	0	 4	 0	Col	189	 2	213 	 725 	 7.25 

165	0	 4	 0	Row	254	 2	218 	 730 	 7.3 
165	0	 4	 0	Col	254	 2	207 	 719 	 7.19 

166	0	 4	 0	Row	46	 2	170 	 682 	 6.82 
166	0	 4	 0	Col	46	 2	131 	 643 	 6.43 

167	0	 4	 0	Row	141	 5	175 	 1455 	 14.55 
167	0	 4	 0	Col	141	 5	167 	 1447 	 14.47 

168	0	 4	 0	Row	121	 3	21 	 789 	 7.89 
168	0	 4	 0	Col	121	 3	12 	 780 	 7.8 

169	0	 4	 0	Row	62	 4	66 	 1090 	 10.9 
169	0	 4	 0	Col	62	 4	44 	 1068 	 10.68 

170	0	 4	 0	Row	170	 6	131 	 1667 	 16.67 
170	0	 4	 0	Col	170	 6	113 	 1649 	 16.49 

171	0	 4	 0	Row	234	 4	65 	 1089 	 10.89 
171	0	 4	 0	Col	235	 4	38 	 1062 	 10.62 

172	0	 4	 0	Row	103	 2	179 	 691 	 6.91 
172	0	 4	 0	Col	103	 2	155 	 667 	 6.67 

173	0	 4	 0	Row	167	 2	21 	 533 	 5.33 
173	0	 4	 0	Col	167	 2	11 	 523 	 5.23 

174	0	 4	 0	Row	99	 0	254 	 254 	 2.54 
174	0	 4	 0	Col	99	 0	244 	 244 	 2.44 

175	0	 4	 0	Row	129	 1	112 	 368 	 3.68 
175	0	 4	 0	Col	129	 1	102 	 358 	 3.58 

176	0	 4	 0	Row	115	 0	195 	 195 	 1.95 
176	0	 4	 0	Col	115	 0	161 	 161 	 1.61 

177	0	 4	 0	Row	116	 1	180 	 436 	 4.36 
177	0	 4	 0	Col	116	 1	159 	 415 	 4.15 

178	0	 4	 0	Row	57	 1	150 	 406 	 4.06 
178	0	 4	 0	Col	57	 1	140 	 396 	 3.96 

179	0	 4	 0	Row	135	 3	28 	 796 	 7.96 
179	0	 4	 0	Col	135	 3	17 	 785 	 7.85 

180	0	 4	 0	Row	232	 1	142 	 398 	 3.98 
180	0	 4	 0	Col	232	 1	133 	 389 	 3.89 

181	0	 4	 0	Row	0	 1	212 	 468 	 4.68 
181	0	 4	 0	Col	0	 1	203 	 459 	 4.59 

182	0	 4	 0	Row	233	 3	190 	 958 	 9.58 
182	0	 4	 0	Col	188	 3	168 	 936 	 9.36 

183	0	 4	 0	Row	174	 3	30 	 798 	 7.98 
183	0	 4	 0	Col	174	 3	18 	 786 	 7.86 

184	0	 4	 0	Row	99	 3	64 	 832 	 8.32 
184	0	 4	 0	Col	99	 3	39 	 807 	 8.07 

185	0	 4	 0	Row	255	 2	93 	 605 	 6.05 
185	0	 4	 0	Col	255	 2	76 	 588 	 5.88 

186	0	 4	 0	Row	131	 3	240 	 1008 	 10.08 
186	0	 4	 0	Col	131	 3	215 	 983 	 9.83 

187	0	 4	 0	Row	213	 1	168 	 424 	 4.24 
187	0	 4	 0	Col	213	 1	157 	 413 	 4.13 

188	0	 4	 0	Row	186	 2	58 	 570 	 5.7 
188	0	 4	 0	Col	186	 2	48 	 560 	 5.6 

189	0	 4	 0	Row	43	 3	132 	 900 	 9.0 
189	0	 4	 0	Col	43	 3	123 	 891 	 8.91 

190	0	 4	 0	Row	232	 1	99 	 355 	 3.55 
190	0	 4	 0	Col	232	 1	87 	 343 	 3.43 

191	0	 4	 0	Row	11	 2	48 	 560 	 5.6 
191	0	 4	 0	Col	11	 2	34 	 546 	 5.46 

192	0	 4	 0	Row	67	 1	153 	 409 	 4.09 
192	0	 4	 0	Col	68	 1	88 	 344 	 3.44 

193	0	 4	 0	Row	217	 0	42 	 42 	 0.42 
193	0	 4	 0	Col	217	 0	28 	 28 	 0.28 

194	0	 4	 0	Row	75	 6	55 	 1591 	 15.91 
194	0	 4	 0	Col	75	 6	36 	 1572 	 15.72 

195	0	 4	 0	Row	186	 2	128 	 640 	 6.4 
195	0	 4	 0	Col	186	 2	120 	 632 	 6.32 

196	0	 4	 0	Row	25	 2	179 	 691 	 6.91 
196	0	 4	 0	Col	25	 2	168 	 680 	 6.8 

197	0	 4	 0	Row	60	 0	239 	 239 	 2.39 
197	0	 4	 0	Col	60	 0	230 	 230 	 2.3 

198	0	 4	 0	Row	251	 2	86 	 598 	 5.98 
198	0	 4	 0	Col	251	 2	70 	 582 	 5.82 

199	0	 4	 0	Row	209	 2	83 	 595 	 5.95 
199	0	 4	 0	Col	209	 2	73 	 585 	 5.85 

200	0	 4	 0	Row	172	 1	72 	 328 	 3.28 
200	0	 4	 0	Col	172	 1	63 	 319 	 3.19 

201	0	 4	 0	Row	156	 1	145 	 401 	 4.01 
201	0	 4	 0	Col	156	 1	132 	 388 	 3.88 

202	0	 4	 0	Row	100	 2	43 	 555 	 5.55 
202	0	 4	 0	Col	100	 2	28 	 540 	 5.4 

203	0	 4	 0	Row	154	 1	31 	 287 	 2.87 
203	0	 4	 0	Col	154	 1	22 	 278 	 2.78 

204	0	 4	 0	Row	231	 2	76 	 588 	 5.88 
204	0	 4	 0	Col	231	 2	66 	 578 	 5.78 

205	0	 4	 0	Row	143	 0	50 	 50 	 0.5 
205	0	 4	 0	Col	143	 0	36 	 36 	 0.36 

206	0	 4	 0	Row	172	 2	37 	 549 	 5.49 
206	0	 4	 0	Col	172	 2	26 	 538 	 5.38 

207	0	 4	 0	Row	199	 2	15 	 527 	 5.27 
207	0	 4	 0	Col	199	 2	5 	 517 	 5.17 

208	0	 4	 0	Row	67	 2	128 	 640 	 6.4 
208	0	 4	 0	Col	67	 2	109 	 621 	 6.21 

209	0	 4	 0	Row	61	 2	231 	 743 	 7.43 
209	0	 [0;31;40m2[0m	 39	Col	4	 0	61 	 61 	 0.61 
209	0	 [0;31;40m2[0m	 29	Col	61	 13	61 	 3389 	 33.89 

210	0	 4	 0	Row	53	 1	218 	 474 	 4.74 
210	0	 4	 0	Col	53	 1	189 	 445 	 4.45 

211	0	 4	 0	Row	217	 2	210 	 722 	 7.22 
211	0	 4	 0	Col	217	 2	101 	 613 	 6.13 

212	0	 4	 0	Row	214	 1	92 	 348 	 3.48 
212	0	 4	 0	Col	214	 1	81 	 337 	 3.37 

213	0	 4	 0	Row	232	 1	186 	 442 	 4.42 
213	0	 4	 0	Col	232	 1	177 	 433 	 4.33 

214	0	 4	 0	Row	7	 2	53 	 565 	 5.65 
214	0	 4	 0	Col	7	 2	43 	 555 	 5.55 

215	0	 4	 0	Row	17	 2	108 	 620 	 6.2 
215	0	 4	 0	Col	17	 2	99 	 611 	 6.11 

216	0	 4	 0	Row	127	 1	176 	 432 	 4.32 
216	0	 4	 0	Col	127	 1	167 	 423 	 4.23 

217	0	 4	 0	Row	162	 1	74 	 330 	 3.3 
217	0	 4	 0	Col	162	 1	63 	 319 	 3.19 

218	0	 4	 0	Row	40	 1	229 	 485 	 4.85 
218	0	 4	 0	Col	40	 1	219 	 475 	 4.75 

219	0	 4	 0	Row	20	 0	171 	 171 	 1.71 
219	0	 4	 0	Col	20	 0	162 	 162 	 1.62 

220	0	 4	 0	Row	24	 2	114 	 626 	 6.26 
220	0	 4	 0	Col	24	 2	103 	 615 	 6.15 

221	0	 4	 0	Row	110	 0	51 	 51 	 0.51 
221	0	 4	 0	Col	110	 0	20 	 20 	 0.2 

222	0	 4	 0	Row	103	 1	231 	 487 	 4.87 
222	0	 4	 0	Col	103	 1	219 	 475 	 4.75 

223	0	 4	 0	Row	182	 2	192 	 704 	 7.04 
223	0	 4	 0	Col	182	 2	182 	 694 	 6.94 

224	0	 4	 0	Row	239	 2	95 	 607 	 6.07 
224	0	 4	 0	Col	239	 2	87 	 599 	 5.99 

225	0	 4	 0	Row	218	 2	83 	 595 	 5.95 
225	0	 4	 0	Col	218	 2	72 	 584 	 5.84 

226	0	 4	 0	Row	146	 0	204 	 204 	 2.04 
226	0	 4	 0	Col	146	 0	194 	 194 	 1.94 

227	0	 4	 0	Row	248	 2	75 	 587 	 5.87 
227	0	 4	 0	Col	248	 2	65 	 577 	 5.77 

228	0	 4	 0	Row	190	 1	255 	 511 	 5.11 
228	0	 4	 0	Col	190	 1	241 	 497 	 4.97 

229	0	 4	 0	Row	167	 3	159 	 927 	 9.27 
229	0	 4	 0	Col	167	 3	149 	 917 	 9.17 

230	0	 4	 0	Row	171	 3	64 	 832 	 8.32 
230	0	 4	 0	Col	171	 3	53 	 821 	 8.21 

231	0	 4	 0	Row	97	 1	20 	 276 	 2.76 
231	0	 4	 0	Col	97	 1	10 	 266 	 2.66 

232	0	 4	 0	Row	77	 1	9 	 265 	 2.65 
232	0	 4	 0	Col	77	 0	255 	 255 	 2.55 

233	0	 4	 0	Row	84	 2	46 	 558 	 5.58 
233	0	 4	 0	Col	84	 2	35 	 547 	 5.47 

234	0	 4	 0	Row	88	 3	170 	 938 	 9.38 
234	0	 4	 0	Col	88	 3	159 	 927 	 9.27 

235	0	 4	 0	Row	202	 1	158 	 414 	 4.14 
235	0	 4	 0	Col	202	 1	148 	 404 	 4.04 

236	0	 4	 0	Row	79	 2	230 	 742 	 7.42 
236	0	 4	 0	Col	79	 2	218 	 730 	 7.3 

237	0	 4	 0	Row	254	 4	158 	 1182 	 11.82 
237	0	 4	 0	Col	254	 4	136 	 1160 	 11.6 

238	0	 4	 0	Row	127	 1	103 	 359 	 3.59 
238	0	 4	 0	Col	127	 1	92 	 348 	 3.48 

239	0	 4	 0	Row	88	 3	29 	 797 	 7.97 
239	0	 4	 0	Col	88	 3	17 	 785 	 7.85 

240	0	 4	 0	Row	168	 2	16 	 528 	 5.28 
240	0	 4	 0	Col	168	 2	3 	 515 	 5.15 

241	0	 4	 0	Row	169	 2	98 	 610 	 6.1 
241	0	 4	 0	Col	169	 2	88 	 600 	 6.0 

242	0	 4	 0	Row	69	 1	16 	 272 	 2.72 
242	0	 4	 0	Col	69	 1	5 	 261 	 2.61 

243	0	 4	 0	Row	112	 1	249 	 505 	 5.05 
243	0	 4	 0	Col	112	 1	237 	 493 	 4.93 

244	0	 4	 0	Row	228	 2	59 	 571 	 5.71 
244	0	 4	 0	Col	228	 2	51 	 563 	 5.63 

245	0	 4	 0	Row	74	 3	215 	 983 	 9.83 
245	0	 4	 0	Col	74	 3	206 	 974 	 9.74 

246	0	 4	 0	Row	33	 2	247 	 759 	 7.59 
246	0	 4	 0	Col	33	 2	238 	 750 	 7.5 

247	0	 4	 0	Row	94	 3	226 	 994 	 9.94 
247	0	 4	 0	Col	94	 3	202 	 970 	 9.7 

248	0	 4	 0	Row	146	 3	116 	 884 	 8.84 
248	0	 4	 0	Col	146	 3	106 	 874 	 8.74 

249	0	 4	 0	Row	113	 5	105 	 1385 	 13.85 
249	0	 4	 0	Col	113	 5	83 	 1363 	 13.63 

250	0	 4	 0	Row	172	 4	27 	 1051 	 10.51 
250	0	 4	 0	Col	172	 4	11 	 1035 	 10.35 

251	0	 4	 0	Row	192	 2	207 	 719 	 7.19 
251	0	 4	 0	Col	192	 2	197 	 709 	 7.09 

252	0	 4	 0	Row	134	 2	99 	 611 	 6.11 
252	0	 4	 0	Col	134	 2	89 	 601 	 6.01 

253	0	 4	 0	Row	173	 0	246 	 246 	 2.46 
253	0	 4	 0	Col	173	 0	236 	 236 	 2.36 

254	0	 4	 0	Row	18	 1	234 	 490 	 4.9 
254	0	 4	 0	Col	18	 1	221 	 477 	 4.77 

255	0	 4	 0	Row	150	 1	199 	 455 	 4.55 
255	0	 4	 0	Col	150	 1	190 	 446 	 4.46 

256	0	 4	 0	Row	194	 0	140 	 140 	 1.4 
256	0	 4	 0	Col	194	 0	130 	 130 	 1.3 

257	0	 4	 0	Row	250	 0	72 	 72 	 0.72 
257	0	 4	 0	Col	250	 0	62 	 62 	 0.62 
257	0	 4	 0	Row	36	 2	146 	 658 	 6.58 
257	0	 4	 0	Col	38	 2	95 	 607 	 6.07 

258	0	 4	 0	Row	14	 1	187 	 443 	 4.43 
258	0	 4	 0	Col	18	 1	133 	 389 	 3.89 

259	0	 4	 0	Row	254	 1	110 	 366 	 3.66 
259	0	 4	 0	Col	253	 1	102 	 358 	 3.58 

260	0	 4	 0	Row	194	 2	66 	 578 	 5.78 
260	0	 4	 0	Col	194	 2	58 	 570 	 5.7 

261	0	 4	 0	Row	120	 2	128 	 640 	 6.4 
261	0	 4	 0	Col	120	 2	120 	 632 	 6.32 

262	0	 4	 0	Row	120	 0	25 	 25 	 0.25 
262	0	 4	 0	Col	120	 0	17 	 17 	 0.17 

263	0	 4	 0	Row	7	 2	192 	 704 	 7.04 
263	0	 4	 0	Col	7	 2	181 	 693 	 6.93 

264	0	 4	 0	Row	77	 4	100 	 1124 	 11.24 
264	0	 4	 0	Col	77	 4	90 	 1114 	 11.14 

265	0	 4	 0	Row	32	 3	253 	 1021 	 10.21 
265	0	 4	 0	Col	32	 3	243 	 1011 	 10.11 

266	0	 4	 0	Row	249	 3	188 	 956 	 9.56 
266	0	 4	 0	Col	249	 3	178 	 946 	 9.46 

267	0	 4	 0	Row	157	 2	182 	 694 	 6.94 
267	0	 4	 0	Col	157	 2	173 	 685 	 6.85 

268	0	 4	 0	Row	203	 0	118 	 118 	 1.18 
268	0	 4	 0	Col	203	 0	84 	 84 	 0.84 

269	0	 4	 0	Row	163	 2	208 	 720 	 7.2 
269	0	 4	 0	Col	163	 2	199 	 711 	 7.11 

270	0	 4	 0	Row	110	 2	105 	 617 	 6.17 
270	0	 4	 0	Col	110	 2	96 	 608 	 6.08 

271	0	 4	 0	Row	181	 2	133 	 645 	 6.45 
271	0	 4	 0	Col	181	 2	123 	 635 	 6.35 

272	0	 4	 0	Row	182	 1	181 	 437 	 4.37 
272	0	 4	 0	Col	182	 1	173 	 429 	 4.29 

273	0	 4	 0	Row	29	 5	254 	 1534 	 15.34 
273	0	 4	 0	Col	29	 5	236 	 1516 	 15.16 

274	0	 4	 0	Row	183	 0	209 	 209 	 2.09 
274	0	 4	 0	Col	183	 0	199 	 199 	 1.99 

275	0	 4	 0	Row	226	 3	149 	 917 	 9.17 
275	0	 4	 0	Col	226	 3	130 	 898 	 8.98 

276	0	 4	 0	Row	175	 3	226 	 994 	 9.94 
276	0	 4	 0	Col	175	 3	219 	 987 	 9.87 

277	0	 4	 0	Row	165	 3	26 	 794 	 7.94 
277	0	 4	 0	Col	165	 3	18 	 786 	 7.86 

278	0	 4	 0	Row	54	 1	197 	 453 	 4.53 
278	0	 4	 0	Col	54	 1	186 	 442 	 4.42 

279	0	 4	 0	Row	181	 0	66 	 66 	 0.66 
279	0	 4	 0	Col	181	 0	56 	 56 	 0.56 

280	0	 4	 0	Row	104	 3	245 	 1013 	 10.13 
280	0	 4	 0	Col	104	 3	227 	 995 	 9.95 

281	0	 4	 0	Row	241	 2	246 	 758 	 7.58 
281	0	 4	 0	Col	241	 2	236 	 748 	 7.48 

282	0	 4	 0	Row	155	 0	75 	 75 	 0.75 
282	0	 4	 0	Col	155	 0	64 	 64 	 0.64 

283	0	 4	 0	Row	47	 0	217 	 217 	 2.17 
283	0	 4	 0	Col	47	 0	199 	 199 	 1.99 

284	0	 4	 0	Row	149	 3	1 	 769 	 7.69 
284	0	 4	 0	Col	149	 2	248 	 760 	 7.6 

285	0	 4	 0	Row	94	 2	90 	 602 	 6.02 
285	0	 4	 0	Col	94	 2	80 	 592 	 5.92 

286	0	 4	 0	Row	97	 1	214 	 470 	 4.7 
286	0	 4	 0	Col	97	 1	206 	 462 	 4.62 

287	0	 4	 0	Row	43	 5	186 	 1466 	 14.66 
287	0	 4	 0	Col	43	 5	169 	 1449 	 14.49 

288	0	 4	 0	Row	41	 2	47 	 559 	 5.59 
288	0	 4	 0	Col	41	 2	9 	 521 	 5.21 

289	0	 4	 0	Row	218	 1	245 	 501 	 5.01 
289	0	 4	 0	Col	218	 1	191 	 447 	 4.47 

290	0	 4	 0	Row	108	 1	253 	 509 	 5.09 
290	0	 4	 0	Col	108	 1	238 	 494 	 4.94 

291	0	 4	 0	Row	129	 2	72 	 584 	 5.84 
291	0	 4	 0	Col	129	 2	62 	 574 	 5.74 

292	0	 4	 0	Row	24	 1	87 	 343 	 3.43 
292	0	 4	 0	Col	24	 1	56 	 312 	 3.12 

293	0	 4	 0	Row	118	 2	97 	 609 	 6.09 
293	0	 4	 0	Col	118	 2	87 	 599 	 5.99 

294	0	 4	 0	Row	78	 1	21 	 277 	 2.77 
294	0	 4	 0	Col	78	 1	11 	 267 	 2.67 

295	0	 4	 0	Row	133	 2	148 	 660 	 6.6 
295	0	 4	 0	Col	133	 2	128 	 640 	 6.4 

296	0	 4	 0	Row	157	 1	120 	 376 	 3.76 
296	0	 4	 0	Col	157	 1	94 	 350 	 3.5 

297	0	 4	 0	Row	237	 2	121 	 633 	 6.33 
297	0	 4	 0	Col	237	 2	111 	 623 	 6.23 

298	0	 4	 0	Row	219	 2	56 	 568 	 5.68 
298	0	 4	 0	Col	219	 2	49 	 561 	 5.61 

299	0	 4	 0	Row	51	 2	210 	 722 	 7.22 
299	0	 4	 0	Col	50	 2	198 	 710 	 7.1 

300	0	 4	 0	Row	139	 2	35 	 547 	 5.47 
300	0	 4	 0	Col	139	 2	25 	 537 	 5.37 

301	0	 4	 0	Row	246	 3	42 	 810 	 8.1 
301	0	 4	 0	Col	246	 3	30 	 798 	 7.98 

302	0	 4	 0	Row	82	 0	143 	 143 	 1.43 
302	0	 4	 0	Col	246	 0	36 	 36 	 0.36 

303	0	 4	 0	Row	18	 0	186 	 186 	 1.86 
303	0	 4	 0	Col	18	 0	176 	 176 	 1.76 

304	0	 4	 0	Row	90	 1	68 	 324 	 3.24 
304	0	 4	 0	Col	90	 1	59 	 315 	 3.15 

305	0	 4	 0	Row	211	 1	186 	 442 	 4.42 
305	0	 4	 0	Col	211	 1	178 	 434 	 4.34 

306	0	 4	 0	Row	148	 1	244 	 500 	 5.0 
306	0	 4	 0	Col	148	 1	234 	 490 	 4.9 

307	0	 4	 0	Row	79	 1	2 	 258 	 2.58 
307	0	 4	 0	Col	79	 0	247 	 247 	 2.47 

308	0	 4	 0	Row	109	 0	203 	 203 	 2.03 
308	0	 4	 0	Col	109	 0	174 	 174 	 1.74 

309	0	 4	 0	Row	245	 1	200 	 456 	 4.56 
309	0	 4	 0	Col	245	 1	191 	 447 	 4.47 

310	0	 4	 0	Row	85	 1	146 	 402 	 4.02 
310	0	 4	 0	Col	85	 1	128 	 384 	 3.84 

311	0	 4	 0	Row	175	 0	233 	 233 	 2.33 
311	0	 4	 0	Col	175	 0	219 	 219 	 2.19 

312	0	 4	 0	Row	169	 0	85 	 85 	 0.85 
312	0	 4	 0	Col	169	 0	73 	 73 	 0.73 

313	0	 4	 0	Row	13	 6	8 	 1544 	 15.44 
313	0	 4	 0	Col	13	 5	242 	 1522 	 15.22 

314	0	 4	 0	Row	80	 2	97 	 609 	 6.09 
314	0	 4	 0	Col	80	 2	85 	 597 	 5.97 

315	0	 4	 0	Row	74	 3	134 	 902 	 9.02 
315	0	 4	 0	Col	74	 3	122 	 890 	 8.9 

316	0	 4	 0	Row	26	 0	72 	 72 	 0.72 
316	0	 4	 0	Col	26	 0	57 	 57 	 0.57 

317	0	 4	 0	Row	144	 3	122 	 890 	 8.9 
317	0	 4	 0	Col	144	 3	111 	 879 	 8.79 

318	0	 4	 0	Row	182	 1	49 	 305 	 3.05 
318	0	 4	 0	Col	182	 1	38 	 294 	 2.94 

319	0	 4	 0	Row	158	 0	58 	 58 	 0.58 
319	0	 4	 0	Col	158	 0	43 	 43 	 0.43 

320	0	 4	 0	Row	17	 3	157 	 925 	 9.25 
320	0	 4	 0	Col	17	 3	137 	 905 	 9.05 

321	0	 4	 0	Row	230	 1	206 	 462 	 4.62 
321	0	 4	 0	Col	230	 1	197 	 453 	 4.53 

322	0	 4	 0	Row	163	 1	126 	 382 	 3.82 
322	0	 4	 0	Col	163	 1	117 	 373 	 3.73 

323	0	 4	 0	Row	4	 5	16 	 1296 	 12.96 
323	0	 4	 0	Col	4	 4	248 	 1272 	 12.72 

324	0	 4	 0	Row	175	 1	79 	 335 	 3.35 
324	0	 4	 0	Col	175	 1	65 	 321 	 3.21 

325	0	 4	 0	Row	207	 2	186 	 698 	 6.98 
325	0	 4	 0	Col	207	 2	174 	 686 	 6.86 

326	0	 4	 0	Row	19	 1	136 	 392 	 3.92 
326	0	 4	 0	Col	19	 1	124 	 380 	 3.8 

327	0	 4	 0	Row	26	 1	154 	 410 	 4.1 
327	0	 4	 0	Col	26	 1	146 	 402 	 4.02 

328	0	 4	 0	Row	193	 0	67 	 67 	 0.67 
328	0	 4	 0	Col	193	 0	56 	 56 	 0.56 

329	0	 4	 0	Row	254	 3	23 	 791 	 7.91 
329	0	 4	 0	Col	254	 2	192 	 704 	 7.04 

330	0	 4	 0	Row	200	 1	145 	 401 	 4.01 
330	0	 4	 0	Col	200	 1	135 	 391 	 3.91 

331	0	 4	 0	Row	233	 2	84 	 596 	 5.96 
331	0	 4	 0	Col	233	 2	75 	 587 	 5.87 

332	0	 4	 0	Row	28	 3	93 	 861 	 8.61 
332	0	 4	 0	Col	28	 3	83 	 851 	 8.51 

333	0	 4	 0	Row	106	 1	222 	 478 	 4.78 
333	0	 4	 0	Col	106	 1	212 	 468 	 4.68 

334	0	 4	 0	Row	113	 1	3 	 259 	 2.59 
334	0	 4	 0	Col	113	 0	242 	 242 	 2.42 

335	0	 4	 0	Row	114	 3	24 	 792 	 7.92 
335	0	 4	 0	Col	114	 3	17 	 785 	 7.85 

336	0	 4	 0	Row	40	 0	164 	 164 	 1.64 
336	0	 4	 0	Col	40	 0	149 	 149 	 1.49 

337	0	 4	 0	Row	223	 4	226 	 1250 	 12.5 
337	0	 4	 0	Col	223	 4	216 	 1240 	 12.4 

338	0	 4	 0	Row	108	 2	156 	 668 	 6.68 
338	0	 4	 0	Col	108	 2	143 	 655 	 6.55 

339	0	 4	 0	Row	89	 1	187 	 443 	 4.43 
339	0	 4	 0	Col	89	 1	175 	 431 	 4.31 

340	0	 4	 0	Row	7	 0	117 	 117 	 1.17 
340	0	 4	 0	Col	7	 0	106 	 106 	 1.06 

341	0	 4	 0	Row	92	 1	42 	 298 	 2.98 
341	0	 4	 0	Col	92	 1	32 	 288 	 2.88 

342	0	 4	 0	Row	247	 2	201 	 713 	 7.13 
342	0	 4	 0	Col	247	 2	192 	 704 	 7.04 

343	0	 4	 0	Row	73	 1	141 	 397 	 3.97 
343	0	 4	 0	Col	73	 1	131 	 387 	 3.87 

344	0	 4	 0	Row	62	 1	197 	 453 	 4.53 
344	0	 4	 0	Col	62	 1	175 	 431 	 4.31 

345	0	 4	 0	Row	167	 3	164 	 932 	 9.32 
345	0	 4	 0	Col	167	 3	154 	 922 	 9.22 

346	0	 4	 0	Row	49	 0	180 	 180 	 1.8 
346	0	 4	 0	Col	49	 0	171 	 171 	 1.71 

347	0	 4	 0	Row	58	 0	122 	 122 	 1.22 
347	0	 4	 0	Col	58	 0	112 	 112 	 1.12 

348	0	 4	 0	Row	71	 3	80 	 848 	 8.48 
348	0	 4	 0	Col	71	 3	58 	 826 	 8.26 

349	0	 4	 0	Row	176	 2	144 	 656 	 6.56 
349	0	 4	 0	Col	176	 2	129 	 641 	 6.41 

350	0	 4	 0	Row	106	 8	89 	 2137 	 21.37 
350	0	 4	 0	Col	106	 8	71 	 2119 	 21.19 

351	0	 4	 0	Row	141	 0	79 	 79 	 0.79 
351	0	 4	 0	Col	141	 0	67 	 67 	 0.67 

352	0	 4	 0	Row	209	 1	173 	 429 	 4.29 
352	0	 4	 0	Col	209	 1	158 	 414 	 4.14 

353	0	 4	 0	Row	196	 2	12 	 524 	 5.24 
353	0	 4	 0	Col	196	 1	243 	 499 	 4.99 

354	0	 4	 0	Row	224	 3	121 	 889 	 8.89 
354	0	 4	 0	Col	224	 3	113 	 881 	 8.81 

355	0	 4	 0	Row	28	 1	67 	 323 	 3.23 
355	0	 4	 0	Col	28	 1	56 	 312 	 3.12 

356	0	 4	 0	Row	255	 2	245 	 757 	 7.57 
356	0	 4	 0	Col	255	 2	212 	 724 	 7.24 

357	0	 4	 0	Row	43	 5	67 	 1347 	 13.47 
357	0	 4	 0	Col	43	 5	56 	 1336 	 13.36 

358	0	 4	 0	Row	124	 2	72 	 584 	 5.84 
358	0	 4	 0	Col	124	 2	59 	 571 	 5.71 

359	0	 4	 0	Row	162	 4	124 	 1148 	 11.48 
359	0	 4	 0	Col	162	 4	114 	 1138 	 11.38 

360	0	 4	 0	Row	116	 3	108 	 876 	 8.76 
360	0	 4	 0	Col	116	 3	100 	 868 	 8.68 

361	0	 4	 0	Row	244	 0	172 	 172 	 1.72 
361	0	 4	 0	Col	244	 0	162 	 162 	 1.62 

362	0	 4	 0	Row	156	 2	106 	 618 	 6.18 
362	0	 4	 0	Col	156	 2	97 	 609 	 6.09 

363	0	 4	 0	Row	185	 1	43 	 299 	 2.99 
363	0	 4	 0	Col	185	 1	29 	 285 	 2.85 

364	0	 4	 0	Row	246	 3	44 	 812 	 8.12 
364	0	 4	 0	Col	246	 3	35 	 803 	 8.03 

365	0	 4	 0	Row	229	 0	188 	 188 	 1.88 
365	0	 4	 0	Col	229	 0	176 	 176 	 1.76 

366	0	 4	 0	Row	175	 1	160 	 416 	 4.16 
366	0	 4	 0	Col	175	 1	151 	 407 	 4.07 

367	0	 4	 0	Row	185	 0	157 	 157 	 1.57 
367	0	 4	 0	Col	185	 0	146 	 146 	 1.46 

368	0	 4	 0	Row	137	 1	19 	 275 	 2.75 
368	0	 4	 0	Col	137	 1	9 	 265 	 2.65 

369	0	 4	 0	Row	132	 0	161 	 161 	 1.61 
369	0	 4	 0	Col	132	 0	152 	 152 	 1.52 

370	0	 4	 0	Row	188	 3	48 	 816 	 8.16 
370	0	 4	 0	Col	188	 3	37 	 805 	 8.05 

371	0	 4	 0	Row	152	 5	204 	 1484 	 14.84 
371	0	 4	 0	Col	152	 5	174 	 1454 	 14.54 

372	0	 4	 0	Row	74	 3	46 	 814 	 8.14 
372	0	 4	 0	Col	74	 3	36 	 804 	 8.04 

373	0	 4	 0	Row	223	 2	21 	 533 	 5.33 
373	0	 4	 0	Col	223	 2	10 	 522 	 5.22 

374	0	 4	 0	Row	142	 1	146 	 402 	 4.02 
374	0	 4	 0	Col	142	 1	133 	 389 	 3.89 

375	0	 4	 0	Row	76	 0	152 	 152 	 1.52 
375	0	 4	 0	Col	76	 0	143 	 143 	 1.43 

376	0	 4	 0	Row	60	 1	130 	 386 	 3.86 
376	0	 4	 0	Col	60	 1	122 	 378 	 3.78 

377	0	 4	 0	Row	231	 1	236 	 492 	 4.92 
377	0	 4	 0	Col	231	 1	227 	 483 	 4.83 

378	0	 4	 0	Row	173	 0	132 	 132 	 1.32 
378	0	 4	 0	Col	173	 0	116 	 116 	 1.16 

379	0	 4	 0	Row	193	 2	149 	 661 	 6.61 
379	0	 4	 0	Col	193	 2	120 	 632 	 6.32 

380	0	 4	 0	Row	43	 3	163 	 931 	 9.31 
380	0	 4	 0	Col	43	 3	154 	 922 	 9.22 

381	0	 4	 0	Row	236	 0	184 	 184 	 1.84 
381	0	 4	 0	Col	236	 0	174 	 174 	 1.74 

382	0	 4	 0	Row	191	 5	99 	 1379 	 13.79 
382	0	 4	 0	Col	191	 5	71 	 1351 	 13.51 

383	0	 4	 0	Row	2	 3	166 	 934 	 9.34 
383	0	 4	 0	Col	2	 3	155 	 923 	 9.23 

384	0	 4	 0	Row	91	 0	215 	 215 	 2.15 
384	0	 4	 0	Col	91	 0	205 	 205 	 2.05 

385	0	 4	 0	Row	222	 11	54 	 2870 	 28.7 
385	0	 4	 0	Col	222	 11	27 	 2843 	 28.43 

386	0	 4	 0	Row	62	 0	180 	 180 	 1.8 
386	0	 4	 0	Col	62	 0	168 	 168 	 1.68 

387	0	 4	 0	Row	36	 3	205 	 973 	 9.73 
387	0	 4	 0	Col	36	 3	193 	 961 	 9.61 

388	0	 4	 0	Row	217	 1	1 	 257 	 2.57 
388	0	 4	 0	Col	217	 0	245 	 245 	 2.45 

389	0	 4	 0	Row	225	 1	189 	 445 	 4.45 
389	0	 4	 0	Col	225	 1	180 	 436 	 4.36 

390	0	 4	 0	Row	239	 2	129 	 641 	 6.41 
390	0	 4	 0	Col	239	 2	119 	 631 	 6.31 

391	0	 4	 0	Row	9	 1	59 	 315 	 3.15 
391	0	 4	 0	Col	9	 1	49 	 305 	 3.05 

392	0	 4	 0	Row	108	 1	116 	 372 	 3.72 
392	0	 4	 0	Col	108	 1	95 	 351 	 3.51 

393	0	 4	 0	Row	99	 2	175 	 687 	 6.87 
393	0	 4	 0	Col	99	 2	152 	 664 	 6.64 

394	0	 4	 0	Row	63	 1	246 	 502 	 5.02 
394	0	 4	 0	Col	63	 1	232 	 488 	 4.88 

395	0	 4	 0	Row	207	 1	89 	 345 	 3.45 
395	0	 4	 0	Col	207	 1	77 	 333 	 3.33 

396	0	 4	 0	Row	106	 1	71 	 327 	 3.27 
396	0	 4	 0	Col	106	 1	62 	 318 	 3.18 

397	0	 4	 0	Row	106	 0	19 	 19 	 0.19 

398	0	 4	 0	Row	42	 2	192 	 704 	 7.04 
398	0	 4	 0	Col	42	 2	183 	 695 	 6.95 

399	0	 4	 0	Row	237	 1	211 	 467 	 4.67 
399	0	 4	 0	Col	237	 1	196 	 452 	 4.52 

400	0	 4	 0	Row	204	 2	216 	 728 	 7.28 
400	0	 4	 0	Col	204	 2	207 	 719 	 7.19 

401	0	 4	 0	Row	38	 3	132 	 900 	 9.0 
401	0	 4	 0	Col	38	 3	123 	 891 	 8.91 

402	0	 4	 0	Row	226	 1	181 	 437 	 4.37 
402	0	 4	 0	Col	226	 1	169 	 425 	 4.25 

403	0	 4	 0	Row	94	 1	166 	 422 	 4.22 
403	0	 4	 0	Col	94	 1	155 	 411 	 4.11 

404	0	 4	 0	Row	199	 4	21 	 1045 	 10.45 
404	0	 4	 0	Col	199	 3	236 	 1004 	 10.04 

405	0	 4	 0	Row	97	 0	15 	 15 	 0.15 

406	0	 4	 0	Row	65	 1	34 	 290 	 2.9 
406	0	 4	 0	Col	65	 1	24 	 280 	 2.8 

407	0	 4	 0	Row	60	 2	144 	 656 	 6.56 
407	0	 4	 0	Col	60	 2	135 	 647 	 6.47 

408	0	 4	 0	Row	157	 5	7 	 1287 	 12.87 
408	0	 4	 0	Col	157	 4	242 	 1266 	 12.66 

409	0	 4	 0	Row	157	 0	47 	 47 	 0.47 

410	0	 4	 0	Row	170	 0	235 	 235 	 2.35 
410	0	 4	 0	Col	170	 0	226 	 226 	 2.26 

411	0	 4	 0	Row	90	 1	64 	 320 	 3.2 
411	0	 4	 0	Col	90	 1	53 	 309 	 3.09 

412	0	 4	 0	Row	129	 5	177 	 1457 	 14.57 
412	0	 4	 0	Col	129	 5	158 	 1438 	 14.38 

413	0	 4	 0	Row	109	 2	216 	 728 	 7.28 
413	0	 4	 0	Col	109	 2	207 	 719 	 7.19 

414	0	 4	 0	Row	25	 0	195 	 195 	 1.95 
414	0	 4	 0	Col	25	 0	184 	 184 	 1.84 

415	0	 4	 0	Row	17	 1	127 	 383 	 3.83 
415	0	 4	 0	Col	17	 1	118 	 374 	 3.74 

416	0	 4	 0	Row	89	 4	39 	 1063 	 10.63 
416	0	 4	 0	Col	89	 4	30 	 1054 	 10.54 

417	0	 4	 0	Row	125	 1	107 	 363 	 3.63 
417	0	 4	 0	Col	125	 1	98 	 354 	 3.54 

418	0	 4	 0	Row	214	 2	14 	 526 	 5.26 
418	0	 4	 0	Col	214	 2	5 	 517 	 5.17 

419	0	 4	 0	Row	22	 4	32 	 1056 	 10.56 
419	0	 4	 0	Col	22	 4	20 	 1044 	 10.44 

420	0	 4	 0	Row	174	 2	70 	 582 	 5.82 
420	0	 4	 0	Col	174	 2	58 	 570 	 5.7 

421	0	 4	 0	Row	118	 2	8 	 520 	 5.2 
421	0	 4	 0	Col	118	 1	252 	 508 	 5.08 

422	0	 4	 0	Row	205	 6	198 	 1734 	 17.34 
422	0	 4	 0	Col	205	 6	181 	 1717 	 17.17 

423	0	 4	 0	Row	94	 0	69 	 69 	 0.69 
423	0	 4	 0	Col	94	 0	58 	 58 	 0.58 
423	0	 4	 0	Row	44	 3	5 	 773 	 7.73 
423	0	 4	 0	Col	44	 2	253 	 765 	 7.65 

424	0	 4	 0	Row	5	 0	223 	 223 	 2.23 
424	0	 4	 0	Col	5	 0	214 	 214 	 2.14 

425	0	 4	 0	Row	139	 3	234 	 1002 	 10.02 
425	0	 4	 0	Col	139	 3	226 	 994 	 9.94 

426	0	 4	 0	Row	156	 2	50 	 562 	 5.62 
426	0	 4	 0	Col	156	 2	40 	 552 	 5.52 

427	0	 4	 0	Row	218	 2	112 	 624 	 6.24 
427	0	 4	 0	Col	218	 2	100 	 612 	 6.12 

428	0	 4	 0	Row	47	 3	39 	 807 	 8.07 
428	0	 4	 0	Col	47	 3	31 	 799 	 7.99 

429	0	 4	 0	Row	59	 0	192 	 192 	 1.92 
429	0	 4	 0	Col	59	 0	172 	 172 	 1.72 

430	0	 4	 0	Row	154	 2	27 	 539 	 5.39 
430	0	 4	 0	Col	154	 2	3 	 515 	 5.15 

431	0	 4	 0	Row	44	 2	40 	 552 	 5.52 
431	0	 4	 0	Col	44	 2	27 	 539 	 5.39 

432	0	 4	 0	Row	95	 0	218 	 218 	 2.18 
432	0	 4	 0	Col	95	 0	207 	 207 	 2.07 

433	0	 4	 0	Row	186	 2	96 	 608 	 6.08 
433	0	 4	 0	Col	186	 2	88 	 600 	 6.0 

434	0	 4	 0	Row	2	 1	118 	 374 	 3.74 
434	0	 4	 0	Col	2	 1	104 	 360 	 3.6 

435	0	 4	 0	Row	93	 2	171 	 683 	 6.83 
435	0	 4	 0	Col	93	 2	161 	 673 	 6.73 

436	0	 4	 0	Row	159	 0	131 	 131 	 1.31 
436	0	 4	 0	Col	159	 0	118 	 118 	 1.18 

437	0	 4	 0	Row	202	 1	176 	 432 	 4.32 
437	0	 4	 0	Col	202	 1	163 	 419 	 4.19 

438	0	 4	 0	Row	76	 3	50 	 818 	 8.18 
438	0	 4	 0	Col	76	 3	40 	 808 	 8.08 

439	0	 4	 0	Row	38	 4	32 	 1056 	 10.56 
439	0	 4	 0	Col	38	 4	6 	 1030 	 10.3 

440	0	 4	 0	Row	157	 1	215 	 471 	 4.71 
440	0	 4	 0	Col	157	 1	204 	 460 	 4.6 

441	0	 4	 0	Row	141	 7	109 	 1901 	 19.01 
441	0	 4	 0	Col	141	 7	82 	 1874 	 18.74 

442	0	 4	 0	Row	164	 1	105 	 361 	 3.61 
442	0	 4	 0	Col	164	 1	92 	 348 	 3.48 

443	0	 4	 0	Row	14	 1	153 	 409 	 4.09 
443	0	 4	 0	Col	14	 1	145 	 401 	 4.01 

444	0	 4	 0	Row	107	 2	248 	 760 	 7.6 
444	0	 4	 0	Col	107	 2	232 	 744 	 7.44 

445	0	 4	 0	Row	196	 3	53 	 821 	 8.21 
445	0	 4	 0	Col	197	 3	30 	 798 	 7.98 

446	0	 4	 0	Row	222	 0	252 	 252 	 2.52 
446	0	 4	 0	Col	222	 0	238 	 238 	 2.38 

447	0	 4	 0	Row	78	 1	158 	 414 	 4.14 
447	0	 4	 0	Col	78	 1	147 	 403 	 4.03 

448	0	 4	 0	Row	61	 2	19 	 531 	 5.31 
448	0	 [0;31;40m2[0m	 19	Row	4	 0	61 	 61 	 0.61 
448	0	 [0;31;40m1[0m	 58	Col	61	 13	61 	 3389 	 33.89 

449	0	 4	 0	Row	90	 1	51 	 307 	 3.07 
449	0	 4	 0	Col	90	 1	37 	 293 	 2.93 

450	0	 4	 0	Row	117	 2	214 	 726 	 7.26 
450	0	 4	 0	Col	117	 2	206 	 718 	 7.18 

451	0	 4	 0	Row	48	 1	255 	 511 	 5.11 
451	0	 4	 0	Col	48	 1	244 	 500 	 5.0 

452	0	 4	 0	Row	83	 2	194 	 706 	 7.06 
452	0	 4	 0	Col	83	 2	170 	 682 	 6.82 

453	0	 4	 0	Row	17	 0	210 	 210 	 2.1 
453	0	 4	 0	Col	17	 0	201 	 201 	 2.01 

454	0	 4	 0	Row	15	 0	126 	 126 	 1.26 
454	0	 4	 0	Col	15	 0	116 	 116 	 1.16 

455	0	 4	 0	Row	22	 1	185 	 441 	 4.41 
455	0	 4	 0	Col	22	 1	169 	 425 	 4.25 

456	0	 4	 0	Row	149	 3	71 	 839 	 8.39 
456	0	 4	 0	Col	149	 3	64 	 832 	 8.32 

457	0	 4	 0	Row	239	 4	16 	 1040 	 10.4 
457	0	 4	 0	Col	239	 4	7 	 1031 	 10.31 

458	0	 4	 0	Row	209	 1	240 	 496 	 4.96 
458	0	 4	 0	Col	209	 1	229 	 485 	 4.85 

459	0	 4	 0	Row	185	 2	4 	 516 	 5.16 
459	0	 4	 0	Col	185	 1	247 	 503 	 5.03 

460	0	 4	 0	Row	134	 0	223 	 223 	 2.23 
460	0	 4	 0	Col	134	 0	211 	 211 	 2.11 

461	0	 4	 0	Row	62	 1	121 	 377 	 3.77 
461	0	 4	 0	Col	62	 1	111 	 367 	 3.67 

462	0	 4	 0	Row	44	 2	240 	 752 	 7.52 
462	0	 4	 0	Col	44	 2	228 	 740 	 7.4 

463	0	 4	 0	Row	163	 3	119 	 887 	 8.87 
463	0	 4	 0	Col	163	 3	109 	 877 	 8.77 

464	0	 4	 0	Row	39	 2	96 	 608 	 6.08 
464	0	 4	 0	Col	39	 2	84 	 596 	 5.96 

465	0	 4	 0	Row	211	 0	120 	 120 	 1.2 
465	0	 4	 0	Col	211	 0	91 	 91 	 0.91 

466	0	 4	 0	Row	159	 2	29 	 541 	 5.41 
466	0	 4	 0	Col	159	 2	20 	 532 	 5.32 

467	0	 4	 0	Row	47	 1	135 	 391 	 3.91 
467	0	 4	 0	Col	47	 1	122 	 378 	 3.78 

468	0	 4	 0	Row	244	 1	199 	 455 	 4.55 
468	0	 4	 0	Col	244	 1	190 	 446 	 4.46 

469	0	 4	 0	Row	26	 1	216 	 472 	 4.72 
469	0	 4	 0	Col	26	 1	205 	 461 	 4.61 

470	0	 4	 0	Row	192	 2	198 	 710 	 7.1 
470	0	 4	 0	Col	192	 2	189 	 701 	 7.01 

471	0	 4	 0	Row	249	 2	28 	 540 	 5.4 
471	0	 4	 0	Col	249	 2	15 	 527 	 5.27 

472	0	 4	 0	Row	148	 1	121 	 377 	 3.77 
472	0	 4	 0	Col	148	 1	112 	 368 	 3.68 

473	0	 4	 0	Row	28	 1	120 	 376 	 3.76 
473	0	 4	 0	Col	28	 1	109 	 365 	 3.65 

474	0	 4	 0	Row	11	 1	142 	 398 	 3.98 
474	0	 4	 0	Col	11	 1	132 	 388 	 3.88 

475	0	 4	 0	Row	115	 0	58 	 58 	 0.58 
475	0	 4	 0	Col	115	 0	47 	 47 	 0.47 

476	0	 4	 0	Row	0	 2	102 	 614 	 6.14 
476	0	 4	 0	Col	0	 2	83 	 595 	 5.95 

477	0	 4	 0	Row	61	 2	31 	 543 	 5.43 
477	0	 [0;31;40m2[0m	 31	Row	4	 0	61 	 61 	 0.61 
477	0	 [0;31;40m2[0m	 20	Row	61	 13	61 	 3389 	 33.89 

478	0	 4	 0	Row	105	 2	144 	 656 	 6.56 
478	0	 4	 0	Col	105	 2	126 	 638 	 6.38 

479	0	 4	 0	Row	169	 1	127 	 383 	 3.83 
479	0	 4	 0	Col	169	 1	117 	 373 	 3.73 

480	0	 4	 0	Row	206	 3	196 	 964 	 9.64 
480	0	 4	 0	Col	206	 3	171 	 939 	 9.39 

481	0	 4	 0	Row	16	 0	149 	 149 	 1.49 
481	0	 4	 0	Col	16	 0	137 	 137 	 1.37 

482	0	 4	 0	Row	176	 2	33 	 545 	 5.45 
482	0	 4	 0	Col	176	 2	24 	 536 	 5.36 

483	0	 4	 0	Row	168	 3	163 	 931 	 9.31 
483	0	 4	 0	Col	168	 3	141 	 909 	 9.09 

484	0	 4	 0	Row	130	 3	56 	 824 	 8.24 
484	0	 4	 0	Col	133	 2	225 	 737 	 7.37 

485	0	 4	 0	Row	109	 2	119 	 631 	 6.31 
485	0	 4	 0	Col	109	 2	104 	 616 	 6.16 

486	0	 4	 0	Row	115	 0	81 	 81 	 0.81 
486	0	 4	 0	Col	115	 0	70 	 70 	 0.7 

487	0	 4	 0	Row	195	 3	44 	 812 	 8.12 
487	0	 4	 0	Col	195	 3	5 	 773 	 7.73 

488	0	 4	 0	Row	178	 1	83 	 339 	 3.39 
488	0	 4	 0	Col	178	 1	73 	 329 	 3.29 

489	0	 4	 0	Row	182	 1	112 	 368 	 3.68 
489	0	 4	 0	Col	182	 1	104 	 360 	 3.6 

490	0	 4	 0	Row	15	 0	144 	 144 	 1.44 
490	0	 4	 0	Col	15	 0	133 	 133 	 1.33 

491	0	 4	 0	Row	125	 3	78 	 846 	 8.46 
491	0	 4	 0	Col	125	 3	67 	 835 	 8.35 

492	0	 4	 0	Row	103	 2	104 	 616 	 6.16 
492	0	 4	 0	Col	103	 2	93 	 605 	 6.05 

493	0	 4	 0	Row	186	 1	59 	 315 	 3.15 
493	0	 4	 0	Col	187	 1	4 	 260 	 2.6 

494	0	 4	 0	Row	174	 1	72 	 328 	 3.28 
494	0	 4	 0	Col	174	 1	31 	 287 	 2.87 

495	0	 4	 0	Row	191	 0	210 	 210 	 2.1 
495	0	 4	 0	Col	191	 0	196 	 196 	 1.96 

496	0	 4	 0	Row	97	 0	211 	 211 	 2.11 
496	0	 4	 0	Col	97	 0	201 	 201 	 2.01 

497	0	 4	 0	Row	48	 2	141 	 653 	 6.53 
497	0	 4	 0	Col	48	 2	130 	 642 	 6.42 

498	0	 4	 0	Row	85	 2	59 	 571 	 5.71 
498	0	 4	 0	Col	85	 2	46 	 558 	 5.58 

499	0	 4	 0	Row	154	 3	145 	 913 	 9.13 
499	0	 4	 0	Col	154	 3	135 	 903 	 9.03 

500	0	 4	 0	Row	130	 0	86 	 86 	 0.86 
500	0	 4	 0	Col	130	 0	70 	 70 	 0.7 

501	0	 4	 0	Row	6	 2	159 	 671 	 6.71 
501	0	 4	 0	Col	6	 2	150 	 662 	 6.62 

502	0	 4	 0	Row	19	 1	73 	 329 	 3.29 
502	0	 4	 0	Col	19	 1	63 	 319 	 3.19 

503	0	 4	 0	Row	174	 1	129 	 385 	 3.85 
503	0	 4	 0	Col	174	 1	119 	 375 	 3.75 

504	0	 4	 0	Row	190	 0	180 	 180 	 1.8 
504	0	 4	 0	Col	190	 0	169 	 169 	 1.69 

505	0	 4	 0	Row	31	 1	179 	 435 	 4.35 
505	0	 4	 0	Col	31	 1	171 	 427 	 4.27 

506	0	 4	 0	Row	189	 4	231 	 1255 	 12.55 
506	0	 4	 0	Col	189	 4	221 	 1245 	 12.45 

507	0	 4	 0	Row	40	 4	213 	 1237 	 12.37 
507	0	 4	 0	Col	40	 4	183 	 1207 	 12.07 

508	0	 4	 0	Row	42	 1	116 	 372 	 3.72 
508	0	 4	 0	Col	42	 1	106 	 362 	 3.62 

509	0	 4	 0	Row	51	 0	74 	 74 	 0.74 
509	0	 4	 0	Col	51	 0	60 	 60 	 0.6 

510	0	 4	 0	Row	69	 2	147 	 659 	 6.59 
510	0	 4	 0	Col	69	 2	138 	 650 	 6.5 

511	0	 4	 0	Row	117	 4	147 	 1171 	 11.71 
511	0	 4	 0	Col	117	 4	100 	 1124 	 11.24 

512	0	 4	 0	Row	19	 0	123 	 123 	 1.23 
512	0	 4	 0	Col	19	 0	112 	 112 	 1.12 

513	0	 4	 0	Row	139	 3	155 	 923 	 9.23 
513	0	 4	 0	Col	139	 3	146 	 914 	 9.14 

514	0	 4	 0	Row	139	 1	21 	 277 	 2.77 
514	0	 4	 0	Col	139	 1	12 	 268 	 2.68 

515	0	 4	 0	Row	134	 2	231 	 743 	 7.43 
515	0	 4	 0	Col	134	 2	202 	 714 	 7.14 

516	0	 4	 0	Row	202	 0	51 	 51 	 0.51 
516	0	 4	 0	Col	202	 0	39 	 39 	 0.39 

517	0	 4	 0	Row	15	 3	245 	 1013 	 10.13 
517	0	 4	 0	Col	15	 3	225 	 993 	 9.93 

518	0	 4	 0	Row	81	 1	41 	 297 	 2.97 
518	0	 4	 0	Col	81	 1	28 	 284 	 2.84 

519	0	 4	 0	Row	94	 1	187 	 443 	 4.43 
519	0	 4	 0	Col	94	 1	178 	 434 	 4.34 

520	0	 4	 0	Row	241	 0	132 	 132 	 1.32 
520	0	 4	 0	Col	241	 0	117 	 117 	 1.17 

521	0	 4	 0	Row	175	 3	14 	 782 	 7.82 
521	0	 4	 0	Col	175	 3	5 	 773 	 7.73 

522	0	 4	 0	Row	75	 0	89 	 89 	 0.89 
522	0	 4	 0	Col	75	 0	76 	 76 	 0.76 

523	0	 4	 0	Row	21	 1	68 	 324 	 3.24 
523	0	 4	 0	Col	21	 1	54 	 310 	 3.1 

524	0	 4	 0	Row	208	 3	27 	 795 	 7.95 
524	0	 4	 0	Col	208	 3	17 	 785 	 7.85 

525	0	 4	 0	Row	208	 0	39 	 39 	 0.39 
525	0	 4	 0	Col	208	 0	28 	 28 	 0.28 

526	0	 4	 0	Row	44	 2	167 	 679 	 6.79 
526	0	 4	 0	Col	44	 2	155 	 667 	 6.67 

527	0	 4	 0	Row	237	 2	96 	 608 	 6.08 
527	0	 4	 0	Col	237	 2	53 	 565 	 5.65 

528	0	 4	 0	Row	72	 3	131 	 899 	 8.99 
528	0	 4	 0	Col	72	 3	122 	 890 	 8.9 

529	0	 4	 0	Row	186	 0	240 	 240 	 2.4 
529	0	 4	 0	Col	186	 0	229 	 229 	 2.29 

530	0	 4	 0	Row	69	 1	102 	 358 	 3.58 
530	0	 4	 0	Col	69	 1	91 	 347 	 3.47 

531	0	 4	 0	Row	180	 1	75 	 331 	 3.31 
531	0	 4	 0	Col	180	 1	62 	 318 	 3.18 

532	0	 4	 0	Row	43	 0	145 	 145 	 1.45 
532	0	 4	 0	Col	43	 0	126 	 126 	 1.26 

533	0	 4	 0	Row	73	 1	145 	 401 	 4.01 
533	0	 4	 0	Col	73	 1	136 	 392 	 3.92 

534	0	 4	 0	Row	23	 2	5 	 517 	 5.17 
534	0	 4	 0	Col	23	 1	248 	 504 	 5.04 

535	0	 4	 0	Row	121	 6	193 	 1729 	 17.29 
535	0	 4	 0	Col	121	 6	162 	 1698 	 16.98 

536	0	 4	 0	Row	149	 1	112 	 368 	 3.68 
536	0	 4	 0	Col	149	 1	93 	 349 	 3.49 

537	0	 4	 0	Row	30	 1	160 	 416 	 4.16 
537	0	 4	 0	Col	30	 1	148 	 404 	 4.04 

538	0	 4	 0	Row	188	 2	177 	 689 	 6.89 
538	0	 4	 0	Col	188	 2	164 	 676 	 6.76 

539	0	 4	 0	Row	233	 4	245 	 1269 	 12.69 
539	0	 4	 0	Col	233	 4	227 	 1251 	 12.51 

540	0	 4	 0	Row	153	 2	7 	 519 	 5.19 
540	0	 4	 0	Col	153	 1	239 	 495 	 4.95 

541	0	 4	 0	Row	233	 1	218 	 474 	 4.74 
541	0	 4	 0	Col	233	 1	209 	 465 	 4.65 

542	0	 4	 0	Row	233	 0	48 	 48 	 0.48 
542	0	 4	 0	Col	224	 0	35 	 35 	 0.35 

543	0	 4	 0	Row	181	 3	62 	 830 	 8.3 
543	0	 4	 0	Col	181	 3	50 	 818 	 8.18 

544	0	 4	 0	Row	119	 3	189 	 957 	 9.57 
544	0	 4	 0	Col	119	 3	178 	 946 	 9.46 

545	0	 4	 0	Row	142	 2	181 	 693 	 6.93 
545	0	 4	 0	Col	142	 2	167 	 679 	 6.79 

546	0	 4	 0	Row	119	 6	121 	 1657 	 16.57 
546	0	 4	 0	Col	119	 6	102 	 1638 	 16.38 

547	0	 4	 0	Row	146	 4	233 	 1257 	 12.57 
547	0	 4	 0	Col	146	 4	222 	 1246 	 12.46 

548	0	 4	 0	Row	179	 3	41 	 809 	 8.09 
548	0	 4	 0	Col	179	 3	24 	 792 	 7.92 

549	0	 4	 0	Row	62	 0	229 	 229 	 2.29 
549	0	 4	 0	Col	62	 0	186 	 186 	 1.86 

550	0	 4	 0	Row	179	 1	110 	 366 	 3.66 
550	0	 4	 0	Col	179	 1	97 	 353 	 3.53 

551	0	 4	 0	Row	138	 1	91 	 347 	 3.47 
551	0	 4	 0	Col	138	 1	82 	 338 	 3.38 

552	0	 4	 0	Row	60	 1	244 	 500 	 5.0 
552	0	 4	 0	Col	60	 1	230 	 486 	 4.86 

553	0	 4	 0	Row	87	 2	230 	 742 	 7.42 
553	0	 4	 0	Col	87	 2	219 	 731 	 7.31 

554	0	 4	 0	Row	245	 0	204 	 204 	 2.04 
554	0	 4	 0	Col	245	 0	185 	 185 	 1.85 

555	0	 4	 0	Row	65	 1	222 	 478 	 4.78 
555	0	 4	 0	Col	65	 1	213 	 469 	 4.69 

556	0	 4	 0	Row	65	 0	47 	 47 	 0.47 

557	0	 4	 0	Row	210	 3	43 	 811 	 8.11 
557	0	 4	 0	Col	210	 3	34 	 802 	 8.02 

558	0	 4	 0	Row	9	 2	153 	 665 	 6.65 
558	0	 4	 0	Col	9	 2	143 	 655 	 6.55 

559	0	 4	 0	Row	53	 2	114 	 626 	 6.26 
559	0	 4	 0	Col	53	 2	103 	 615 	 6.15 

560	0	 4	 0	Row	63	 1	126 	 382 	 3.82 
560	0	 4	 0	Col	63	 1	115 	 371 	 3.71 

561	0	 4	 0	Row	17	 0	74 	 74 	 0.74 
561	0	 4	 0	Col	63	 0	60 	 60 	 0.6 

562	0	 4	 0	Row	210	 3	224 	 992 	 9.92 
562	0	 4	 0	Col	210	 3	216 	 984 	 9.84 

563	0	 4	 0	Row	52	 2	32 	 544 	 5.44 
563	0	 4	 0	Col	52	 2	23 	 535 	 5.35 

564	0	 4	 0	Row	138	 3	97 	 865 	 8.65 
564	0	 4	 0	Col	138	 3	88 	 856 	 8.56 

565	0	 4	 0	Row	77	 3	123 	 891 	 8.91 
565	0	 4	 0	Col	77	 3	113 	 881 	 8.81 

566	0	 4	 0	Row	109	 5	96 	 1376 	 13.76 
566	0	 4	 0	Col	109	 5	72 	 1352 	 13.52 

567	0	 4	 0	Row	138	 0	68 	 68 	 0.68 
567	0	 4	 0	Col	138	 0	55 	 55 	 0.55 

568	0	 4	 0	Row	246	 2	217 	 729 	 7.29 
568	0	 4	 0	Col	246	 2	209 	 721 	 7.21 

569	0	 4	 0	Row	97	 0	132 	 132 	 1.32 
569	0	 4	 0	Col	97	 0	120 	 120 	 1.2 

570	0	 4	 0	Row	232	 0	239 	 239 	 2.39 
570	0	 4	 0	Col	232	 0	224 	 224 	 2.24 

571	0	 4	 0	Row	218	 1	91 	 347 	 3.47 
571	0	 4	 0	Col	218	 1	82 	 338 	 3.38 

572	0	 4	 0	Row	106	 1	204 	 460 	 4.6 
572	0	 4	 0	Col	106	 1	194 	 450 	 4.5 

573	0	 4	 0	Row	58	 1	78 	 334 	 3.34 
573	0	 4	 0	Col	58	 1	68 	 324 	 3.24 

574	0	 4	 0	Row	94	 0	243 	 243 	 2.43 
574	0	 4	 0	Col	94	 0	227 	 227 	 2.27 

575	0	 4	 0	Row	125	 1	74 	 330 	 3.3 
575	0	 4	 0	Col	125	 1	65 	 321 	 3.21 

576	0	 4	 0	Row	85	 1	134 	 390 	 3.9 
576	0	 4	 0	Col	84	 1	125 	 381 	 3.81 

577	0	 4	 0	Row	23	 1	152 	 408 	 4.08 
577	0	 4	 0	Col	23	 1	137 	 393 	 3.93 

578	0	 4	 0	Row	215	 1	205 	 461 	 4.61 
578	0	 4	 0	Col	215	 1	193 	 449 	 4.49 

579	0	 4	 0	Row	144	 0	211 	 211 	 2.11 
579	0	 4	 0	Col	144	 0	198 	 198 	 1.98 

580	0	 4	 0	Row	165	 3	33 	 801 	 8.01 
580	0	 4	 0	Col	165	 3	24 	 792 	 7.92 

581	0	 4	 0	Row	14	 2	56 	 568 	 5.68 
581	0	 4	 0	Col	14	 2	45 	 557 	 5.57 

582	0	 4	 0	Row	54	 0	142 	 142 	 1.42 
582	0	 4	 0	Col	54	 0	132 	 132 	 1.32 

583	0	 4	 0	Row	150	 0	107 	 107 	 1.07 
583	0	 4	 0	Col	150	 0	94 	 94 	 0.94 

584	0	 4	 0	Row	63	 2	73 	 585 	 5.85 
584	0	 4	 0	Col	63	 2	57 	 569 	 5.69 

585	0	 4	 0	Row	107	 0	230 	 230 	 2.3 
585	0	 4	 0	Col	107	 0	213 	 213 	 2.13 

586	0	 4	 0	Row	117	 2	161 	 673 	 6.73 
586	0	 4	 0	Col	117	 2	151 	 663 	 6.63 

587	0	 4	 0	Row	155	 1	192 	 448 	 4.48 
587	0	 4	 0	Col	155	 1	179 	 435 	 4.35 

588	0	 4	 0	Row	24	 4	25 	 1049 	 10.49 
588	0	 4	 0	Col	24	 4	5 	 1029 	 10.29 

589	0	 4	 0	Row	215	 1	186 	 442 	 4.42 
589	0	 4	 0	Col	215	 1	177 	 433 	 4.33 

590	0	 4	 0	Row	130	 1	111 	 367 	 3.67 
590	0	 4	 0	Col	130	 1	97 	 353 	 3.53 

591	0	 4	 0	Row	143	 0	241 	 241 	 2.41 
591	0	 4	 0	Col	143	 0	226 	 226 	 2.26 

592	0	 4	 0	Row	239	 2	143 	 655 	 6.55 
592	0	 4	 0	Col	239	 2	135 	 647 	 6.47 

593	0	 4	 0	Row	38	 1	175 	 431 	 4.31 
593	0	 4	 0	Col	38	 1	164 	 420 	 4.2 

594	0	 4	 0	Row	3	 2	51 	 563 	 5.63 
594	0	 4	 0	Col	3	 2	42 	 554 	 5.54 

595	0	 4	 0	Row	183	 1	102 	 358 	 3.58 
595	0	 4	 0	Col	183	 1	90 	 346 	 3.46 

596	0	 4	 0	Row	125	 1	211 	 467 	 4.67 
596	0	 4	 0	Col	125	 1	200 	 456 	 4.56 

597	0	 4	 0	Row	195	 0	230 	 230 	 2.3 
597	0	 4	 0	Col	195	 0	216 	 216 	 2.16 

598	0	 4	 0	Row	24	 2	215 	 727 	 7.27 
598	0	 4	 0	Col	24	 2	203 	 715 	 7.15 

599	0	 4	 0	Row	184	 2	95 	 607 	 6.07 
599	0	 4	 0	Col	184	 2	85 	 597 	 5.97 

600	0	 4	 0	Row	172	 1	192 	 448 	 4.48 
600	0	 4	 0	Col	172	 1	182 	 438 	 4.38 

601	0	 4	 0	Row	122	 0	140 	 140 	 1.4 
601	0	 4	 0	Col	122	 0	130 	 130 	 1.3 

602	0	 4	 0	Row	109	 1	169 	 425 	 4.25 
602	0	 4	 0	Col	109	 1	156 	 412 	 4.12 

603	0	 4	 0	Row	89	 2	102 	 614 	 6.14 
603	0	 4	 0	Col	89	 2	94 	 606 	 6.06 

604	0	 4	 0	Row	52	 3	193 	 961 	 9.61 
604	0	 4	 0	Col	52	 3	181 	 949 	 9.49 

605	0	 4	 0	Row	56	 3	24 	 792 	 7.92 
605	0	 4	 0	Col	56	 3	12 	 780 	 7.8 

606	0	 4	 0	Row	6	 3	38 	 806 	 8.06 
606	0	 4	 0	Col	6	 3	16 	 784 	 7.84 

607	0	 4	 0	Row	191	 3	217 	 985 	 9.85 
607	0	 4	 0	Col	191	 3	204 	 972 	 9.72 

608	0	 4	 0	Row	90	 1	160 	 416 	 4.16 
608	0	 4	 0	Col	90	 1	152 	 408 	 4.08 

609	0	 4	 0	Row	140	 3	231 	 999 	 9.99 
609	0	 4	 0	Col	140	 3	220 	 988 	 9.88 

610	0	 4	 0	Row	65	 3	84 	 852 	 8.52 
610	0	 4	 0	Col	65	 3	67 	 835 	 8.35 

611	0	 4	 0	Row	88	 2	39 	 551 	 5.51 
611	0	 4	 0	Col	88	 2	31 	 543 	 5.43 

612	0	 4	 0	Row	124	 1	116 	 372 	 3.72 
612	0	 4	 0	Col	124	 1	101 	 357 	 3.57 

613	0	 4	 0	Row	173	 0	78 	 78 	 0.78 
613	0	 4	 0	Col	173	 0	66 	 66 	 0.66 

614	0	 4	 0	Row	51	 1	10 	 266 	 2.66 
614	0	 4	 0	Col	51	 0	255 	 255 	 2.55 

615	0	 4	 0	Row	160	 1	181 	 437 	 4.37 
615	0	 4	 0	Col	160	 1	168 	 424 	 4.24 

616	0	 4	 0	Row	201	 1	184 	 440 	 4.4 
616	0	 4	 0	Col	201	 1	174 	 430 	 4.3 

617	0	 4	 0	Row	122	 2	9 	 521 	 5.21 
617	0	 4	 0	Col	122	 1	255 	 511 	 5.11 

618	0	 4	 0	Row	128	 3	86 	 854 	 8.54 
618	0	 4	 0	Col	128	 3	76 	 844 	 8.44 

619	0	 4	 0	Row	87	 1	95 	 351 	 3.51 
619	0	 4	 0	Col	87	 1	86 	 342 	 3.42 

620	0	 4	 0	Row	157	 2	114 	 626 	 6.26 
620	0	 4	 0	Col	157	 2	103 	 615 	 6.15 

621	0	 4	 0	Row	110	 2	124 	 636 	 6.36 
621	0	 4	 0	Col	110	 2	113 	 625 	 6.25 

622	0	 4	 0	Row	103	 1	12 	 268 	 2.68 
622	0	 4	 0	Col	103	 1	2 	 258 	 2.58 

623	0	 4	 0	Row	183	 4	109 	 1133 	 11.33 
623	0	 4	 0	Col	183	 4	99 	 1123 	 11.23 

624	0	 4	 0	Row	55	 2	11 	 523 	 5.23 
624	0	 4	 0	Col	55	 1	255 	 511 	 5.11 

625	0	 4	 0	Row	201	 2	72 	 584 	 5.84 
625	0	 4	 0	Col	201	 2	62 	 574 	 5.74 

626	0	 4	 0	Row	148	 2	32 	 544 	 5.44 
626	0	 4	 0	Col	148	 2	24 	 536 	 5.36 

627	0	 4	 0	Row	170	 1	83 	 339 	 3.39 
627	0	 4	 0	Col	170	 1	74 	 330 	 3.3 

628	0	 4	 0	Row	71	 1	227 	 483 	 4.83 
628	0	 4	 0	Col	71	 1	216 	 472 	 4.72 

629	0	 4	 0	Row	124	 0	161 	 161 	 1.61 
629	0	 4	 0	Col	124	 0	151 	 151 	 1.51 

630	0	 4	 0	Row	19	 2	0 	 512 	 5.12 
630	0	 4	 0	Col	19	 1	244 	 500 	 5.0 

631	0	 4	 0	Row	72	 2	138 	 650 	 6.5 
631	0	 4	 0	Col	72	 2	130 	 642 	 6.42 

632	0	 4	 0	Row	72	 0	13 	 13 	 0.13 

633	0	 4	 0	Row	134	 2	55 	 567 	 5.67 
633	0	 4	 0	Col	134	 2	46 	 558 	 5.58 

634	0	 4	 0	Row	221	 3	198 	 966 	 9.66 
634	0	 4	 0	Col	221	 3	187 	 955 	 9.55 

635	0	 4	 0	Row	128	 0	132 	 132 	 1.32 
635	0	 4	 0	Col	128	 0	118 	 118 	 1.18 

636	0	 4	 0	Row	166	 0	162 	 162 	 1.62 
636	0	 4	 0	Col	166	 0	151 	 151 	 1.51 

637	0	 4	 0	Row	69	 2	135 	 647 	 6.47 
637	0	 4	 0	Col	69	 2	124 	 636 	 6.36 

638	0	 4	 0	Row	150	 0	52 	 52 	 0.52 
638	0	 4	 0	Col	69	 0	38 	 38 	 0.38 

639	0	 4	 0	Row	175	 1	170 	 426 	 4.26 
639	0	 4	 0	Col	175	 1	159 	 415 	 4.15 

640	0	 4	 0	Row	100	 1	201 	 457 	 4.57 
640	0	 4	 0	Col	100	 1	190 	 446 	 4.46 

641	0	 4	 0	Row	98	 0	113 	 113 	 1.13 
641	0	 4	 0	Col	98	 0	104 	 104 	 1.04 

642	0	 4	 0	Row	149	 0	244 	 244 	 2.44 
642	0	 4	 0	Col	149	 0	231 	 231 	 2.31 

643	0	 4	 0	Row	149	 0	54 	 54 	 0.54 
643	0	 4	 0	Col	149	 0	37 	 37 	 0.37 

644	0	 4	 0	Row	203	 2	27 	 539 	 5.39 
644	0	 4	 0	Col	203	 2	15 	 527 	 5.27 

645	0	 4	 0	Row	2	 0	145 	 145 	 1.45 
645	0	 4	 0	Col	2	 0	133 	 133 	 1.33 

646	0	 4	 0	Row	16	 4	28 	 1052 	 10.52 
646	0	 4	 0	Col	16	 4	20 	 1044 	 10.44 

647	0	 4	 0	Row	48	 1	211 	 467 	 4.67 
647	0	 4	 0	Col	48	 1	198 	 454 	 4.54 

648	0	 4	 0	Row	41	 1	234 	 490 	 4.9 
648	0	 4	 0	Col	41	 1	222 	 478 	 4.78 

649	0	 4	 0	Row	27	 2	25 	 537 	 5.37 
649	0	 4	 0	Col	27	 2	16 	 528 	 5.28 

650	0	 4	 0	Row	123	 1	104 	 360 	 3.6 
650	0	 4	 0	Col	123	 1	91 	 347 	 3.47 

651	0	 4	 0	Row	175	 0	149 	 149 	 1.49 
651	0	 4	 0	Col	175	 0	137 	 137 	 1.37 

652	0	 4	 0	Row	57	 1	170 	 426 	 4.26 
652	0	 4	 0	Col	57	 1	158 	 414 	 4.14 

653	0	 4	 0	Row	230	 4	52 	 1076 	 10.76 
653	0	 4	 0	Col	230	 4	26 	 1050 	 10.5 

654	0	 4	 0	Row	40	 2	147 	 659 	 6.59 
654	0	 4	 0	Col	40	 2	137 	 649 	 6.49 

655	0	 4	 0	Row	76	 1	145 	 401 	 4.01 
655	0	 4	 0	Col	76	 1	133 	 389 	 3.89 

656	0	 4	 0	Row	94	 3	26 	 794 	 7.94 
656	0	 4	 0	Col	94	 3	17 	 785 	 7.85 

657	0	 4	 0	Row	94	 0	28 	 28 	 0.28 

658	0	 4	 0	Row	171	 0	42 	 42 	 0.42 

659	0	 4	 0	Row	213	 3	148 	 916 	 9.16 
659	0	 4	 0	Col	213	 3	137 	 905 	 9.05 

660	0	 4	 0	Row	34	 0	73 	 73 	 0.73 
660	0	 4	 0	Col	34	 0	62 	 62 	 0.62 

661	0	 4	 0	Row	246	 0	100 	 100 	 1.0 
661	0	 4	 0	Col	246	 0	91 	 91 	 0.91 

662	0	 4	 0	Row	130	 3	118 	 886 	 8.86 
662	0	 4	 0	Col	130	 3	109 	 877 	 8.77 

663	0	 4	 0	Row	184	 2	3 	 515 	 5.15 
663	0	 4	 0	Col	184	 1	248 	 504 	 5.04 

664	0	 4	 0	Row	236	 1	114 	 370 	 3.7 
664	0	 4	 0	Col	236	 1	96 	 352 	 3.52 

665	0	 4	 0	Row	226	 2	16 	 528 	 5.28 
665	0	 4	 0	Col	226	 2	6 	 518 	 5.18 

666	0	 4	 0	Row	120	 1	171 	 427 	 4.27 
666	0	 4	 0	Col	120	 1	161 	 417 	 4.17 

667	0	 4	 0	Row	157	 1	237 	 493 	 4.93 
667	0	 4	 0	Col	157	 1	228 	 484 	 4.84 

668	0	 4	 0	Row	30	 1	144 	 400 	 4.0 
668	0	 4	 0	Col	30	 1	135 	 391 	 3.91 

669	0	 4	 0	Row	169	 0	157 	 157 	 1.57 
669	0	 4	 0	Col	169	 0	146 	 146 	 1.46 

670	0	 4	 0	Row	7	 2	89 	 601 	 6.01 
670	0	 4	 0	Col	7	 2	80 	 592 	 5.92 

671	0	 4	 0	Row	106	 2	146 	 658 	 6.58 
671	0	 4	 0	Col	106	 2	134 	 646 	 6.46 

672	0	 4	 0	Row	82	 0	175 	 175 	 1.75 
672	0	 4	 0	Col	82	 0	164 	 164 	 1.64 

673	0	 4	 0	Row	217	 0	234 	 234 	 2.34 
673	0	 4	 0	Col	217	 0	224 	 224 	 2.24 

674	0	 4	 0	Row	27	 1	191 	 447 	 4.47 
674	0	 4	 0	Col	27	 1	182 	 438 	 4.38 

675	0	 4	 0	Row	73	 2	134 	 646 	 6.46 
675	0	 4	 0	Col	73	 2	125 	 637 	 6.37 

676	0	 4	 0	Row	24	 2	148 	 660 	 6.6 
676	0	 4	 0	Col	24	 2	139 	 651 	 6.51 

677	0	 4	 0	Row	23	 1	221 	 477 	 4.77 
677	0	 4	 0	Col	22	 1	211 	 467 	 4.67 

678	0	 4	 0	Row	153	 2	70 	 582 	 5.82 
678	0	 4	 0	Col	153	 2	55 	 567 	 5.67 

679	0	 4	 0	Row	192	 1	219 	 475 	 4.75 
679	0	 4	 0	Col	192	 1	209 	 465 	 4.65 

680	0	 4	 0	Row	41	 1	27 	 283 	 2.83 
680	0	 4	 0	Col	41	 1	16 	 272 	 2.72 

681	0	 4	 0	Row	217	 1	76 	 332 	 3.32 
681	0	 4	 0	Col	217	 1	65 	 321 	 3.21 

682	0	 4	 0	Row	219	 8	157 	 2205 	 22.05 
682	0	 4	 0	Col	219	 8	119 	 2167 	 21.67 

683	0	 4	 0	Row	166	 5	23 	 1303 	 13.03 
683	0	 4	 0	Col	166	 4	240 	 1264 	 12.64 

684	0	 4	 0	Row	95	 2	250 	 762 	 7.62 
684	0	 4	 0	Col	95	 2	238 	 750 	 7.5 

685	0	 4	 0	Row	95	 0	33 	 33 	 0.33 

686	0	 4	 0	Row	18	 2	9 	 521 	 5.21 
686	0	 4	 0	Col	18	 2	0 	 512 	 5.12 

687	0	 4	 0	Row	105	 0	106 	 106 	 1.06 
687	0	 4	 0	Col	18	 0	70 	 70 	 0.7 

688	0	 4	 0	Row	243	 2	209 	 721 	 7.21 
688	0	 4	 0	Col	243	 2	200 	 712 	 7.12 

689	0	 4	 0	Row	222	 0	128 	 128 	 1.28 
689	0	 4	 0	Col	222	 0	114 	 114 	 1.14 

690	0	 4	 0	Row	98	 0	155 	 155 	 1.55 
690	0	 4	 0	Col	98	 0	138 	 138 	 1.38 

691	0	 4	 0	Row	180	 0	207 	 207 	 2.07 
691	0	 4	 0	Col	180	 0	198 	 198 	 1.98 

692	0	 4	 0	Row	128	 2	119 	 631 	 6.31 
692	0	 4	 0	Col	128	 2	111 	 623 	 6.23 

693	0	 4	 0	Row	3	 1	223 	 479 	 4.79 
693	0	 4	 0	Col	3	 1	214 	 470 	 4.7 

694	0	 4	 0	Row	3	 0	34 	 34 	 0.34 
694	0	 4	 0	Col	3	 0	22 	 22 	 0.22 

695	0	 4	 0	Row	208	 2	88 	 600 	 6.0 
695	0	 4	 0	Col	208	 2	77 	 589 	 5.89 

696	0	 4	 0	Row	122	 2	104 	 616 	 6.16 
696	0	 4	 0	Col	122	 2	94 	 606 	 6.06 

697	0	 4	 0	Row	85	 1	46 	 302 	 3.02 
697	0	 4	 0	Col	85	 1	24 	 280 	 2.8 

698	0	 4	 0	Row	167	 0	217 	 217 	 2.17 
698	0	 4	 0	Col	167	 0	130 	 130 	 1.3 

699	0	 4	 0	Row	11	 3	102 	 870 	 8.7 
699	0	 4	 0	Col	11	 3	79 	 847 	 8.47 

700	0	 4	 0	Row	150	 1	206 	 462 	 4.62 
700	0	 4	 0	Col	150	 1	195 	 451 	 4.51 

701	0	 4	 0	Row	108	 1	33 	 289 	 2.89 
701	0	 4	 0	Col	108	 1	23 	 279 	 2.79 

702	0	 4	 0	Row	207	 2	86 	 598 	 5.98 
702	0	 4	 0	Col	207	 2	76 	 588 	 5.88 

703	0	 4	 0	Row	7	 2	238 	 750 	 7.5 
703	0	 4	 0	Col	7	 2	226 	 738 	 7.38 

704	0	 4	 0	Row	100	 0	184 	 184 	 1.84 
704	0	 4	 0	Col	100	 0	161 	 161 	 1.61 

705	0	 4	 0	Row	127	 3	232 	 1000 	 10.0 
705	0	 4	 0	Col	127	 3	221 	 989 	 9.89 

706	0	 4	 0	Row	108	 0	129 	 129 	 1.29 
706	0	 4	 0	Col	108	 0	118 	 118 	 1.18 

707	0	 4	 0	Row	173	 1	107 	 363 	 3.63 
707	0	 4	 0	Col	173	 1	98 	 354 	 3.54 

708	0	 4	 0	Row	105	 3	28 	 796 	 7.96 
708	0	 4	 0	Col	105	 3	18 	 786 	 7.86 

709	0	 4	 0	Row	95	 2	230 	 742 	 7.42 
709	0	 4	 0	Col	95	 2	199 	 711 	 7.11 

710	0	 4	 0	Row	21	 3	225 	 993 	 9.93 
710	0	 4	 0	Col	21	 3	218 	 986 	 9.86 

711	0	 4	 0	Row	244	 1	205 	 461 	 4.61 
711	0	 4	 0	Col	244	 1	194 	 450 	 4.5 

712	0	 4	 0	Row	95	 1	207 	 463 	 4.63 
712	0	 4	 0	Col	95	 1	197 	 453 	 4.53 

713	0	 4	 0	Row	90	 1	7 	 263 	 2.63 
713	0	 4	 0	Col	91	 0	244 	 244 	 2.44 

714	0	 4	 0	Row	1	 2	26 	 538 	 5.38 
714	0	 4	 0	Col	1	 2	17 	 529 	 5.29 

715	0	 4	 0	Row	255	 2	148 	 660 	 6.6 
715	0	 4	 0	Col	255	 2	117 	 629 	 6.29 

716	0	 4	 0	Row	53	 0	162 	 162 	 1.62 
716	0	 4	 0	Col	53	 0	143 	 143 	 1.43 

717	0	 4	 0	Row	112	 2	206 	 718 	 7.18 
717	0	 4	 0	Col	112	 2	198 	 710 	 7.1 

718	0	 4	 0	Row	220	 4	21 	 1045 	 10.45 
718	0	 4	 0	Col	220	 4	7 	 1031 	 10.31 

719	0	 4	 0	Row	118	 0	215 	 215 	 2.15 
719	0	 4	 0	Col	118	 0	198 	 198 	 1.98 

720	0	 4	 0	Row	87	 3	107 	 875 	 8.75 
720	0	 4	 0	Col	87	 3	94 	 862 	 8.62 

721	0	 4	 0	Row	89	 1	131 	 387 	 3.87 
721	0	 4	 0	Col	89	 1	122 	 378 	 3.78 

722	0	 4	 0	Row	222	 1	78 	 334 	 3.34 
722	0	 4	 0	Col	222	 1	68 	 324 	 3.24 

723	0	 4	 0	Row	44	 0	205 	 205 	 2.05 
723	0	 4	 0	Col	44	 0	196 	 196 	 1.96 

724	0	 4	 0	Row	143	 3	155 	 923 	 9.23 
724	0	 4	 0	Col	143	 3	145 	 913 	 9.13 

725	0	 4	 0	Row	233	 4	158 	 1182 	 11.82 
725	0	 4	 0	Col	233	 4	140 	 1164 	 11.64 

726	0	 4	 0	Row	225	 2	16 	 528 	 5.28 
726	0	 4	 0	Col	225	 2	6 	 518 	 5.18 

727	0	 4	 0	Row	146	 1	17 	 273 	 2.73 
727	0	 4	 0	Col	146	 1	7 	 263 	 2.63 

728	0	 4	 0	Row	236	 1	46 	 302 	 3.02 
728	0	 4	 0	Col	236	 1	35 	 291 	 2.91 

729	0	 4	 0	Row	18	 1	115 	 371 	 3.71 
729	0	 4	 0	Col	18	 1	93 	 349 	 3.49 

730	0	 4	 0	Row	82	 1	194 	 450 	 4.5 
730	0	 4	 0	Col	82	 1	185 	 441 	 4.41 

731	0	 4	 0	Row	72	 4	64 	 1088 	 10.88 
731	0	 4	 0	Col	72	 4	41 	 1065 	 10.65 

732	0	 4	 0	Row	161	 3	162 	 930 	 9.3 
732	0	 4	 0	Col	161	 3	152 	 920 	 9.2 

733	0	 4	 0	Row	251	 1	243 	 499 	 4.99 
733	0	 4	 0	Col	251	 1	233 	 489 	 4.89 

734	0	 4	 0	Row	115	 3	183 	 951 	 9.51 
734	0	 4	 0	Col	115	 3	171 	 939 	 9.39 

735	0	 4	 0	Row	147	 1	213 	 469 	 4.69 
735	0	 4	 0	Col	147	 1	204 	 460 	 4.6 

736	0	 4	 0	Row	230	 2	27 	 539 	 5.39 
736	0	 4	 0	Col	230	 2	13 	 525 	 5.25 

737	0	 4	 0	Row	62	 2	162 	 674 	 6.74 
737	0	 4	 0	Col	62	 2	154 	 666 	 6.66 

738	0	 4	 0	Row	92	 6	170 	 1706 	 17.06 
738	0	 4	 0	Col	92	 6	149 	 1685 	 16.85 

739	0	 4	 0	Row	183	 2	248 	 760 	 7.6 
739	0	 4	 0	Col	183	 2	240 	 752 	 7.52 

740	0	 4	 0	Row	160	 1	12 	 268 	 2.68 
740	0	 4	 0	Col	160	 1	3 	 259 	 2.59 

741	0	 4	 0	Row	14	 1	90 	 346 	 3.46 
741	0	 4	 0	Col	14	 1	79 	 335 	 3.35 

742	0	 4	 0	Row	204	 0	220 	 220 	 2.2 
742	0	 4	 0	Col	204	 0	206 	 206 	 2.06 

743	0	 4	 0	Row	59	 1	114 	 370 	 3.7 
743	0	 4	 0	Col	59	 1	104 	 360 	 3.6 

744	0	 4	 0	Row	59	 1	116 	 372 	 3.72 
744	0	 4	 0	Col	59	 1	100 	 356 	 3.56 

745	0	 4	 0	Row	131	 1	153 	 409 	 4.09 
745	0	 4	 0	Col	131	 1	140 	 396 	 3.96 

746	0	 4	 0	Row	63	 2	124 	 636 	 6.36 
746	0	 4	 0	Col	63	 2	115 	 627 	 6.27 

747	0	 4	 0	Row	173	 2	99 	 611 	 6.11 
747	0	 4	 0	Col	173	 2	90 	 602 	 6.02 

748	0	 4	 0	Row	42	 4	208 	 1232 	 12.32 
748	0	 4	 0	Col	42	 4	175 	 1199 	 11.99 

749	0	 4	 0	Row	6	 1	102 	 358 	 3.58 
749	0	 4	 0	Col	6	 1	92 	 348 	 3.48 

750	0	 4	 0	Row	28	 0	219 	 219 	 2.19 
750	0	 4	 0	Col	29	 0	162 	 162 	 1.62 

751	0	 4	 0	Row	155	 5	152 	 1432 	 14.32 
751	0	 4	 0	Col	155	 5	117 	 1397 	 13.97 

752	0	 4	 0	Row	121	 0	231 	 231 	 2.31 
752	0	 4	 0	Col	121	 0	221 	 221 	 2.21 

753	0	 4	 0	Row	37	 2	3 	 515 	 5.15 
753	0	 4	 0	Col	37	 1	245 	 501 	 5.01 

754	0	 4	 0	Row	60	 0	154 	 154 	 1.54 
754	0	 4	 0	Col	59	 0	142 	 142 	 1.42 

755	0	 4	 0	Row	60	 0	48 	 48 	 0.48 
755	0	 4	 0	Col	59	 0	33 	 33 	 0.33 

756	0	 4	 0	Row	198	 0	154 	 154 	 1.54 
756	0	 4	 0	Col	198	 0	140 	 140 	 1.4 

757	0	 4	 0	Row	230	 1	249 	 505 	 5.05 
757	0	 4	 0	Col	230	 1	237 	 493 	 4.93 

758	0	 4	 0	Row	170	 2	116 	 628 	 6.28 
758	0	 4	 0	Col	170	 2	103 	 615 	 6.15 

759	0	 4	 0	Row	70	 1	202 	 458 	 4.58 
759	0	 4	 0	Col	70	 1	194 	 450 	 4.5 

760	0	 4	 0	Row	249	 2	122 	 634 	 6.34 
760	0	 4	 0	Col	249	 2	110 	 622 	 6.22 

761	0	 4	 0	Row	144	 2	41 	 553 	 5.53 
761	0	 4	 0	Col	144	 2	11 	 523 	 5.23 

762	0	 4	 0	Row	72	 3	48 	 816 	 8.16 
762	0	 4	 0	Col	72	 3	38 	 806 	 8.06 

763	0	 4	 0	Row	151	 1	109 	 365 	 3.65 
763	0	 4	 0	Col	151	 1	99 	 355 	 3.55 

764	0	 4	 0	Row	182	 2	24 	 536 	 5.36 
764	0	 4	 0	Col	182	 2	13 	 525 	 5.25 

765	0	 4	 0	Row	247	 2	181 	 693 	 6.93 
765	0	 4	 0	Col	247	 2	170 	 682 	 6.82 

766	0	 4	 0	Row	5	 2	18 	 530 	 5.3 
766	0	 4	 0	Col	5	 2	9 	 521 	 5.21 

767	0	 4	 0	Row	99	 1	57 	 313 	 3.13 
767	0	 4	 0	Col	99	 1	48 	 304 	 3.04 

768	0	 4	 0	Row	2	 4	192 	 1216 	 12.16 
768	0	 4	 0	Col	2	 4	161 	 1185 	 11.85 

769	0	 4	 0	Row	231	 2	141 	 653 	 6.53 
769	0	 4	 0	Col	231	 2	132 	 644 	 6.44 

770	0	 4	 0	Row	116	 0	65 	 65 	 0.65 
770	0	 4	 0	Col	231	 0	55 	 55 	 0.55 

771	0	 4	 0	Row	162	 2	230 	 742 	 7.42 
771	0	 4	 0	Col	162	 2	221 	 733 	 7.33 

772	0	 4	 0	Row	141	 3	95 	 863 	 8.63 
772	0	 4	 0	Col	141	 3	85 	 853 	 8.53 

773	0	 4	 0	Row	179	 2	228 	 740 	 7.4 
773	0	 4	 0	Col	179	 2	216 	 728 	 7.28 

774	0	 4	 0	Row	200	 3	19 	 787 	 7.87 
774	0	 4	 0	Col	200	 3	10 	 778 	 7.78 

775	0	 4	 0	Row	150	 1	33 	 289 	 2.89 
775	0	 4	 0	Col	150	 1	21 	 277 	 2.77 

776	0	 4	 0	Row	207	 1	179 	 435 	 4.35 
776	0	 4	 0	Col	207	 1	172 	 428 	 4.28 

777	0	 4	 0	Row	69	 2	179 	 691 	 6.91 
777	0	 4	 0	Col	69	 2	169 	 681 	 6.81 

778	0	 4	 0	Row	42	 1	191 	 447 	 4.47 
778	0	 4	 0	Col	42	 1	181 	 437 	 4.37 

779	0	 4	 0	Row	55	 0	80 	 80 	 0.8 
779	0	 4	 0	Col	42	 0	20 	 20 	 0.2 

780	0	 4	 0	Row	55	 2	38 	 550 	 5.5 
780	0	 4	 0	Col	66	 2	27 	 539 	 5.39 

781	0	 4	 0	Row	172	 5	198 	 1478 	 14.78 
781	0	 4	 0	Col	172	 5	179 	 1459 	 14.59 

782	0	 4	 0	Row	226	 1	247 	 503 	 5.03 
782	0	 4	 0	Col	226	 1	237 	 493 	 4.93 

783	0	 4	 0	Row	254	 0	75 	 75 	 0.75 
783	0	 4	 0	Col	226	 0	53 	 53 	 0.53 

784	0	 4	 0	Row	3	 1	72 	 328 	 3.28 
784	0	 4	 0	Col	3	 1	60 	 316 	 3.16 

785	0	 4	 0	Row	70	 1	174 	 430 	 4.3 
785	0	 4	 0	Col	70	 1	165 	 421 	 4.21 

786	0	 4	 0	Row	109	 2	161 	 673 	 6.73 
786	0	 4	 0	Col	109	 2	152 	 664 	 6.64 

787	0	 4	 0	Row	23	 2	76 	 588 	 5.88 
787	0	 4	 0	Col	23	 2	66 	 578 	 5.78 

788	0	 4	 0	Row	135	 1	159 	 415 	 4.15 
788	0	 4	 0	Col	135	 1	151 	 407 	 4.07 

789	0	 4	 0	Row	28	 1	167 	 423 	 4.23 
789	0	 4	 0	Col	28	 1	159 	 415 	 4.15 

790	0	 4	 0	Row	92	 2	200 	 712 	 7.12 
790	0	 4	 0	Col	92	 2	190 	 702 	 7.02 

791	0	 4	 0	Row	187	 3	143 	 911 	 9.11 
791	0	 4	 0	Col	187	 3	133 	 901 	 9.01 

792	0	 4	 0	Row	195	 2	12 	 524 	 5.24 
792	0	 4	 0	Col	195	 1	235 	 491 	 4.91 

793	0	 4	 0	Row	56	 3	182 	 950 	 9.5 
793	0	 4	 0	Col	56	 3	173 	 941 	 9.41 

794	0	 4	 0	Row	232	 3	30 	 798 	 7.98 
794	0	 4	 0	Col	232	 3	21 	 789 	 7.89 

795	0	 4	 0	Row	139	 4	204 	 1228 	 12.28 
795	0	 4	 0	Col	139	 4	197 	 1221 	 12.21 

796	0	 4	 0	Row	165	 4	76 	 1100 	 11.0 
796	0	 4	 0	Col	165	 4	67 	 1091 	 10.91 

797	0	 4	 0	Row	96	 1	101 	 357 	 3.57 
797	0	 4	 0	Col	96	 1	91 	 347 	 3.47 

798	0	 4	 0	Row	33	 2	6 	 518 	 5.18 
798	0	 4	 0	Col	33	 1	253 	 509 	 5.09 

799	0	 4	 0	Row	14	 3	193 	 961 	 9.61 
799	0	 4	 0	Col	14	 3	171 	 939 	 9.39 

800	0	 4	 0	Row	193	 0	64 	 64 	 0.64 
800	0	 4	 0	Col	193	 0	52 	 52 	 0.52 

801	0	 4	 0	Row	83	 4	169 	 1193 	 11.93 
801	0	 4	 0	Col	83	 4	160 	 1184 	 11.84 

802	0	 4	 0	Row	151	 1	159 	 415 	 4.15 
802	0	 4	 0	Col	153	 1	95 	 351 	 3.51 

803	0	 4	 0	Row	109	 3	13 	 781 	 7.81 
803	0	 4	 0	Col	109	 3	4 	 772 	 7.72 

804	0	 4	 0	Row	181	 3	179 	 947 	 9.47 
804	0	 4	 0	Col	181	 3	170 	 938 	 9.38 

805	0	 4	 0	Row	47	 1	98 	 354 	 3.54 
805	0	 4	 0	Col	47	 1	88 	 344 	 3.44 

806	0	 4	 0	Row	61	 0	65 	 65 	 0.65 
806	0	 [0;31;40m0[0m	 1	Row	4	 0	61 	 61 	 0.61 
806	0	 [0;31;40m0[0m	 54	Row	61	 13	61 	 3389 	 33.89 

807	0	 4	 0	Row	255	 3	167 	 935 	 9.35 
807	0	 4	 0	Col	255	 3	158 	 926 	 9.26 

808	0	 4	 0	Row	232	 2	171 	 683 	 6.83 
808	0	 4	 0	Col	232	 2	161 	 673 	 6.73 

809	0	 4	 0	Row	42	 1	167 	 423 	 4.23 
809	0	 4	 0	Col	42	 1	158 	 414 	 4.14 

810	0	 4	 0	Row	250	 1	43 	 299 	 2.99 
810	0	 4	 0	Col	250	 0	170 	 170 	 1.7 

811	0	 4	 0	Row	28	 1	110 	 366 	 3.66 
811	0	 4	 0	Col	28	 1	98 	 354 	 3.54 

812	0	 4	 0	Row	62	 1	86 	 342 	 3.42 
812	0	 4	 0	Col	62	 1	59 	 315 	 3.15 

813	0	 4	 0	Row	25	 2	235 	 747 	 7.47 
813	0	 4	 0	Col	25	 2	227 	 739 	 7.39 

814	0	 4	 0	Row	38	 3	101 	 869 	 8.69 
814	0	 4	 0	Col	38	 3	92 	 860 	 8.6 

815	0	 4	 0	Row	251	 3	51 	 819 	 8.19 
815	0	 4	 0	Col	251	 3	42 	 810 	 8.1 

816	0	 4	 0	Row	162	 5	86 	 1366 	 13.66 
816	0	 4	 0	Col	162	 5	41 	 1321 	 13.21 

817	0	 4	 0	Row	162	 0	71 	 71 	 0.71 
817	0	 4	 0	Col	162	 0	57 	 57 	 0.57 

818	0	 4	 0	Row	174	 0	170 	 170 	 1.7 
818	0	 4	 0	Col	174	 0	161 	 161 	 1.61 

819	0	 4	 0	Row	238	 2	184 	 696 	 6.96 
819	0	 4	 0	Col	238	 2	176 	 688 	 6.88 

820	0	 4	 0	Row	129	 2	48 	 560 	 5.6 
820	0	 4	 0	Col	129	 2	39 	 551 	 5.51 

821	0	 4	 0	Row	45	 2	65 	 577 	 5.77 
821	0	 4	 0	Col	45	 2	57 	 569 	 5.69 

822	0	 4	 0	Row	234	 0	229 	 229 	 2.29 
822	0	 4	 0	Col	234	 0	219 	 219 	 2.19 

823	0	 4	 0	Row	71	 1	153 	 409 	 4.09 
823	0	 4	 0	Col	71	 1	143 	 399 	 3.99 

824	0	 4	 0	Row	48	 5	137 	 1417 	 14.17 
824	0	 4	 0	Col	48	 5	128 	 1408 	 14.08 

825	0	 4	 0	Row	14	 0	113 	 113 	 1.13 
825	0	 4	 0	Col	14	 0	102 	 102 	 1.02 

826	0	 4	 0	Row	14	 0	29 	 29 	 0.29 
826	0	 4	 0	Col	14	 0	16 	 16 	 0.16 

827	0	 4	 0	Row	121	 1	88 	 344 	 3.44 
827	0	 4	 0	Col	121	 1	76 	 332 	 3.32 

828	0	 4	 0	Row	55	 0	69 	 69 	 0.69 
828	0	 4	 0	Col	55	 0	57 	 57 	 0.57 

829	0	 4	 0	Row	206	 0	114 	 114 	 1.14 
829	0	 4	 0	Col	206	 0	101 	 101 	 1.01 

830	0	 4	 0	Row	88	 1	135 	 391 	 3.91 
830	0	 4	 0	Col	88	 1	125 	 381 	 3.81 

831	0	 4	 0	Row	252	 0	186 	 186 	 1.86 
831	0	 4	 0	Col	252	 0	171 	 171 	 1.71 

832	0	 4	 0	Row	201	 1	152 	 408 	 4.08 
832	0	 4	 0	Col	201	 1	100 	 356 	 3.56 

833	0	 4	 0	Row	110	 1	134 	 390 	 3.9 
833	0	 4	 0	Col	110	 1	119 	 375 	 3.75 
833	0	 4	 0	Row	21	 1	29 	 285 	 2.85 
833	0	 4	 0	Col	21	 1	17 	 273 	 2.73 

834	0	 4	 0	Row	100	 3	24 	 792 	 7.92 
834	0	 4	 0	Col	100	 3	14 	 782 	 7.82 

835	0	 4	 0	Row	89	 0	51 	 51 	 0.51 

836	0	 4	 0	Row	174	 1	49 	 305 	 3.05 
836	0	 4	 0	Col	174	 1	31 	 287 	 2.87 

837	0	 4	 0	Row	26	 2	21 	 533 	 5.33 
837	0	 4	 0	Col	26	 2	12 	 524 	 5.24 

838	0	 4	 0	Row	104	 1	132 	 388 	 3.88 
838	0	 4	 0	Col	104	 1	120 	 376 	 3.76 

839	0	 4	 0	Row	227	 0	204 	 204 	 2.04 
839	0	 4	 0	Col	227	 0	197 	 197 	 1.97 

840	0	 4	 0	Row	227	 0	27 	 27 	 0.27 

841	0	 4	 0	Row	169	 4	30 	 1054 	 10.54 
841	0	 4	 0	Col	169	 4	21 	 1045 	 10.45 

842	0	 4	 0	Row	46	 0	63 	 63 	 0.63 
842	0	 4	 0	Col	46	 0	50 	 50 	 0.5 

843	0	 4	 0	Row	157	 4	138 	 1162 	 11.62 
843	0	 4	 0	Col	157	 4	120 	 1144 	 11.44 

844	0	 4	 0	Row	175	 0	126 	 126 	 1.26 
844	0	 4	 0	Col	175	 0	115 	 115 	 1.15 

845	0	 4	 0	Row	49	 2	109 	 621 	 6.21 
845	0	 4	 0	Col	49	 2	96 	 608 	 6.08 

846	0	 4	 0	Row	16	 0	189 	 189 	 1.89 
846	0	 4	 0	Col	16	 0	178 	 178 	 1.78 

847	0	 4	 0	Row	27	 4	75 	 1099 	 10.99 
847	0	 4	 0	Col	27	 4	65 	 1089 	 10.89 

848	0	 4	 0	Row	74	 0	127 	 127 	 1.27 
848	0	 4	 0	Col	74	 0	107 	 107 	 1.07 

849	0	 4	 0	Row	83	 1	21 	 277 	 2.77 
849	0	 4	 0	Col	83	 1	11 	 267 	 2.67 

850	0	 4	 0	Row	243	 1	72 	 328 	 3.28 
850	0	 4	 0	Col	243	 1	61 	 317 	 3.17 

851	0	 4	 0	Row	175	 2	101 	 613 	 6.13 
851	0	 4	 0	Col	175	 2	91 	 603 	 6.03 

852	0	 4	 0	Row	171	 1	42 	 298 	 2.98 
852	0	 4	 0	Col	171	 1	34 	 290 	 2.9 

853	0	 4	 0	Row	201	 1	101 	 357 	 3.57 
853	0	 4	 0	Col	201	 1	91 	 347 	 3.47 

854	0	 4	 0	Row	86	 1	155 	 411 	 4.11 
854	0	 4	 0	Col	168	 1	118 	 374 	 3.74 

855	0	 4	 0	Row	70	 2	221 	 733 	 7.33 
855	0	 4	 0	Col	70	 2	210 	 722 	 7.22 

856	0	 4	 0	Row	124	 2	111 	 623 	 6.23 
856	0	 4	 0	Col	124	 2	99 	 611 	 6.11 

857	0	 4	 0	Row	156	 1	30 	 286 	 2.86 
857	0	 4	 0	Col	156	 1	21 	 277 	 2.77 

858	0	 4	 0	Row	233	 1	165 	 421 	 4.21 
858	0	 4	 0	Col	233	 1	155 	 411 	 4.11 

859	0	 4	 0	Row	21	 1	207 	 463 	 4.63 
859	0	 4	 0	Col	21	 1	198 	 454 	 4.54 

860	0	 4	 0	Row	138	 0	209 	 209 	 2.09 
860	0	 4	 0	Col	138	 0	199 	 199 	 1.99 

861	0	 4	 0	Row	126	 0	69 	 69 	 0.69 
861	0	 4	 0	Col	126	 0	54 	 54 	 0.54 

862	0	 4	 0	Row	165	 2	228 	 740 	 7.4 
862	0	 4	 0	Col	165	 2	219 	 731 	 7.31 

863	0	 4	 0	Row	80	 4	148 	 1172 	 11.72 
863	0	 4	 0	Col	80	 4	136 	 1160 	 11.6 

864	0	 4	 0	Row	182	 1	212 	 468 	 4.68 
864	0	 4	 0	Col	80	 1	202 	 458 	 4.58 

865	0	 4	 0	Row	6	 3	192 	 960 	 9.6 
865	0	 4	 0	Col	6	 3	183 	 951 	 9.51 

866	0	 4	 0	Row	79	 3	51 	 819 	 8.19 
866	0	 4	 0	Col	79	 3	41 	 809 	 8.09 

867	0	 4	 0	Row	42	 1	175 	 431 	 4.31 
867	0	 4	 0	Col	42	 1	160 	 416 	 4.16 

868	0	 4	 0	Row	118	 2	28 	 540 	 5.4 
868	0	 4	 0	Col	118	 2	1 	 513 	 5.13 

869	0	 4	 0	Row	154	 2	76 	 588 	 5.88 
869	0	 4	 0	Col	154	 2	66 	 578 	 5.78 

870	0	 4	 0	Row	215	 4	9 	 1033 	 10.33 
870	0	 4	 0	Col	215	 3	241 	 1009 	 10.09 

871	0	 4	 0	Row	200	 1	188 	 444 	 4.44 
871	0	 4	 0	Col	200	 1	180 	 436 	 4.36 

872	0	 4	 0	Row	73	 2	26 	 538 	 5.38 
872	0	 4	 0	Col	73	 2	16 	 528 	 5.28 

873	0	 4	 0	Row	32	 3	237 	 1005 	 10.05 
873	0	 4	 0	Col	32	 3	226 	 994 	 9.94 

874	0	 4	 0	Row	11	 2	197 	 709 	 7.09 
874	0	 4	 0	Col	11	 2	184 	 696 	 6.96 

875	0	 4	 0	Row	40	 0	147 	 147 	 1.47 
875	0	 4	 0	Col	40	 0	137 	 137 	 1.37 

876	0	 4	 0	Row	82	 2	81 	 593 	 5.93 
876	0	 4	 0	Col	82	 2	68 	 580 	 5.8 

877	0	 4	 0	Row	211	 3	7 	 775 	 7.75 
877	0	 4	 0	Col	211	 2	243 	 755 	 7.55 

878	0	 4	 0	Row	122	 1	39 	 295 	 2.95 
878	0	 4	 0	Col	122	 1	26 	 282 	 2.82 

879	0	 4	 0	Row	141	 1	177 	 433 	 4.33 
879	0	 4	 0	Col	141	 1	164 	 420 	 4.2 

880	0	 4	 0	Row	168	 2	179 	 691 	 6.91 
880	0	 4	 0	Col	168	 2	167 	 679 	 6.79 

881	0	 4	 0	Row	49	 0	75 	 75 	 0.75 
881	0	 4	 0	Col	49	 0	59 	 59 	 0.59 

882	0	 4	 0	Row	27	 2	140 	 652 	 6.52 
882	0	 4	 0	Col	27	 2	120 	 632 	 6.32 

883	0	 4	 0	Row	143	 1	228 	 484 	 4.84 
883	0	 4	 0	Col	143	 1	213 	 469 	 4.69 

884	0	 4	 0	Row	143	 0	45 	 45 	 0.45 
884	0	 4	 0	Col	143	 0	24 	 24 	 0.24 

885	0	 4	 0	Row	203	 1	59 	 315 	 3.15 
885	0	 4	 0	Col	203	 1	48 	 304 	 3.04 

886	0	 4	 0	Row	14	 0	189 	 189 	 1.89 
886	0	 4	 0	Col	14	 0	171 	 171 	 1.71 

887	0	 4	 0	Row	134	 1	10 	 266 	 2.66 
887	0	 4	 0	Col	134	 1	1 	 257 	 2.57 

888	0	 4	 0	Row	175	 1	175 	 431 	 4.31 
888	0	 4	 0	Col	175	 1	165 	 421 	 4.21 

889	0	 4	 0	Row	9	 0	105 	 105 	 1.05 
889	0	 4	 0	Col	9	 0	44 	 44 	 0.44 

890	0	 4	 0	Row	72	 2	147 	 659 	 6.59 
890	0	 4	 0	Col	72	 2	137 	 649 	 6.49 

891	0	 4	 0	Row	115	 1	209 	 465 	 4.65 
891	0	 4	 0	Col	115	 1	193 	 449 	 4.49 

892	0	 4	 0	Row	202	 1	8 	 264 	 2.64 
892	0	 4	 0	Col	202	 0	254 	 254 	 2.54 

893	0	 4	 0	Row	62	 1	113 	 369 	 3.69 
893	0	 4	 0	Col	62	 1	103 	 359 	 3.59 

894	0	 4	 0	Row	41	 1	53 	 309 	 3.09 
894	0	 4	 0	Col	41	 0	244 	 244 	 2.44 

895	0	 4	 0	Row	215	 2	9 	 521 	 5.21 
895	0	 4	 0	Col	215	 1	255 	 511 	 5.11 

896	0	 4	 0	Row	20	 0	179 	 179 	 1.79 
896	0	 4	 0	Col	20	 0	166 	 166 	 1.66 

897	0	 4	 0	Row	21	 1	40 	 296 	 2.96 
897	0	 4	 0	Col	21	 1	27 	 283 	 2.83 

898	0	 4	 0	Row	252	 4	145 	 1169 	 11.69 
898	0	 4	 0	Col	252	 4	129 	 1153 	 11.53 

899	0	 4	 0	Row	112	 3	66 	 834 	 8.34 
899	0	 4	 0	Col	112	 3	55 	 823 	 8.23 

900	0	 4	 0	Row	107	 0	65 	 65 	 0.65 
900	0	 4	 0	Col	107	 0	54 	 54 	 0.54 

901	0	 4	 0	Row	54	 0	46 	 46 	 0.46 
901	0	 4	 0	Col	107	 0	32 	 32 	 0.32 

902	0	 4	 0	Row	59	 3	19 	 787 	 7.87 
902	0	 4	 0	Col	59	 3	7 	 775 	 7.75 

903	0	 4	 0	Row	29	 0	67 	 67 	 0.67 
903	0	 4	 0	Col	29	 0	45 	 45 	 0.45 

904	0	 4	 0	Row	209	 2	55 	 567 	 5.67 
904	0	 4	 0	Col	209	 2	45 	 557 	 5.57 

905	0	 4	 0	Row	18	 2	116 	 628 	 6.28 
905	0	 4	 0	Col	18	 2	104 	 616 	 6.16 

906	0	 4	 0	Row	134	 1	233 	 489 	 4.89 
906	0	 4	 0	Col	18	 1	223 	 479 	 4.79 

907	0	 4	 0	Row	39	 3	58 	 826 	 8.26 
907	0	 4	 0	Col	39	 3	49 	 817 	 8.17 

908	0	 4	 0	Row	101	 3	107 	 875 	 8.75 
908	0	 4	 0	Col	101	 3	98 	 866 	 8.66 

909	0	 4	 0	Row	79	 1	121 	 377 	 3.77 
909	0	 4	 0	Col	79	 1	109 	 365 	 3.65 

910	0	 4	 0	Row	31	 3	28 	 796 	 7.96 
910	0	 4	 0	Col	31	 3	17 	 785 	 7.85 

911	0	 4	 0	Row	46	 1	192 	 448 	 4.48 
911	0	 4	 0	Col	46	 1	171 	 427 	 4.27 

912	0	 4	 0	Row	244	 0	232 	 232 	 2.32 
912	0	 4	 0	Col	244	 0	221 	 221 	 2.21 

913	0	 4	 0	Row	204	 3	175 	 943 	 9.43 
913	0	 4	 0	Col	204	 3	166 	 934 	 9.34 

914	0	 4	 0	Row	65	 0	86 	 86 	 0.86 
914	0	 4	 0	Col	65	 0	74 	 74 	 0.74 

915	0	 4	 0	Row	61	 2	18 	 530 	 5.3 
915	0	 [0;31;40m2[0m	 18	Row	4	 0	61 	 61 	 0.61 
915	0	 [0;31;40m2[0m	 9	Row	61	 13	61 	 3389 	 33.89 

916	0	 4	 0	Row	199	 2	15 	 527 	 5.27 
916	0	 4	 0	Col	199	 2	3 	 515 	 5.15 

917	0	 4	 0	Row	153	 1	197 	 453 	 4.53 
917	0	 4	 0	Col	153	 1	187 	 443 	 4.43 

918	0	 4	 0	Row	93	 1	228 	 484 	 4.84 
918	0	 4	 0	Col	93	 1	217 	 473 	 4.73 

919	0	 4	 0	Row	184	 2	74 	 586 	 5.86 
919	0	 4	 0	Col	184	 2	63 	 575 	 5.75 

920	0	 4	 0	Row	204	 1	49 	 305 	 3.05 
920	0	 4	 0	Col	204	 1	39 	 295 	 2.95 

921	0	 4	 0	Row	207	 3	150 	 918 	 9.18 
921	0	 4	 0	Col	207	 3	124 	 892 	 8.92 

922	0	 4	 0	Row	250	 0	240 	 240 	 2.4 
922	0	 4	 0	Col	250	 0	229 	 229 	 2.29 

923	0	 4	 0	Row	97	 1	187 	 443 	 4.43 
923	0	 4	 0	Col	97	 1	169 	 425 	 4.25 

924	0	 4	 0	Row	112	 0	189 	 189 	 1.89 
924	0	 4	 0	Col	112	 0	179 	 179 	 1.79 

925	0	 4	 0	Row	91	 4	21 	 1045 	 10.45 
925	0	 4	 0	Col	91	 3	250 	 1018 	 10.18 

926	0	 4	 0	Row	114	 0	254 	 254 	 2.54 
926	0	 4	 0	Col	114	 0	245 	 245 	 2.45 

927	0	 4	 0	Row	51	 1	224 	 480 	 4.8 
927	0	 4	 0	Col	51	 1	214 	 470 	 4.7 

928	0	 4	 0	Row	17	 0	67 	 67 	 0.67 
928	0	 4	 0	Col	17	 0	56 	 56 	 0.56 

929	0	 4	 0	Row	195	 2	102 	 614 	 6.14 
929	0	 4	 0	Col	195	 2	91 	 603 	 6.03 

930	0	 4	 0	Row	23	 5	216 	 1496 	 14.96 
930	0	 4	 0	Col	23	 5	199 	 1479 	 14.79 

931	0	 4	 0	Row	67	 3	123 	 891 	 8.91 
931	0	 4	 0	Col	67	 3	105 	 873 	 8.73 

932	0	 4	 0	Row	34	 1	109 	 365 	 3.65 
932	0	 4	 0	Col	34	 1	99 	 355 	 3.55 

933	0	 4	 0	Row	216	 1	155 	 411 	 4.11 
933	0	 4	 0	Col	216	 1	123 	 379 	 3.79 

934	0	 4	 0	Row	114	 0	122 	 122 	 1.22 
934	0	 4	 0	Col	114	 0	111 	 111 	 1.11 

935	0	 4	 0	Row	25	 1	209 	 465 	 4.65 
935	0	 4	 0	Col	25	 1	199 	 455 	 4.55 

936	0	 4	 0	Row	24	 1	65 	 321 	 3.21 
936	0	 4	 0	Col	24	 1	56 	 312 	 3.12 

937	0	 4	 0	Row	92	 2	18 	 530 	 5.3 
937	0	 4	 0	Col	92	 2	8 	 520 	 5.2 

938	0	 4	 0	Row	207	 3	49 	 817 	 8.17 
938	0	 4	 0	Col	207	 3	38 	 806 	 8.06 

939	0	 4	 0	Row	10	 2	46 	 558 	 5.58 
939	0	 4	 0	Col	10	 2	35 	 547 	 5.47 

940	0	 4	 0	Row	132	 1	181 	 437 	 4.37 
940	0	 4	 0	Col	132	 1	168 	 424 	 4.24 

941	0	 4	 0	Row	220	 3	8 	 776 	 7.76 
941	0	 4	 0	Col	220	 2	255 	 767 	 7.67 

942	0	 4	 0	Row	128	 1	86 	 342 	 3.42 
942	0	 4	 0	Col	128	 1	77 	 333 	 3.33 

943	0	 4	 0	Row	9	 0	167 	 167 	 1.67 
943	0	 4	 0	Col	9	 0	156 	 156 	 1.56 

944	0	 4	 0	Row	112	 2	193 	 705 	 7.05 
944	0	 4	 0	Col	112	 2	183 	 695 	 6.95 

945	0	 4	 0	Row	222	 1	141 	 397 	 3.97 
945	0	 4	 0	Col	222	 1	128 	 384 	 3.84 

946	0	 4	 0	Row	205	 0	95 	 95 	 0.95 
946	0	 4	 0	Col	205	 0	81 	 81 	 0.81 

947	0	 4	 0	Row	104	 3	16 	 784 	 7.84 
947	0	 4	 0	Col	104	 3	4 	 772 	 7.72 

948	0	 4	 0	Row	175	 1	162 	 418 	 4.18 
948	0	 4	 0	Col	175	 1	151 	 407 	 4.07 

949	0	 4	 0	Row	7	 0	184 	 184 	 1.84 
949	0	 4	 0	Col	7	 0	165 	 165 	 1.65 

950	0	 4	 0	Row	236	 1	159 	 415 	 4.15 
950	0	 4	 0	Col	236	 1	149 	 405 	 4.05 

951	0	 4	 0	Row	200	 0	234 	 234 	 2.34 
951	0	 4	 0	Col	200	 0	223 	 223 	 2.23 

952	0	 4	 0	Row	153	 1	34 	 290 	 2.9 
952	0	 4	 0	Col	153	 1	22 	 278 	 2.78 

953	0	 4	 0	Row	127	 2	101 	 613 	 6.13 
953	0	 4	 0	Col	127	 2	89 	 601 	 6.01 

954	0	 4	 0	Row	248	 3	199 	 967 	 9.67 
954	0	 4	 0	Col	248	 3	188 	 956 	 9.56 

955	0	 4	 0	Row	206	 0	240 	 240 	 2.4 
955	0	 4	 0	Col	206	 0	226 	 226 	 2.26 

956	0	 4	 0	Row	50	 0	62 	 62 	 0.62 
956	0	 4	 0	Col	50	 0	49 	 49 	 0.49 

957	0	 4	 0	Row	143	 1	34 	 290 	 2.9 
957	0	 4	 0	Col	143	 1	24 	 280 	 2.8 

958	0	 4	 0	Row	13	 0	82 	 82 	 0.82 
958	0	 4	 0	Col	13	 0	72 	 72 	 0.72 

959	0	 4	 0	Row	46	 0	159 	 159 	 1.59 
959	0	 4	 0	Col	46	 0	149 	 149 	 1.49 

960	0	 4	 0	Row	110	 3	92 	 860 	 8.6 
960	0	 4	 0	Col	110	 3	77 	 845 	 8.45 

961	0	 4	 0	Row	254	 1	146 	 402 	 4.02 
961	0	 4	 0	Col	254	 1	134 	 390 	 3.9 

962	0	 4	 0	Row	117	 1	24 	 280 	 2.8 
962	0	 4	 0	Col	117	 1	16 	 272 	 2.72 

963	0	 4	 0	Row	238	 3	140 	 908 	 9.08 
963	0	 4	 0	Col	238	 3	130 	 898 	 8.98 

964	0	 4	 0	Row	133	 0	96 	 96 	 0.96 
964	0	 4	 0	Col	133	 0	84 	 84 	 0.84 

965	0	 4	 0	Row	66	 1	192 	 448 	 4.48 
965	0	 4	 0	Col	66	 1	180 	 436 	 4.36 

966	0	 4	 0	Row	213	 1	251 	 507 	 5.07 
966	0	 4	 0	Col	213	 1	214 	 470 	 4.7 

967	0	 4	 0	Row	62	 3	108 	 876 	 8.76 
967	0	 4	 0	Col	62	 3	99 	 867 	 8.67 

968	0	 4	 0	Row	225	 2	49 	 561 	 5.61 
968	0	 4	 0	Col	225	 2	36 	 548 	 5.48 

969	0	 4	 0	Row	134	 0	231 	 231 	 2.31 
969	0	 4	 0	Col	134	 0	221 	 221 	 2.21 

970	0	 4	 0	Row	224	 1	50 	 306 	 3.06 
970	0	 4	 0	Col	224	 1	36 	 292 	 2.92 

971	0	 4	 0	Row	158	 3	52 	 820 	 8.2 
971	0	 4	 0	Col	158	 3	42 	 810 	 8.1 

972	0	 4	 0	Row	158	 0	19 	 19 	 0.19 

973	0	 4	 0	Row	131	 0	69 	 69 	 0.69 
973	0	 4	 0	Col	131	 0	57 	 57 	 0.57 

974	0	 4	 0	Row	128	 2	86 	 598 	 5.98 
974	0	 4	 0	Col	128	 2	75 	 587 	 5.87 

975	0	 4	 0	Row	9	 3	6 	 774 	 7.74 
975	0	 4	 0	Col	9	 2	250 	 762 	 7.62 

976	0	 4	 0	Row	132	 1	25 	 281 	 2.81 
976	0	 4	 0	Col	132	 1	16 	 272 	 2.72 

977	0	 4	 0	Row	70	 1	25 	 281 	 2.81 
977	0	 4	 0	Col	70	 1	16 	 272 	 2.72 

978	0	 4	 0	Row	185	 4	239 	 1263 	 12.63 
978	0	 4	 0	Col	185	 4	206 	 1230 	 12.3 

979	0	 4	 0	Row	253	 1	254 	 510 	 5.1 
979	0	 4	 0	Col	253	 1	243 	 499 	 4.99 

980	0	 4	 0	Row	237	 1	205 	 461 	 4.61 
980	0	 4	 0	Col	237	 1	196 	 452 	 4.52 

981	0	 4	 0	Row	227	 3	67 	 835 	 8.35 
981	0	 4	 0	Col	227	 3	59 	 827 	 8.27 

982	0	 4	 0	Row	36	 2	191 	 703 	 7.03 
982	0	 4	 0	Col	36	 2	180 	 692 	 6.92 

983	0	 4	 0	Row	14	 3	223 	 991 	 9.91 
983	0	 4	 0	Col	14	 3	213 	 981 	 9.81 

984	0	 4	 0	Row	82	 3	138 	 906 	 9.06 
984	0	 4	 0	Col	82	 3	129 	 897 	 8.97 

985	0	 4	 0	Row	82	 0	11 	 11 	 0.11 

986	0	 4	 0	Row	219	 2	63 	 575 	 5.75 
986	0	 4	 0	Col	219	 2	52 	 564 	 5.64 

987	0	 4	 0	Row	35	 1	249 	 505 	 5.05 
987	0	 4	 0	Col	35	 1	239 	 495 	 4.95 

988	0	 4	 0	Row	24	 2	56 	 568 	 5.68 
988	0	 4	 0	Col	24	 2	46 	 558 	 5.58 

989	0	 4	 0	Row	193	 1	187 	 443 	 4.43 
989	0	 4	 0	Col	193	 1	177 	 433 	 4.33 

990	0	 4	 0	Row	169	 3	162 	 930 	 9.3 
990	0	 4	 0	Col	169	 3	154 	 922 	 9.22 

991	0	 4	 0	Row	100	 1	158 	 414 	 4.14 
991	0	 4	 0	Col	100	 1	150 	 406 	 4.06 

992	0	 4	 0	Row	74	 1	207 	 463 	 4.63 
992	0	 4	 0	Col	74	 1	192 	 448 	 4.48 

993	0	 4	 0	Row	41	 2	29 	 541 	 5.41 
993	0	 4	 0	Col	41	 2	17 	 529 	 5.29 

994	0	 4	 0	Row	139	 1	127 	 383 	 3.83 
994	0	 4	 0	Col	139	 1	118 	 374 	 3.74 

995	0	 4	 0	Row	116	 3	202 	 970 	 9.7 
995	0	 4	 0	Col	116	 3	174 	 942 	 9.42 

996	0	 4	 0	Row	60	 2	166 	 678 	 6.78 
996	0	 4	 0	Col	60	 2	156 	 668 	 6.68 

997	0	 4	 0	Row	200	 1	95 	 351 	 3.51 
997	0	 4	 0	Col	200	 1	59 	 315 	 3.15 

998	0	 4	 0	Row	6	 1	207 	 463 	 4.63 
998	0	 4	 0	Col	6	 1	185 	 441 	 4.41 

999	0	 4	 0	Row	205	 0	218 	 218 	 2.18 
999	0	 4	 0	Col	205	 0	201 	 201 	 2.01 

1000	0	 4	 0	Row	213	 1	64 	 320 	 3.2 
1000	0	 4	 0	Col	213	 1	55 	 311 	 3.11 

1001	0	 4	 0	Row	205	 2	122 	 634 	 6.34 
1001	0	 4	 0	Col	205	 2	110 	 622 	 6.22 

1002	0	 4	 0	Row	101	 1	8 	 264 	 2.64 
1002	0	 4	 0	Col	101	 0	253 	 253 	 2.53 

1003	0	 4	 0	Row	92	 2	69 	 581 	 5.81 
1003	0	 4	 0	Col	91	 2	48 	 560 	 5.6 

1004	0	 4	 0	Row	158	 5	85 	 1365 	 13.65 
1004	0	 4	 0	Col	158	 5	62 	 1342 	 13.42 

1005	0	 4	 0	Row	119	 1	40 	 296 	 2.96 
1005	0	 4	 0	Col	119	 1	26 	 282 	 2.82 

1006	0	 4	 0	Row	1	 3	150 	 918 	 9.18 
1006	0	 4	 0	Col	1	 3	142 	 910 	 9.1 

1007	0	 4	 0	Row	125	 2	121 	 633 	 6.33 
1007	0	 4	 0	Col	125	 2	112 	 624 	 6.24 

1008	0	 4	 0	Row	22	 2	158 	 670 	 6.7 
1008	0	 4	 0	Col	22	 2	149 	 661 	 6.61 

1009	0	 4	 0	Row	31	 0	78 	 78 	 0.78 
1009	0	 4	 0	Col	22	 0	68 	 68 	 0.68 

1010	0	 4	 0	Row	166	 4	145 	 1169 	 11.69 
1010	0	 4	 0	Col	166	 4	124 	 1148 	 11.48 

1011	0	 4	 0	Row	192	 0	122 	 122 	 1.22 
1011	0	 4	 0	Col	192	 0	105 	 105 	 1.05 

1012	0	 4	 0	Row	192	 2	62 	 574 	 5.74 
1012	0	 4	 0	Col	238	 2	54 	 566 	 5.66 

1013	0	 4	 0	Row	117	 1	45 	 301 	 3.01 
1013	0	 4	 0	Col	117	 1	34 	 290 	 2.9 

1014	0	 4	 0	Row	210	 3	235 	 1003 	 10.03 
1014	0	 4	 0	Col	210	 3	226 	 994 	 9.94 

1015	0	 4	 0	Row	210	 0	111 	 111 	 1.11 
1015	0	 4	 0	Col	232	 0	99 	 99 	 0.99 

1016	0	 4	 0	Row	105	 2	89 	 601 	 6.01 
1016	0	 4	 0	Col	105	 2	81 	 593 	 5.93 

1017	0	 4	 0	Row	147	 0	84 	 84 	 0.84 
1017	0	 4	 0	Col	147	 0	71 	 71 	 0.71 

1018	0	 4	 0	Row	46	 2	84 	 596 	 5.96 
1018	0	 4	 0	Col	46	 2	70 	 582 	 5.82 

1019	0	 4	 0	Row	222	 1	254 	 510 	 5.1 
1019	0	 4	 0	Col	222	 1	246 	 502 	 5.02 

1020	0	 4	 0	Row	4	 1	140 	 396 	 3.96 
1020	0	 4	 0	Col	4	 1	125 	 381 	 3.81 

1021	0	 4	 0	Row	2	 0	72 	 72 	 0.72 
1021	0	 4	 0	Col	2	 0	56 	 56 	 0.56 

1022	0	 4	 0	Row	125	 1	68 	 324 	 3.24 
1022	0	 4	 0	Col	125	 1	57 	 313 	 3.13 

1023	0	 4	 0	Row	71	 3	164 	 932 	 9.32 
1023	0	 4	 0	Col	80	 3	136 	 904 	 9.04 

1024	0	 4	 0	Row	144	 4	152 	 1176 	 11.76 
1024	0	 4	 0	Col	144	 4	123 	 1147 	 11.47 

1025	0	 4	 0	Row	138	 2	68 	 580 	 5.8 
1025	0	 4	 0	Col	138	 2	58 	 570 	 5.7 

1026	0	 4	 0	Row	6	 2	179 	 691 	 6.91 
1026	0	 4	 0	Col	6	 2	155 	 667 	 6.67 

1027	0	 4	 0	Row	191	 2	51 	 563 	 5.63 
1027	0	 4	 0	Col	191	 2	37 	 549 	 5.49 

1028	0	 4	 0	Row	88	 1	213 	 469 	 4.69 
1028	0	 4	 0	Col	88	 1	203 	 459 	 4.59 

1029	0	 4	 0	Row	133	 0	137 	 137 	 1.37 
1029	0	 4	 0	Col	133	 0	128 	 128 	 1.28 

1030	0	 4	 0	Row	116	 2	71 	 583 	 5.83 
1030	0	 4	 0	Col	116	 2	60 	 572 	 5.72 

1031	0	 4	 0	Row	174	 2	5 	 517 	 5.17 
1031	0	 4	 0	Col	174	 1	250 	 506 	 5.06 

1032	0	 4	 0	Row	14	 1	241 	 497 	 4.97 
1032	0	 4	 0	Col	14	 1	232 	 488 	 4.88 

1033	0	 4	 0	Row	173	 2	66 	 578 	 5.78 
1033	0	 4	 0	Col	173	 2	55 	 567 	 5.67 

1034	0	 4	 0	Row	19	 2	252 	 764 	 7.64 
1034	0	 4	 0	Col	19	 2	242 	 754 	 7.54 

1035	0	 4	 0	Row	103	 2	12 	 524 	 5.24 
1035	0	 4	 0	Col	103	 2	1 	 513 	 5.13 

1036	0	 4	 0	Row	2	 0	42 	 42 	 0.42 

1037	0	 4	 0	Row	87	 0	145 	 145 	 1.45 
1037	0	 4	 0	Col	87	 0	128 	 128 	 1.28 

1038	0	 4	 0	Row	4	 0	192 	 192 	 1.92 
1038	0	 4	 0	Col	4	 0	180 	 180 	 1.8 

1039	0	 4	 0	Row	106	 1	27 	 283 	 2.83 
1039	0	 4	 0	Col	106	 1	0 	 256 	 2.56 

1040	0	 4	 0	Row	90	 5	76 	 1356 	 13.56 
1040	0	 4	 0	Col	90	 5	54 	 1334 	 13.34 

1041	0	 4	 0	Row	242	 0	168 	 168 	 1.68 
1041	0	 4	 0	Col	242	 0	157 	 157 	 1.57 

1042	0	 4	 0	Row	184	 3	132 	 900 	 9.0 
1042	0	 4	 0	Col	184	 3	119 	 887 	 8.87 

1043	0	 4	 0	Row	106	 4	156 	 1180 	 11.8 
1043	0	 4	 0	Col	106	 4	147 	 1171 	 11.71 

1044	0	 4	 0	Row	181	 0	137 	 137 	 1.37 
1044	0	 4	 0	Col	181	 0	126 	 126 	 1.26 

1045	0	 4	 0	Row	164	 3	195 	 963 	 9.63 
1045	0	 4	 0	Col	164	 3	171 	 939 	 9.39 

1046	0	 4	 0	Row	104	 2	177 	 689 	 6.89 
1046	0	 4	 0	Col	104	 2	163 	 675 	 6.75 

1047	0	 4	 0	Row	104	 2	132 	 644 	 6.44 
1047	0	 4	 0	Col	56	 2	124 	 636 	 6.36 

1048	0	 4	 0	Row	104	 0	43 	 43 	 0.43 
1048	0	 4	 0	Col	56	 0	23 	 23 	 0.23 

1049	0	 4	 0	Row	136	 3	106 	 874 	 8.74 
1049	0	 4	 0	Col	136	 3	95 	 863 	 8.63 

1050	0	 4	 0	Row	200	 0	138 	 138 	 1.38 
1050	0	 4	 0	Col	200	 0	128 	 128 	 1.28 

1051	0	 4	 0	Row	25	 3	129 	 897 	 8.97 
1051	0	 4	 0	Col	25	 3	119 	 887 	 8.87 

1052	0	 4	 0	Row	69	 2	46 	 558 	 5.58 
1052	0	 4	 0	Col	69	 2	35 	 547 	 5.47 

1053	0	 4	 0	Row	247	 0	131 	 131 	 1.31 
1053	0	 4	 0	Col	247	 0	114 	 114 	 1.14 

1054	0	 4	 0	Row	144	 2	239 	 751 	 7.51 
1054	0	 4	 0	Col	144	 2	216 	 728 	 7.28 

1055	0	 4	 0	Row	94	 0	19 	 19 	 0.19 

1056	0	 4	 0	Row	110	 2	32 	 544 	 5.44 
1056	0	 4	 0	Col	110	 2	24 	 536 	 5.36 

1057	0	 4	 0	Row	144	 3	90 	 858 	 8.58 
1057	0	 4	 0	Col	144	 3	81 	 849 	 8.49 

1058	0	 4	 0	Row	81	 4	56 	 1080 	 10.8 
1058	0	 4	 0	Col	81	 4	46 	 1070 	 10.7 

1059	0	 4	 0	Row	81	 0	30 	 30 	 0.3 
1059	0	 4	 0	Col	81	 0	18 	 18 	 0.18 

1060	0	 4	 0	Row	138	 4	204 	 1228 	 12.28 
1060	0	 4	 0	Col	138	 4	193 	 1217 	 12.17 

1061	0	 4	 0	Row	244	 2	169 	 681 	 6.81 
1061	0	 4	 0	Col	244	 2	151 	 663 	 6.63 

1062	0	 4	 0	Row	77	 2	221 	 733 	 7.33 
1062	0	 4	 0	Col	77	 2	210 	 722 	 7.22 

1063	0	 4	 0	Row	107	 2	188 	 700 	 7.0 
1063	0	 4	 0	Col	107	 2	180 	 692 	 6.92 

1064	0	 4	 0	Row	240	 0	175 	 175 	 1.75 
1064	0	 4	 0	Col	240	 0	162 	 162 	 1.62 

1065	0	 4	 0	Row	46	 2	25 	 537 	 5.37 
1065	0	 4	 0	Col	46	 2	6 	 518 	 5.18 

1066	0	 4	 0	Row	28	 2	67 	 579 	 5.79 
1066	0	 4	 0	Col	28	 2	56 	 568 	 5.68 

1067	0	 4	 0	Row	181	 2	5 	 517 	 5.17 
1067	0	 4	 0	Col	181	 1	250 	 506 	 5.06 

1068	0	 4	 0	Row	177	 3	76 	 844 	 8.44 
1068	0	 4	 0	Col	177	 3	67 	 835 	 8.35 

1069	0	 4	 0	Row	29	 0	122 	 122 	 1.22 
1069	0	 4	 0	Col	29	 0	111 	 111 	 1.11 

1070	0	 4	 0	Row	182	 1	226 	 482 	 4.82 
1070	0	 4	 0	Col	182	 1	217 	 473 	 4.73 

1071	0	 4	 0	Row	189	 2	204 	 716 	 7.16 
1071	0	 4	 0	Col	189	 2	193 	 705 	 7.05 

1072	0	 4	 0	Row	123	 1	76 	 332 	 3.32 
1072	0	 4	 0	Col	123	 1	64 	 320 	 3.2 

1073	0	 4	 0	Row	222	 3	105 	 873 	 8.73 
1073	0	 4	 0	Col	222	 3	95 	 863 	 8.63 

1074	0	 4	 0	Row	139	 1	132 	 388 	 3.88 
1074	0	 4	 0	Col	139	 1	121 	 377 	 3.77 

1075	0	 4	 0	Row	195	 1	134 	 390 	 3.9 
1075	0	 4	 0	Col	195	 1	124 	 380 	 3.8 

1076	0	 4	 0	Row	150	 1	21 	 277 	 2.77 
1076	0	 4	 0	Col	150	 1	3 	 259 	 2.59 

1077	0	 4	 0	Row	236	 3	163 	 931 	 9.31 
1077	0	 4	 0	Col	236	 3	151 	 919 	 9.19 

1078	0	 4	 0	Row	92	 1	212 	 468 	 4.68 
1078	0	 4	 0	Col	92	 1	201 	 457 	 4.57 

1079	0	 4	 0	Row	199	 2	219 	 731 	 7.31 
1079	0	 4	 0	Col	199	 2	201 	 713 	 7.13 

1080	0	 4	 0	Row	71	 2	69 	 581 	 5.81 
1080	0	 4	 0	Col	71	 2	60 	 572 	 5.72 

1081	0	 4	 0	Row	201	 4	201 	 1225 	 12.25 
1081	0	 4	 0	Col	201	 4	192 	 1216 	 12.16 

1082	0	 4	 0	Row	228	 3	105 	 873 	 8.73 
1082	0	 4	 0	Col	228	 3	92 	 860 	 8.6 

1083	0	 4	 0	Row	61	 0	201 	 201 	 2.01 
1083	0	 [0;31;40m0[0m	 9	Col	4	 0	61 	 61 	 0.61 
1083	0	 [0;31;40m0[0m	 62	Col	61	 13	61 	 3389 	 33.89 

1084	0	 4	 0	Row	120	 1	6 	 262 	 2.62 
1084	0	 4	 0	Col	120	 0	230 	 230 	 2.3 

1085	0	 4	 0	Row	105	 2	21 	 533 	 5.33 
1085	0	 4	 0	Col	105	 2	11 	 523 	 5.23 

1086	0	 4	 0	Row	174	 0	65 	 65 	 0.65 
1086	0	 4	 0	Col	174	 0	48 	 48 	 0.48 

1087	0	 4	 0	Row	147	 1	143 	 399 	 3.99 
1087	0	 4	 0	Col	147	 1	134 	 390 	 3.9 

1088	0	 4	 0	Row	154	 2	153 	 665 	 6.65 
1088	0	 4	 0	Col	154	 2	142 	 654 	 6.54 

1089	0	 4	 0	Row	70	 0	142 	 142 	 1.42 
1089	0	 4	 0	Col	70	 0	74 	 74 	 0.74 

1090	0	 4	 0	Row	11	 2	25 	 537 	 5.37 
1090	0	 4	 0	Col	11	 2	15 	 527 	 5.27 

1091	0	 4	 0	Row	209	 3	33 	 801 	 8.01 
1091	0	 4	 0	Col	209	 3	22 	 790 	 7.9 

1092	0	 4	 0	Row	237	 1	122 	 378 	 3.78 
1092	0	 4	 0	Col	237	 1	112 	 368 	 3.68 

1093	0	 4	 0	Row	83	 2	37 	 549 	 5.49 
1093	0	 4	 0	Col	83	 2	27 	 539 	 5.39 

1094	0	 4	 0	Row	93	 1	2 	 258 	 2.58 
1094	0	 4	 0	Col	93	 0	248 	 248 	 2.48 

1095	0	 4	 0	Row	183	 0	173 	 173 	 1.73 
1095	0	 4	 0	Col	183	 0	164 	 164 	 1.64 

1096	0	 4	 0	Row	96	 4	158 	 1182 	 11.82 
1096	0	 4	 0	Col	96	 4	140 	 1164 	 11.64 

1097	0	 4	 0	Row	61	 3	18 	 786 	 7.86 
1097	0	 [0;31;40m3[0m	 18	Row	4	 0	61 	 61 	 0.61 
1097	0	 [0;31;40m3[0m	 6	Row	61	 13	61 	 3389 	 33.89 

1098	0	 4	 0	Row	24	 3	250 	 1018 	 10.18 
1098	0	 4	 0	Col	24	 3	239 	 1007 	 10.07 

1099	0	 4	 0	Row	54	 2	141 	 653 	 6.53 
1099	0	 4	 0	Col	54	 2	132 	 644 	 6.44 

1100	0	 4	 0	Row	120	 1	244 	 500 	 5.0 
1100	0	 4	 0	Col	120	 1	232 	 488 	 4.88 

1101	0	 4	 0	Row	233	 2	8 	 520 	 5.2 
1101	0	 4	 0	Col	233	 2	0 	 512 	 5.12 

1102	0	 4	 0	Row	190	 0	250 	 250 	 2.5 
1102	0	 4	 0	Col	190	 0	241 	 241 	 2.41 

1103	0	 4	 0	Row	22	 0	69 	 69 	 0.69 
1103	0	 4	 0	Col	22	 0	49 	 49 	 0.49 

1104	0	 4	 0	Row	137	 5	36 	 1316 	 13.16 
1104	0	 4	 0	Col	137	 5	14 	 1294 	 12.94 

1105	0	 4	 0	Row	137	 0	202 	 202 	 2.02 
1105	0	 4	 0	Col	191	 0	192 	 192 	 1.92 

1106	0	 4	 0	Row	143	 1	4 	 260 	 2.6 
1106	0	 4	 0	Col	145	 0	226 	 226 	 2.26 

1107	0	 4	 0	Row	139	 0	208 	 208 	 2.08 
1107	0	 4	 0	Col	139	 0	187 	 187 	 1.87 

1108	0	 4	 0	Row	142	 3	56 	 824 	 8.24 
1108	0	 4	 0	Col	142	 3	46 	 814 	 8.14 

1109	0	 4	 0	Row	45	 0	56 	 56 	 0.56 
1109	0	 4	 0	Col	45	 0	38 	 38 	 0.38 

1110	0	 4	 0	Row	141	 3	80 	 848 	 8.48 
1110	0	 4	 0	Col	141	 3	71 	 839 	 8.39 

1111	0	 4	 0	Row	19	 3	78 	 846 	 8.46 
1111	0	 4	 0	Col	19	 3	41 	 809 	 8.09 

1112	0	 4	 0	Row	190	 4	152 	 1176 	 11.76 
1112	0	 4	 0	Col	190	 4	141 	 1165 	 11.65 

1113	0	 4	 0	Row	213	 6	61 	 1597 	 15.97 
1113	0	 4	 0	Col	223	 5	253 	 1533 	 15.33 

1114	0	 4	 0	Row	57	 1	192 	 448 	 4.48 
1114	0	 4	 0	Col	57	 1	179 	 435 	 4.35 

1115	0	 4	 0	Row	194	 1	157 	 413 	 4.13 
1115	0	 4	 0	Col	194	 1	145 	 401 	 4.01 

1116	0	 4	 0	Row	211	 2	126 	 638 	 6.38 
1116	0	 4	 0	Col	211	 2	105 	 617 	 6.17 

1117	0	 4	 0	Row	114	 1	108 	 364 	 3.64 
1117	0	 4	 0	Col	114	 1	96 	 352 	 3.52 

1118	0	 4	 0	Row	188	 4	90 	 1114 	 11.14 
1118	0	 4	 0	Col	188	 4	81 	 1105 	 11.05 

1119	0	 4	 0	Row	162	 3	182 	 950 	 9.5 
1119	0	 4	 0	Col	162	 3	173 	 941 	 9.41 

1120	0	 4	 0	Row	117	 4	122 	 1146 	 11.46 
1120	0	 4	 0	Col	117	 4	113 	 1137 	 11.37 

1121	0	 4	 0	Row	235	 5	187 	 1467 	 14.67 
1121	0	 4	 0	Col	235	 5	145 	 1425 	 14.25 

1122	0	 4	 0	Row	139	 4	245 	 1269 	 12.69 
1122	0	 4	 0	Col	139	 4	225 	 1249 	 12.49 

1123	0	 4	 0	Row	235	 1	13 	 269 	 2.69 
1123	0	 4	 0	Col	235	 1	3 	 259 	 2.59 

1124	0	 4	 0	Row	140	 2	140 	 652 	 6.52 
1124	0	 4	 0	Col	140	 2	106 	 618 	 6.18 

1125	0	 4	 0	Row	69	 0	229 	 229 	 2.29 
1125	0	 4	 0	Col	69	 0	206 	 206 	 2.06 

1126	0	 4	 0	Row	216	 1	240 	 496 	 4.96 
1126	0	 4	 0	Col	216	 1	230 	 486 	 4.86 

1127	0	 4	 0	Row	133	 0	72 	 72 	 0.72 
1127	0	 4	 0	Col	133	 0	53 	 53 	 0.53 

1128	0	 4	 0	Row	36	 1	3 	 259 	 2.59 
1128	0	 4	 0	Col	36	 0	250 	 250 	 2.5 

1129	0	 4	 0	Row	244	 0	19 	 19 	 0.19 

1130	0	 4	 0	Row	236	 1	125 	 381 	 3.81 
1130	0	 4	 0	Col	236	 1	117 	 373 	 3.73 

1131	0	 4	 0	Row	118	 3	223 	 991 	 9.91 
1131	0	 4	 0	Col	118	 3	203 	 971 	 9.71 

1132	0	 4	 0	Row	178	 0	65 	 65 	 0.65 
1132	0	 4	 0	Col	178	 0	52 	 52 	 0.52 

1133	0	 4	 0	Row	249	 3	34 	 802 	 8.02 
1133	0	 4	 0	Col	249	 3	9 	 777 	 7.77 

1134	0	 4	 0	Row	91	 1	111 	 367 	 3.67 
1134	0	 4	 0	Col	91	 1	98 	 354 	 3.54 

1135	0	 4	 0	Row	233	 1	249 	 505 	 5.05 
1135	0	 4	 0	Col	233	 1	234 	 490 	 4.9 

1136	0	 4	 0	Row	174	 1	68 	 324 	 3.24 
1136	0	 4	 0	Col	174	 1	56 	 312 	 3.12 

1137	0	 4	 0	Row	195	 4	64 	 1088 	 10.88 
1137	0	 4	 0	Col	195	 4	43 	 1067 	 10.67 

1138	0	 4	 0	Row	29	 5	209 	 1489 	 14.89 
1138	0	 4	 0	Col	29	 5	183 	 1463 	 14.63 

1139	0	 4	 0	Row	253	 3	8 	 776 	 7.76 
1139	0	 4	 0	Col	253	 2	254 	 766 	 7.66 

1140	0	 4	 0	Row	233	 1	194 	 450 	 4.5 
1140	0	 4	 0	Col	233	 1	184 	 440 	 4.4 

1141	0	 4	 0	Row	74	 0	136 	 136 	 1.36 
1141	0	 4	 0	Col	74	 0	122 	 122 	 1.22 

1142	0	 4	 0	Row	53	 0	107 	 107 	 1.07 
1142	0	 4	 0	Col	53	 0	94 	 94 	 0.94 

1143	0	 4	 0	Row	137	 1	110 	 366 	 3.66 
1143	0	 4	 0	Col	137	 1	101 	 357 	 3.57 

1144	0	 4	 0	Row	75	 2	120 	 632 	 6.32 
1144	0	 4	 0	Col	75	 2	112 	 624 	 6.24 

1145	0	 4	 0	Row	136	 1	56 	 312 	 3.12 
1145	0	 4	 0	Col	136	 1	48 	 304 	 3.04 

1146	0	 4	 0	Row	193	 0	114 	 114 	 1.14 
1146	0	 4	 0	Col	193	 0	82 	 82 	 0.82 

1147	0	 4	 0	Row	205	 4	118 	 1142 	 11.42 
1147	0	 4	 0	Col	205	 4	96 	 1120 	 11.2 

1148	0	 4	 0	Row	180	 2	65 	 577 	 5.77 
1148	0	 4	 0	Col	180	 2	47 	 559 	 5.59 

1149	0	 4	 0	Row	80	 2	57 	 569 	 5.69 
1149	0	 4	 0	Col	80	 2	36 	 548 	 5.48 

1150	0	 4	 0	Row	164	 2	102 	 614 	 6.14 
1150	0	 4	 0	Col	164	 2	93 	 605 	 6.05 

1151	0	 4	 0	Row	9	 4	251 	 1275 	 12.75 
1151	0	 4	 0	Col	9	 4	242 	 1266 	 12.66 

1152	0	 4	 0	Row	55	 5	92 	 1372 	 13.72 
1152	0	 4	 0	Col	55	 5	82 	 1362 	 13.62 

1153	0	 4	 0	Row	145	 2	145 	 657 	 6.57 
1153	0	 4	 0	Col	145	 2	135 	 647 	 6.47 

