Voltageboard settings: [1.035, 1, 0, 0, 1, 1.1, 0, 0]
Digital: {'interrupt_pushpull': 1, 'En_Inj1': 0, 'En_Inj2': 0, 'En_Inj3': 0, 'En_Inj4': 0, 'En_Inj5': 0, 'En_Inj6': 0, 'En_Inj7': 0, 'En_Inj8': 0, 'En_Inj9': 0, 'En_Inj10': 0, 'En_Inj11': 0, 'En_Inj12': 0, 'En_Inj13': 0, 'En_Inj14': 0, 'En_Inj15': 0, 'En_Inj16': 0, 'En_Inj17': 0, 'En_Inj18': 0, 'ResetB': 0, 'Extrabit0': 1, 'Extrabit1': 1, 'Extrabit2': 1, 'Extrabit3': 1, 'Extrabit4': 1, 'Extrabit5': 1, 'Extrabit6': 1, 'Extrabit7': 1, 'Extrabit8': 0, 'Extrabit9': 0, 'Extrabit10': 0, 'Extrabit11': 0, 'Extrabit12': 0, 'Extrabit13': 0, 'Extrabit14': 0}
Biasblock: {'DisHiDR': 0, 'q01': 0, 'qon0': 0, 'qon1': 1, 'qon2': 0, 'qon3': 1}
DAC: {'blres': 0, 'nu1': 0, 'vn1': 20, 'vnfb': 1, 'vnfoll': 10, 'nu5': 0, 'nu6': 0, 'nu7': 0, 'nu8': 0, 'vn2': 0, 'vnfoll2': 1, 'vnbias': 0, 'vpload': 5, 'nu13': 0, 'vncomp': 2, 'vpfoll': 60, 'nu16': 0, 'vprec': 30, 'vnrec': 30}
Receiver: {'ColConfig0': 274877906941, 'ColConfig1': 68719476734, 'ColConfig2': 68719476734, 'ColConfig3': 68719476734, 'ColConfig4': 68719476734, 'ColConfig5': 68719476734, 'ColConfig6': 68719476734, 'ColConfig7': 68719476734, 'ColConfig8': 68719476734, 'ColConfig9': 68719476734, 'ColConfig10': 68719476734, 'ColConfig11': 68719476734, 'ColConfig12': 68719476734, 'ColConfig13': 68719476734, 'ColConfig14': 68719476734, 'ColConfig15': 68719476734, 'ColConfig16': 68719476734, 'ColConfig17': 68719476734, 'ColConfig18': 68719476734, 'ColConfig19': 68719476734, 'ColConfig20': 68719476734, 'ColConfig21': 68719476734, 'ColConfig22': 68719476734, 'ColConfig23': 68719476734, 'ColConfig24': 68719476734, 'ColConfig25': 68719476734, 'ColConfig26': 68719476734, 'ColConfig27': 68719476734, 'ColConfig28': 68719476734, 'ColConfig29': 68719476734, 'ColConfig30': 68719476734, 'ColConfig31': 68719476734, 'ColConfig32': 68719476734, 'ColConfig33': 68719476734, 'ColConfig34': 68719476734}

NEvent	ChipId	Payload	Locatn	Row/Col	tStamp	MSB	LSB	ToT	ToT(us)
0	0	 4	 0	Row	104	 0	111 	 111 	 1.11 
0	0	 4	 0	Col	104	 0	3 	 3 	 0.03 
0	0	 4	 0	Row	239	 10	116 	 2676 	 26.76 
0	0	 4	 0	Col	239	 10	100 	 2660 	 26.6 

1	0	 4	 0	Row	34	 9	78 	 2382 	 23.82 
1	0	 4	 0	Col	34	 9	59 	 2363 	 23.63 

2	0	 4	 0	Row	19	 10	69 	 2629 	 26.29 
2	0	 4	 0	Col	19	 10	56 	 2616 	 26.16 

3	0	 4	 0	Row	79	 0	159 	 159 	 1.59 
3	0	 4	 0	Col	79	 0	83 	 83 	 0.83 

4	0	 4	 0	Row	179	 9	211 	 2515 	 25.15 
4	0	 4	 0	Col	179	 9	166 	 2470 	 24.7 

5	0	 4	 0	Row	210	 11	130 	 2946 	 29.46 
5	0	 4	 0	Col	210	 11	112 	 2928 	 29.28 

6	0	 4	 0	Row	49	 7	60 	 1852 	 18.52 
6	0	 4	 0	Col	49	 7	43 	 1835 	 18.35 

7	0	 4	 0	Row	115	 11	245 	 3061 	 30.61 
7	0	 4	 0	Col	115	 11	216 	 3032 	 30.32 

8	0	 4	 0	Row	99	 9	226 	 2530 	 25.3 
8	0	 4	 0	Col	99	 9	202 	 2506 	 25.06 

9	0	 4	 0	Row	66	 9	154 	 2458 	 24.58 
9	0	 4	 0	Col	66	 9	133 	 2437 	 24.37 

10	0	 4	 0	Row	145	 9	21 	 2325 	 23.25 
10	0	 4	 0	Col	145	 8	247 	 2295 	 22.95 

11	0	 4	 0	Row	127	 0	49 	 49 	 0.49 

12	0	 4	 0	Row	133	 9	0 	 2304 	 23.04 
12	0	 4	 0	Col	133	 8	230 	 2278 	 22.78 

13	0	 4	 0	Row	16	 12	31 	 3103 	 31.03 
13	0	 4	 0	Col	16	 12	11 	 3083 	 30.83 

14	0	 4	 0	Row	133	 11	57 	 2873 	 28.73 
14	0	 4	 0	Col	133	 11	37 	 2853 	 28.53 

15	0	 4	 0	Row	128	 8	173 	 2221 	 22.21 
15	0	 4	 0	Col	128	 8	151 	 2199 	 21.99 

16	0	 4	 0	Row	160	 8	200 	 2248 	 22.48 
16	0	 4	 0	Col	160	 8	180 	 2228 	 22.28 

17	0	 4	 0	Row	225	 11	182 	 2998 	 29.98 
17	0	 4	 0	Col	225	 11	164 	 2980 	 29.8 

18	0	 4	 0	Row	246	 0	184 	 184 	 1.84 
18	0	 4	 0	Col	247	 0	83 	 83 	 0.83 

19	0	 4	 0	Row	153	 4	229 	 1253 	 12.53 
19	0	 4	 0	Col	153	 4	195 	 1219 	 12.19 

20	0	 4	 0	Row	240	 11	15 	 2831 	 28.31 
20	0	 4	 0	Col	240	 10	238 	 2798 	 27.98 

21	0	 4	 0	Row	126	 3	45 	 813 	 8.13 
21	0	 4	 0	Col	128	 2	165 	 677 	 6.77 

22	0	 4	 0	Row	26	 11	84 	 2900 	 29.0 
22	0	 4	 0	Col	26	 11	59 	 2875 	 28.75 

23	0	 4	 0	Row	18	 11	187 	 3003 	 30.03 
23	0	 4	 0	Col	18	 11	155 	 2971 	 29.71 

24	0	 4	 0	Row	156	 12	65 	 3137 	 31.37 
24	0	 4	 0	Col	156	 12	40 	 3112 	 31.12 

25	0	 4	 0	Row	142	 11	88 	 2904 	 29.04 
25	0	 4	 0	Col	142	 11	41 	 2857 	 28.57 

26	0	 4	 0	Row	199	 11	186 	 3002 	 30.02 
26	0	 4	 0	Col	199	 11	160 	 2976 	 29.76 

27	0	 4	 0	Row	190	 12	186 	 3258 	 32.58 
27	0	 4	 0	Col	190	 12	165 	 3237 	 32.37 

28	0	 4	 0	Row	48	 11	82 	 2898 	 28.98 
28	0	 4	 0	Col	48	 11	62 	 2878 	 28.78 

29	0	 4	 0	Row	30	 11	110 	 2926 	 29.26 
29	0	 4	 0	Col	30	 11	76 	 2892 	 28.92 

30	0	 4	 0	Row	209	 11	8 	 2824 	 28.24 
30	0	 4	 0	Col	209	 10	243 	 2803 	 28.03 

31	0	 4	 0	Row	142	 10	19 	 2579 	 25.79 
31	0	 4	 0	Col	142	 9	252 	 2556 	 25.56 

32	0	 4	 0	Row	139	 11	100 	 2916 	 29.16 
32	0	 4	 0	Col	139	 11	81 	 2897 	 28.97 

33	0	 4	 0	Row	39	 11	121 	 2937 	 29.37 
33	0	 4	 0	Col	39	 11	100 	 2916 	 29.16 

34	0	 4	 0	Row	153	 11	54 	 2870 	 28.7 
34	0	 4	 0	Col	153	 11	34 	 2850 	 28.5 

35	0	 4	 0	Row	71	 12	43 	 3115 	 31.15 
35	0	 4	 0	Col	71	 12	17 	 3089 	 30.89 

36	0	 4	 0	Row	124	 10	138 	 2698 	 26.98 
36	0	 4	 0	Col	124	 10	118 	 2678 	 26.78 

37	0	 4	 0	Row	146	 11	26 	 2842 	 28.42 
37	0	 4	 0	Col	146	 10	252 	 2812 	 28.12 

38	0	 4	 0	Row	164	 9	134 	 2438 	 24.38 
38	0	 4	 0	Col	164	 9	113 	 2417 	 24.17 

39	0	 4	 0	Row	248	 11	50 	 2866 	 28.66 
39	0	 4	 0	Col	248	 11	26 	 2842 	 28.42 

40	0	 4	 0	Row	131	 9	190 	 2494 	 24.94 
40	0	 4	 0	Col	131	 9	171 	 2475 	 24.75 

41	0	 4	 0	Row	223	 11	90 	 2906 	 29.06 
41	0	 4	 0	Col	223	 11	58 	 2874 	 28.74 

42	0	 4	 0	Row	79	 10	85 	 2645 	 26.45 
42	0	 4	 0	Col	79	 10	61 	 2621 	 26.21 

43	0	 4	 0	Row	4	 3	42 	 810 	 8.1 
43	0	 4	 0	Col	4	 3	20 	 788 	 7.88 

44	0	 4	 0	Row	185	 10	158 	 2718 	 27.18 
44	0	 4	 0	Col	185	 10	140 	 2700 	 27.0 

45	0	 4	 0	Row	221	 10	127 	 2687 	 26.87 
45	0	 4	 0	Col	221	 10	111 	 2671 	 26.71 

46	0	 4	 0	Row	33	 0	239 	 239 	 2.39 
46	0	 4	 0	Col	33	 0	218 	 218 	 2.18 

47	0	 4	 0	Row	119	 11	173 	 2989 	 29.89 
47	0	 4	 0	Col	119	 11	140 	 2956 	 29.56 

48	0	 4	 0	Row	205	 10	117 	 2677 	 26.77 
48	0	 4	 0	Col	205	 10	85 	 2645 	 26.45 

49	0	 4	 0	Row	194	 11	112 	 2928 	 29.28 
49	0	 4	 0	Col	194	 11	90 	 2906 	 29.06 

50	0	 4	 0	Row	250	 12	30 	 3102 	 31.02 
50	0	 4	 0	Col	250	 12	5 	 3077 	 30.77 

51	0	 4	 0	Row	38	 11	218 	 3034 	 30.34 
51	0	 4	 0	Col	38	 11	197 	 3013 	 30.13 

52	0	 4	 0	Row	230	 3	90 	 858 	 8.58 
52	0	 4	 0	Col	230	 3	64 	 832 	 8.32 

53	0	 4	 0	Row	18	 10	173 	 2733 	 27.33 
53	0	 4	 0	Col	18	 10	143 	 2703 	 27.03 

54	0	 4	 0	Row	18	 9	161 	 2465 	 24.65 
54	0	 4	 0	Col	18	 9	137 	 2441 	 24.41 

55	0	 4	 0	Row	219	 12	97 	 3169 	 31.69 
55	0	 4	 0	Col	219	 12	76 	 3148 	 31.48 

56	0	 4	 0	Row	135	 6	154 	 1690 	 16.9 
56	0	 4	 0	Col	135	 6	129 	 1665 	 16.65 

57	0	 4	 0	Row	117	 10	211 	 2771 	 27.71 
57	0	 4	 0	Col	117	 10	183 	 2743 	 27.43 

58	0	 4	 0	Row	88	 10	205 	 2765 	 27.65 
58	0	 4	 0	Col	88	 10	181 	 2741 	 27.41 

59	0	 4	 0	Row	105	 10	180 	 2740 	 27.4 
59	0	 4	 0	Col	105	 10	161 	 2721 	 27.21 

60	0	 4	 0	Row	227	 7	42 	 1834 	 18.34 
60	0	 4	 0	Col	227	 7	18 	 1810 	 18.1 

61	0	 4	 0	Row	140	 12	178 	 3250 	 32.5 
61	0	 4	 0	Col	140	 12	149 	 3221 	 32.21 

62	0	 4	 0	Row	218	 11	218 	 3034 	 30.34 
62	0	 4	 0	Col	218	 11	194 	 3010 	 30.1 

63	0	 4	 0	Row	95	 9	96 	 2400 	 24.0 
63	0	 4	 0	Col	95	 9	80 	 2384 	 23.84 

64	0	 4	 0	Row	5	 11	213 	 3029 	 30.29 
64	0	 4	 0	Col	5	 11	194 	 3010 	 30.1 

65	0	 4	 0	Row	188	 11	35 	 2851 	 28.51 
65	0	 4	 0	Col	188	 11	13 	 2829 	 28.29 

66	0	 4	 0	Row	89	 10	67 	 2627 	 26.27 
66	0	 4	 0	Col	89	 10	32 	 2592 	 25.92 

67	0	 4	 0	Row	236	 10	30 	 2590 	 25.9 
67	0	 4	 0	Col	236	 10	12 	 2572 	 25.72 

68	0	 4	 0	Row	86	 9	204 	 2508 	 25.08 
68	0	 4	 0	Col	86	 9	186 	 2490 	 24.9 

69	0	 4	 0	Row	35	 10	49 	 2609 	 26.09 
69	0	 4	 0	Col	35	 10	32 	 2592 	 25.92 

70	0	 4	 0	Row	248	 9	149 	 2453 	 24.53 
70	0	 4	 0	Col	248	 9	108 	 2412 	 24.12 

71	0	 4	 0	Row	227	 10	24 	 2584 	 25.84 
71	0	 4	 0	Col	227	 9	250 	 2554 	 25.54 

72	0	 4	 0	Row	88	 9	125 	 2429 	 24.29 
72	0	 4	 0	Col	88	 9	106 	 2410 	 24.1 

73	0	 4	 0	Row	112	 11	31 	 2847 	 28.47 
73	0	 4	 0	Col	112	 11	5 	 2821 	 28.21 

74	0	 4	 0	Row	113	 10	225 	 2785 	 27.85 
74	0	 4	 0	Col	113	 10	208 	 2768 	 27.68 

75	0	 4	 0	Row	224	 10	158 	 2718 	 27.18 
75	0	 4	 0	Col	224	 10	124 	 2684 	 26.84 

76	0	 4	 0	Row	115	 0	134 	 134 	 1.34 
76	0	 4	 0	Col	115	 0	93 	 93 	 0.93 

77	0	 4	 0	Row	215	 10	171 	 2731 	 27.31 
77	0	 4	 0	Col	215	 10	154 	 2714 	 27.14 

78	0	 4	 0	Row	160	 9	38 	 2342 	 23.42 
78	0	 4	 0	Col	160	 9	12 	 2316 	 23.16 

79	0	 4	 0	Row	216	 11	46 	 2862 	 28.62 
79	0	 4	 0	Col	216	 11	16 	 2832 	 28.32 

80	0	 4	 0	Row	134	 11	137 	 2953 	 29.53 
80	0	 4	 0	Col	134	 11	114 	 2930 	 29.3 

81	0	 4	 0	Row	238	 11	164 	 2980 	 29.8 
81	0	 4	 0	Col	238	 11	142 	 2958 	 29.58 

82	0	 4	 0	Row	154	 12	138 	 3210 	 32.1 
82	0	 4	 0	Col	154	 12	119 	 3191 	 31.91 

83	0	 4	 0	Row	131	 10	251 	 2811 	 28.11 
83	0	 4	 0	Col	131	 10	220 	 2780 	 27.8 

84	0	 4	 0	Row	94	 10	210 	 2770 	 27.7 
84	0	 4	 0	Col	94	 10	181 	 2741 	 27.41 

85	0	 4	 0	Row	168	 8	155 	 2203 	 22.03 
85	0	 4	 0	Col	168	 8	133 	 2181 	 21.81 

86	0	 4	 0	Row	29	 5	58 	 1338 	 13.38 
86	0	 4	 0	Col	29	 5	33 	 1313 	 13.13 

87	0	 4	 0	Row	135	 10	225 	 2785 	 27.85 
87	0	 4	 0	Col	135	 10	194 	 2754 	 27.54 

88	0	 4	 0	Row	29	 11	174 	 2990 	 29.9 
88	0	 4	 0	Col	29	 11	159 	 2975 	 29.75 

89	0	 4	 0	Row	4	 11	11 	 2827 	 28.27 
89	0	 4	 0	Col	4	 10	247 	 2807 	 28.07 

90	0	 4	 0	Row	37	 9	15 	 2319 	 23.19 
90	0	 4	 0	Col	37	 8	250 	 2298 	 22.98 

91	0	 4	 0	Row	92	 11	175 	 2991 	 29.91 
91	0	 4	 0	Col	92	 11	157 	 2973 	 29.73 

92	0	 4	 0	Row	167	 10	169 	 2729 	 27.29 
92	0	 4	 0	Col	167	 10	144 	 2704 	 27.04 

93	0	 4	 0	Row	203	 10	56 	 2616 	 26.16 
93	0	 4	 0	Col	203	 10	37 	 2597 	 25.97 

94	0	 4	 0	Row	116	 10	214 	 2774 	 27.74 
94	0	 4	 0	Col	116	 10	185 	 2745 	 27.45 

95	0	 4	 0	Row	173	 11	111 	 2927 	 29.27 
95	0	 4	 0	Col	173	 11	92 	 2908 	 29.08 

96	0	 4	 0	Row	116	 11	75 	 2891 	 28.91 
96	0	 4	 0	Col	116	 11	55 	 2871 	 28.71 

97	0	 4	 0	Row	247	 6	15 	 1551 	 15.51 
97	0	 4	 0	Col	247	 5	221 	 1501 	 15.01 

