Voltageboard settings: [1.035, 1, 0, 0, 1, 1.1, 0, 0]
Digital: {'interrupt_pushpull': 1, 'En_Inj1': 0, 'En_Inj2': 0, 'En_Inj3': 0, 'En_Inj4': 0, 'En_Inj5': 0, 'En_Inj6': 0, 'En_Inj7': 0, 'En_Inj8': 0, 'En_Inj9': 0, 'En_Inj10': 0, 'En_Inj11': 0, 'En_Inj12': 0, 'En_Inj13': 0, 'En_Inj14': 0, 'En_Inj15': 0, 'En_Inj16': 0, 'En_Inj17': 0, 'En_Inj18': 0, 'ResetB': 0, 'Extrabit0': 1, 'Extrabit1': 1, 'Extrabit2': 1, 'Extrabit3': 1, 'Extrabit4': 1, 'Extrabit5': 1, 'Extrabit6': 1, 'Extrabit7': 1, 'Extrabit8': 0, 'Extrabit9': 0, 'Extrabit10': 0, 'Extrabit11': 0, 'Extrabit12': 0, 'Extrabit13': 0, 'Extrabit14': 0}
Biasblock: {'DisHiDR': 0, 'q01': 0, 'qon0': 0, 'qon1': 1, 'qon2': 0, 'qon3': 1}
DAC: {'blres': 0, 'nu1': 0, 'vn1': 20, 'vnfb': 1, 'vnfoll': 10, 'nu5': 0, 'nu6': 0, 'nu7': 0, 'nu8': 0, 'vn2': 0, 'vnfoll2': 1, 'vnbias': 0, 'vpload': 5, 'nu13': 0, 'vncomp': 2, 'vpfoll': 60, 'nu16': 0, 'vprec': 30, 'vnrec': 30}
Receiver: {'ColConfig0': 274877906940, 'ColConfig1': 68719476734, 'ColConfig2': 68719476734, 'ColConfig3': 68719476734, 'ColConfig4': 68719476734, 'ColConfig5': 68719476734, 'ColConfig6': 68719476734, 'ColConfig7': 68719476734, 'ColConfig8': 68719476734, 'ColConfig9': 68719476734, 'ColConfig10': 68719476734, 'ColConfig11': 68719476734, 'ColConfig12': 68719476734, 'ColConfig13': 68719476734, 'ColConfig14': 68719476734, 'ColConfig15': 68719476734, 'ColConfig16': 68719476734, 'ColConfig17': 68719476734, 'ColConfig18': 68719476734, 'ColConfig19': 68719476734, 'ColConfig20': 68719476734, 'ColConfig21': 68719476734, 'ColConfig22': 68719476734, 'ColConfig23': 68719476734, 'ColConfig24': 68719476734, 'ColConfig25': 68719476734, 'ColConfig26': 68719476734, 'ColConfig27': 68719476734, 'ColConfig28': 68719476734, 'ColConfig29': 68719476734, 'ColConfig30': 68719476734, 'ColConfig31': 68719476734, 'ColConfig32': 68719476734, 'ColConfig33': 68719476734, 'ColConfig34': 68719476734}

NEvent	ChipId	Payload	Locatn	Row/Col	tStamp	MSB	LSB	ToT	ToT(us)
0	0	 4	 0	Row	227	 4	209 	 1233 	 12.33 
0	0	 4	 0	Col	227	 2	182 	 694 	 6.94 
0	0	 4	 0	Row	160	 10	57 	 2617 	 26.17 
0	0	 4	 0	Col	160	 10	44 	 2604 	 26.04 

1	0	 4	 0	Row	26	 9	122 	 2426 	 24.26 
1	0	 4	 0	Col	26	 9	111 	 2415 	 24.15 

2	0	 4	 0	Row	40	 3	215 	 983 	 9.83 
2	0	 4	 0	Col	40	 3	201 	 969 	 9.69 

3	0	 4	 0	Row	50	 10	159 	 2719 	 27.19 
3	0	 4	 0	Col	50	 10	142 	 2702 	 27.02 

4	0	 4	 0	Row	205	 10	127 	 2687 	 26.87 
4	0	 4	 0	Col	205	 10	113 	 2673 	 26.73 

5	0	 4	 0	Row	44	 9	187 	 2491 	 24.91 
5	0	 4	 0	Col	44	 9	173 	 2477 	 24.77 

6	0	 4	 0	Row	151	 10	150 	 2710 	 27.1 
6	0	 4	 0	Col	151	 10	139 	 2699 	 26.99 

7	0	 4	 0	Row	30	 11	131 	 2947 	 29.47 
7	0	 4	 0	Col	30	 11	116 	 2932 	 29.32 

8	0	 4	 0	Row	201	 11	11 	 2827 	 28.27 
8	0	 4	 0	Col	201	 10	252 	 2812 	 28.12 

9	0	 4	 0	Row	0	 10	173 	 2733 	 27.33 
9	0	 4	 0	Col	0	 10	160 	 2720 	 27.2 

10	0	 4	 0	Row	49	 1	50 	 306 	 3.06 
10	0	 4	 0	Col	49	 1	23 	 279 	 2.79 

11	0	 4	 0	Row	27	 6	190 	 1726 	 17.26 
11	0	 4	 0	Col	27	 6	177 	 1713 	 17.13 

12	0	 4	 0	Row	172	 10	50 	 2610 	 26.1 
12	0	 4	 0	Col	172	 10	35 	 2595 	 25.95 

13	0	 4	 0	Row	237	 9	27 	 2331 	 23.31 
13	0	 4	 0	Col	237	 9	16 	 2320 	 23.2 

14	0	 4	 0	Row	105	 9	8 	 2312 	 23.12 
14	0	 4	 0	Col	105	 8	247 	 2295 	 22.95 

15	0	 4	 0	Row	230	 10	184 	 2744 	 27.44 
15	0	 4	 0	Col	230	 10	172 	 2732 	 27.32 

16	0	 4	 0	Row	222	 11	19 	 2835 	 28.35 
16	0	 4	 0	Col	222	 10	250 	 2810 	 28.1 

17	0	 4	 0	Row	117	 11	109 	 2925 	 29.25 
17	0	 4	 0	Col	117	 11	95 	 2911 	 29.11 

18	0	 4	 0	Row	159	 12	195 	 3267 	 32.67 
18	0	 4	 0	Col	159	 12	181 	 3253 	 32.53 

19	0	 4	 0	Row	201	 1	157 	 413 	 4.13 
19	0	 4	 0	Col	201	 1	143 	 399 	 3.99 

20	0	 4	 0	Row	131	 10	59 	 2619 	 26.19 
20	0	 4	 0	Col	131	 10	47 	 2607 	 26.07 

21	0	 4	 0	Row	190	 10	8 	 2568 	 25.68 
21	0	 4	 0	Col	190	 9	241 	 2545 	 25.45 

22	0	 4	 0	Row	229	 9	243 	 2547 	 25.47 
22	0	 4	 0	Col	229	 9	219 	 2523 	 25.23 

23	0	 4	 0	Row	126	 9	212 	 2516 	 25.16 
23	0	 4	 0	Col	126	 9	198 	 2502 	 25.02 

24	0	 4	 0	Row	29	 12	55 	 3127 	 31.27 
24	0	 4	 0	Col	29	 12	41 	 3113 	 31.13 

25	0	 4	 0	Row	167	 11	136 	 2952 	 29.52 
25	0	 4	 0	Col	167	 11	122 	 2938 	 29.38 

26	0	 4	 0	Row	1	 9	76 	 2380 	 23.8 
26	0	 4	 0	Col	1	 9	59 	 2363 	 23.63 

27	0	 4	 0	Row	161	 11	77 	 2893 	 28.93 
27	0	 4	 0	Col	161	 11	66 	 2882 	 28.82 

28	0	 4	 0	Row	203	 11	149 	 2965 	 29.65 
28	0	 4	 0	Col	203	 11	136 	 2952 	 29.52 

29	0	 4	 0	Row	63	 11	206 	 3022 	 30.22 
29	0	 4	 0	Col	63	 11	195 	 3011 	 30.11 

30	0	 4	 0	Row	220	 10	211 	 2771 	 27.71 
30	0	 4	 0	Col	220	 10	200 	 2760 	 27.6 

31	0	 4	 0	Row	164	 11	53 	 2869 	 28.69 
31	0	 4	 0	Col	164	 11	38 	 2854 	 28.54 

32	0	 4	 0	Row	15	 10	132 	 2692 	 26.92 
32	0	 4	 0	Col	15	 10	120 	 2680 	 26.8 

33	0	 4	 0	Row	19	 10	138 	 2698 	 26.98 
33	0	 4	 0	Col	19	 10	123 	 2683 	 26.83 

34	0	 4	 0	Row	82	 3	170 	 938 	 9.38 
34	0	 4	 0	Col	82	 3	154 	 922 	 9.22 

35	0	 4	 0	Row	201	 10	188 	 2748 	 27.48 
35	0	 4	 0	Col	201	 10	175 	 2735 	 27.35 

36	0	 4	 0	Row	248	 10	144 	 2704 	 27.04 
36	0	 4	 0	Col	248	 10	129 	 2689 	 26.89 

37	0	 4	 0	Row	28	 10	109 	 2669 	 26.69 
37	0	 4	 0	Col	28	 10	96 	 2656 	 26.56 

38	0	 4	 0	Row	136	 10	244 	 2804 	 28.04 
38	0	 4	 0	Col	136	 10	230 	 2790 	 27.9 

39	0	 4	 0	Row	185	 11	191 	 3007 	 30.07 
39	0	 4	 0	Col	185	 11	175 	 2991 	 29.91 

40	0	 4	 0	Row	164	 6	236 	 1772 	 17.72 
40	0	 4	 0	Col	164	 6	221 	 1757 	 17.57 

41	0	 4	 0	Row	12	 3	71 	 839 	 8.39 
41	0	 4	 0	Col	12	 3	55 	 823 	 8.23 

42	0	 4	 0	Row	182	 11	17 	 2833 	 28.33 
42	0	 4	 0	Col	182	 10	254 	 2814 	 28.14 

43	0	 4	 0	Row	72	 10	130 	 2690 	 26.9 
43	0	 4	 0	Col	72	 10	115 	 2675 	 26.75 

44	0	 4	 0	Row	92	 11	5 	 2821 	 28.21 
44	0	 4	 0	Col	92	 10	249 	 2809 	 28.09 

45	0	 4	 0	Row	103	 8	3 	 2051 	 20.51 
45	0	 4	 0	Col	103	 7	244 	 2036 	 20.36 

46	0	 4	 0	Row	244	 11	111 	 2927 	 29.27 
46	0	 4	 0	Col	244	 11	74 	 2890 	 28.9 

47	0	 4	 0	Row	163	 9	247 	 2551 	 25.51 
47	0	 4	 0	Col	163	 9	235 	 2539 	 25.39 

48	0	 4	 0	Row	80	 10	116 	 2676 	 26.76 
48	0	 4	 0	Col	80	 10	102 	 2662 	 26.62 

49	0	 4	 0	Row	18	 9	152 	 2456 	 24.56 
49	0	 4	 0	Col	18	 9	139 	 2443 	 24.43 

50	0	 4	 0	Row	250	 10	234 	 2794 	 27.94 
50	0	 4	 0	Col	250	 10	221 	 2781 	 27.81 

51	0	 4	 0	Row	127	 11	233 	 3049 	 30.49 
51	0	 4	 0	Col	127	 11	220 	 3036 	 30.36 

52	0	 4	 0	Row	16	 10	115 	 2675 	 26.75 
52	0	 4	 0	Col	16	 10	100 	 2660 	 26.6 

53	0	 4	 0	Row	219	 11	12 	 2828 	 28.28 
53	0	 4	 0	Col	219	 10	254 	 2814 	 28.14 

54	0	 4	 0	Row	219	 9	132 	 2436 	 24.36 
54	0	 4	 0	Col	15	 9	119 	 2423 	 24.23 

55	0	 4	 0	Row	144	 11	21 	 2837 	 28.37 
55	0	 4	 0	Col	144	 11	3 	 2819 	 28.19 

56	0	 4	 0	Row	198	 8	178 	 2226 	 22.26 
56	0	 4	 0	Col	198	 8	166 	 2214 	 22.14 

57	0	 4	 0	Row	172	 10	241 	 2801 	 28.01 
57	0	 4	 0	Col	172	 10	229 	 2789 	 27.89 

58	0	 4	 0	Row	72	 9	3 	 2307 	 23.07 
58	0	 4	 0	Col	72	 8	248 	 2296 	 22.96 

59	0	 4	 0	Row	179	 10	31 	 2591 	 25.91 
59	0	 4	 0	Col	179	 10	19 	 2579 	 25.79 

60	0	 4	 0	Row	191	 11	164 	 2980 	 29.8 
60	0	 4	 0	Col	191	 11	153 	 2969 	 29.69 

61	0	 4	 0	Row	84	 12	64 	 3136 	 31.36 
61	0	 4	 0	Col	84	 12	51 	 3123 	 31.23 

62	0	 4	 0	Row	249	 8	216 	 2264 	 22.64 
62	0	 4	 0	Col	249	 8	205 	 2253 	 22.53 

63	0	 4	 0	Row	57	 10	178 	 2738 	 27.38 
63	0	 4	 0	Col	57	 10	165 	 2725 	 27.25 

64	0	 4	 0	Row	152	 12	101 	 3173 	 31.73 
64	0	 4	 0	Col	152	 12	86 	 3158 	 31.58 

65	0	 4	 0	Row	23	 9	238 	 2542 	 25.42 
65	0	 4	 0	Col	23	 9	218 	 2522 	 25.22 

66	0	 4	 0	Row	67	 10	133 	 2693 	 26.93 
66	0	 4	 0	Col	67	 10	119 	 2679 	 26.79 

67	0	 4	 0	Row	59	 10	80 	 2640 	 26.4 
67	0	 4	 0	Col	59	 10	66 	 2626 	 26.26 

68	0	 4	 0	Row	77	 9	150 	 2454 	 24.54 
68	0	 4	 0	Col	77	 9	137 	 2441 	 24.41 

69	0	 4	 0	Row	231	 8	242 	 2290 	 22.9 
69	0	 4	 0	Col	231	 8	226 	 2274 	 22.74 

70	0	 4	 0	Row	150	 11	167 	 2983 	 29.83 
70	0	 4	 0	Col	150	 11	153 	 2969 	 29.69 

71	0	 4	 0	Row	174	 8	47 	 2095 	 20.95 
71	0	 4	 0	Col	174	 8	34 	 2082 	 20.82 

72	0	 4	 0	Row	218	 11	76 	 2892 	 28.92 
72	0	 4	 0	Col	218	 11	65 	 2881 	 28.81 

73	0	 4	 0	Row	168	 10	230 	 2790 	 27.9 
73	0	 4	 0	Col	168	 10	219 	 2779 	 27.79 

74	0	 4	 0	Row	115	 9	76 	 2380 	 23.8 
74	0	 4	 0	Col	115	 9	56 	 2360 	 23.6 

75	0	 4	 0	Row	2	 11	79 	 2895 	 28.95 
75	0	 4	 0	Col	2	 11	64 	 2880 	 28.8 

76	0	 4	 0	Row	60	 12	3 	 3075 	 30.75 
76	0	 4	 0	Col	60	 11	248 	 3064 	 30.64 

77	0	 4	 0	Row	122	 9	187 	 2491 	 24.91 
77	0	 4	 0	Col	122	 9	175 	 2479 	 24.79 

78	0	 4	 0	Row	24	 9	153 	 2457 	 24.57 
78	0	 4	 0	Col	24	 9	140 	 2444 	 24.44 

79	0	 4	 0	Row	60	 8	70 	 2118 	 21.18 
79	0	 4	 0	Col	60	 8	55 	 2103 	 21.03 

80	0	 4	 0	Row	28	 9	222 	 2526 	 25.26 
80	0	 4	 0	Col	28	 9	208 	 2512 	 25.12 

81	0	 4	 0	Row	164	 12	139 	 3211 	 32.11 
81	0	 4	 0	Col	164	 12	129 	 3201 	 32.01 

82	0	 4	 0	Row	185	 9	227 	 2531 	 25.31 
82	0	 4	 0	Col	185	 9	215 	 2519 	 25.19 

83	0	 4	 0	Row	71	 11	93 	 2909 	 29.09 
83	0	 4	 0	Col	71	 11	78 	 2894 	 28.94 

84	0	 4	 0	Row	217	 10	11 	 2571 	 25.71 
84	0	 4	 0	Col	217	 9	255 	 2559 	 25.59 

85	0	 4	 0	Row	164	 2	255 	 767 	 7.67 
85	0	 4	 0	Col	164	 2	216 	 728 	 7.28 

86	0	 4	 0	Row	80	 10	116 	 2676 	 26.76 
86	0	 4	 0	Col	80	 10	105 	 2665 	 26.65 

87	0	 4	 0	Row	100	 11	123 	 2939 	 29.39 
87	0	 4	 0	Col	100	 11	106 	 2922 	 29.22 

88	0	 4	 0	Row	126	 0	204 	 204 	 2.04 
88	0	 4	 0	Col	126	 0	191 	 191 	 1.91 

89	0	 4	 0	Row	221	 11	108 	 2924 	 29.24 
89	0	 4	 0	Col	221	 11	96 	 2912 	 29.12 

90	0	 4	 0	Row	38	 11	25 	 2841 	 28.41 
90	0	 4	 0	Col	38	 11	9 	 2825 	 28.25 

91	0	 4	 0	Row	82	 11	41 	 2857 	 28.57 
91	0	 4	 0	Col	82	 11	21 	 2837 	 28.37 

92	0	 4	 0	Row	22	 10	167 	 2727 	 27.27 
92	0	 4	 0	Col	22	 10	146 	 2706 	 27.06 

93	0	 4	 0	Row	108	 11	84 	 2900 	 29.0 
93	0	 4	 0	Col	108	 11	72 	 2888 	 28.88 

94	0	 4	 0	Row	75	 9	245 	 2549 	 25.49 
94	0	 4	 0	Col	75	 9	230 	 2534 	 25.34 

95	0	 4	 0	Row	75	 0	63 	 63 	 0.63 
95	0	 4	 0	Col	75	 0	40 	 40 	 0.4 

96	0	 4	 0	Row	40	 9	175 	 2479 	 24.79 
96	0	 4	 0	Col	40	 9	162 	 2466 	 24.66 

97	0	 4	 0	Row	244	 11	249 	 3065 	 30.65 
97	0	 4	 0	Col	244	 11	237 	 3053 	 30.53 

98	0	 4	 0	Row	139	 11	171 	 2987 	 29.87 
98	0	 4	 0	Col	139	 11	158 	 2974 	 29.74 

99	0	 4	 0	Row	102	 9	182 	 2486 	 24.86 
99	0	 4	 0	Col	102	 9	162 	 2466 	 24.66 

100	0	 4	 0	Row	102	 9	90 	 2394 	 23.94 
100	0	 4	 0	Col	102	 9	76 	 2380 	 23.8 

101	0	 4	 0	Row	91	 9	97 	 2401 	 24.01 
101	0	 4	 0	Col	91	 9	85 	 2389 	 23.89 

102	0	 4	 0	Row	199	 8	251 	 2299 	 22.99 
102	0	 4	 0	Col	199	 8	238 	 2286 	 22.86 

103	0	 4	 0	Row	101	 10	34 	 2594 	 25.94 
103	0	 4	 0	Col	101	 10	22 	 2582 	 25.82 

104	0	 4	 0	Row	125	 10	179 	 2739 	 27.39 
104	0	 4	 0	Col	125	 10	163 	 2723 	 27.23 

105	0	 4	 0	Row	124	 11	165 	 2981 	 29.81 
105	0	 4	 0	Col	124	 11	153 	 2969 	 29.69 

106	0	 4	 0	Row	42	 11	133 	 2949 	 29.49 
106	0	 4	 0	Col	42	 11	116 	 2932 	 29.32 

107	0	 4	 0	Row	191	 9	84 	 2388 	 23.88 
107	0	 4	 0	Col	191	 9	25 	 2329 	 23.29 

108	0	 4	 0	Row	134	 10	87 	 2647 	 26.47 
108	0	 4	 0	Col	134	 10	74 	 2634 	 26.34 

109	0	 4	 0	Row	102	 8	237 	 2285 	 22.85 
109	0	 4	 0	Col	102	 8	224 	 2272 	 22.72 

110	0	 4	 0	Row	77	 11	27 	 2843 	 28.43 
110	0	 4	 0	Col	77	 11	11 	 2827 	 28.27 

111	0	 4	 0	Row	12	 7	229 	 2021 	 20.21 
111	0	 4	 0	Col	12	 7	217 	 2009 	 20.09 

112	0	 4	 0	Row	8	 9	166 	 2470 	 24.7 
112	0	 4	 0	Col	8	 9	150 	 2454 	 24.54 

113	0	 4	 0	Row	114	 10	28 	 2588 	 25.88 
113	0	 4	 0	Col	114	 9	253 	 2557 	 25.57 

114	0	 4	 0	Row	148	 10	122 	 2682 	 26.82 
114	0	 4	 0	Col	148	 10	108 	 2668 	 26.68 

115	0	 4	 0	Row	186	 9	120 	 2424 	 24.24 
115	0	 4	 0	Col	186	 9	105 	 2409 	 24.09 

116	0	 4	 0	Row	17	 10	215 	 2775 	 27.75 
116	0	 4	 0	Col	17	 10	205 	 2765 	 27.65 

