Voltageboard settings: [1.035, 1, 0, 0, 1, 1.1, 0, 0]
Digital: {'interrupt_pushpull': 1, 'En_Inj1': 0, 'En_Inj2': 0, 'En_Inj3': 0, 'En_Inj4': 0, 'En_Inj5': 0, 'En_Inj6': 0, 'En_Inj7': 0, 'En_Inj8': 0, 'En_Inj9': 0, 'En_Inj10': 0, 'En_Inj11': 0, 'En_Inj12': 0, 'En_Inj13': 0, 'En_Inj14': 0, 'En_Inj15': 0, 'En_Inj16': 0, 'En_Inj17': 0, 'En_Inj18': 0, 'ResetB': 0, 'Extrabit0': 1, 'Extrabit1': 1, 'Extrabit2': 1, 'Extrabit3': 1, 'Extrabit4': 1, 'Extrabit5': 1, 'Extrabit6': 1, 'Extrabit7': 1, 'Extrabit8': 0, 'Extrabit9': 0, 'Extrabit10': 0, 'Extrabit11': 0, 'Extrabit12': 0, 'Extrabit13': 0, 'Extrabit14': 0}
Biasblock: {'DisHiDR': 0, 'q01': 0, 'qon0': 0, 'qon1': 1, 'qon2': 0, 'qon3': 1}
DAC: {'blres': 0, 'nu1': 0, 'vn1': 20, 'vnfb': 1, 'vnfoll': 10, 'nu5': 0, 'nu6': 0, 'nu7': 0, 'nu8': 0, 'vn2': 0, 'vnfoll2': 1, 'vnbias': 0, 'vpload': 5, 'nu13': 0, 'vncomp': 2, 'vpfoll': 60, 'nu16': 0, 'vprec': 30, 'vnrec': 30}
Receiver: {'ColConfig0': 274877906940, 'ColConfig1': 68719476734, 'ColConfig2': 68719476734, 'ColConfig3': 68719476734, 'ColConfig4': 68719476734, 'ColConfig5': 68719476734, 'ColConfig6': 68719476734, 'ColConfig7': 68719476734, 'ColConfig8': 68719476734, 'ColConfig9': 68719476734, 'ColConfig10': 68719476734, 'ColConfig11': 68719476734, 'ColConfig12': 68719476734, 'ColConfig13': 68719476734, 'ColConfig14': 68719476734, 'ColConfig15': 68719476734, 'ColConfig16': 68719476734, 'ColConfig17': 68719476734, 'ColConfig18': 68719476734, 'ColConfig19': 68719476734, 'ColConfig20': 68719476734, 'ColConfig21': 68719476734, 'ColConfig22': 68719476734, 'ColConfig23': 68719476734, 'ColConfig24': 68719476734, 'ColConfig25': 68719476734, 'ColConfig26': 68719476734, 'ColConfig27': 68719476734, 'ColConfig28': 68719476734, 'ColConfig29': 68719476734, 'ColConfig30': 68719476734, 'ColConfig31': 68719476734, 'ColConfig32': 68719476734, 'ColConfig33': 68719476734, 'ColConfig34': 68719476734}

NEvent	ChipId	Payload	Locatn	Row/Col	tStamp	MSB	LSB	ToT	ToT(us)
0	0	 4	 0	Row	250	 9	222 	 2526 	 25.26 
0	0	 4	 0	Col	250	 9	193 	 2497 	 24.97 
0	0	 4	 0	Row	2	 7	78 	 1870 	 18.7 
0	0	 4	 0	Col	2	 7	64 	 1856 	 18.56 

1	0	 4	 0	Row	247	 11	226 	 3042 	 30.42 
1	0	 4	 0	Col	247	 11	211 	 3027 	 30.27 

2	0	 4	 0	Row	243	 12	191 	 3263 	 32.63 
2	0	 4	 0	Col	243	 12	176 	 3248 	 32.48 

3	0	 4	 0	Row	225	 10	244 	 2804 	 28.04 
3	0	 4	 0	Col	225	 10	229 	 2789 	 27.89 

4	0	 4	 0	Row	245	 4	29 	 1053 	 10.53 
4	0	 4	 0	Col	245	 4	14 	 1038 	 10.38 

5	0	 4	 0	Row	36	 9	223 	 2527 	 25.27 
5	0	 4	 0	Col	36	 9	208 	 2512 	 25.12 

6	0	 4	 0	Row	88	 12	253 	 3325 	 33.25 
6	0	 4	 0	Col	88	 12	237 	 3309 	 33.09 

7	0	 4	 0	Row	54	 12	64 	 3136 	 31.36 
7	0	 4	 0	Col	54	 12	49 	 3121 	 31.21 

8	0	 4	 0	Row	26	 12	72 	 3144 	 31.44 
8	0	 4	 0	Col	26	 12	58 	 3130 	 31.3 

9	0	 4	 0	Row	77	 3	202 	 970 	 9.7 
9	0	 4	 0	Col	77	 3	187 	 955 	 9.55 

10	0	 4	 0	Row	240	 11	103 	 2919 	 29.19 
10	0	 4	 0	Col	240	 11	88 	 2904 	 29.04 

11	0	 4	 0	Row	81	 10	17 	 2577 	 25.77 
11	0	 4	 0	Col	81	 10	3 	 2563 	 25.63 

12	0	 4	 0	Row	98	 13	54 	 3382 	 33.82 
12	0	 4	 0	Col	98	 13	40 	 3368 	 33.68 

13	0	 4	 0	Row	130	 12	103 	 3175 	 31.75 
13	0	 4	 0	Col	130	 12	89 	 3161 	 31.61 

14	0	 4	 0	Row	37	 3	178 	 946 	 9.46 
14	0	 4	 0	Col	37	 3	163 	 931 	 9.31 

15	0	 4	 0	Row	108	 2	95 	 607 	 6.07 
15	0	 4	 0	Col	108	 2	70 	 582 	 5.82 

16	0	 4	 0	Row	114	 3	25 	 793 	 7.93 
16	0	 4	 0	Col	114	 3	9 	 777 	 7.77 

17	0	 4	 0	Row	186	 10	183 	 2743 	 27.43 
17	0	 4	 0	Col	186	 10	168 	 2728 	 27.28 

18	0	 4	 0	Row	19	 2	147 	 659 	 6.59 
18	0	 4	 0	Col	19	 2	134 	 646 	 6.46 

19	0	 4	 0	Row	220	 13	1 	 3329 	 33.29 
19	0	 4	 0	Col	220	 12	243 	 3315 	 33.15 

20	0	 4	 0	Row	202	 3	20 	 788 	 7.88 
20	0	 4	 0	Col	202	 3	6 	 774 	 7.74 

21	0	 4	 0	Row	6	 12	40 	 3112 	 31.12 
21	0	 4	 0	Col	6	 12	25 	 3097 	 30.97 

22	0	 4	 0	Row	1	 12	161 	 3233 	 32.33 
22	0	 4	 0	Col	1	 12	146 	 3218 	 32.18 

23	0	 4	 0	Row	117	 11	4 	 2820 	 28.2 
23	0	 4	 0	Col	117	 10	246 	 2806 	 28.06 

24	0	 4	 0	Row	64	 4	236 	 1260 	 12.6 
24	0	 4	 0	Col	64	 4	221 	 1245 	 12.45 

25	0	 4	 0	Row	169	 13	29 	 3357 	 33.57 
25	0	 4	 0	Col	169	 13	15 	 3343 	 33.43 

26	0	 4	 0	Row	58	 5	169 	 1449 	 14.49 
26	0	 4	 0	Col	58	 5	154 	 1434 	 14.34 

27	0	 4	 0	Row	69	 10	37 	 2597 	 25.97 
27	0	 4	 0	Col	69	 10	22 	 2582 	 25.82 

28	0	 4	 0	Row	22	 11	2 	 2818 	 28.18 
28	0	 4	 0	Col	22	 10	244 	 2804 	 28.04 

29	0	 4	 0	Row	42	 10	168 	 2728 	 27.28 
29	0	 4	 0	Col	42	 10	153 	 2713 	 27.13 

30	0	 4	 0	Row	11	 3	252 	 1020 	 10.2 
30	0	 4	 0	Col	12	 3	200 	 968 	 9.68 

31	0	 4	 0	Row	255	 12	192 	 3264 	 32.64 
31	0	 4	 0	Col	255	 12	174 	 3246 	 32.46 

32	0	 4	 0	Row	25	 12	127 	 3199 	 31.99 
32	0	 4	 0	Col	25	 12	112 	 3184 	 31.84 

33	0	 4	 0	Row	188	 12	215 	 3287 	 32.87 
33	0	 4	 0	Col	188	 12	200 	 3272 	 32.72 

34	0	 4	 0	Row	214	 12	124 	 3196 	 31.96 
34	0	 4	 0	Col	214	 12	109 	 3181 	 31.81 

35	0	 4	 0	Row	202	 12	226 	 3298 	 32.98 
35	0	 4	 0	Col	202	 12	210 	 3282 	 32.82 

36	0	 4	 0	Row	39	 4	17 	 1041 	 10.41 
36	0	 4	 0	Col	39	 4	2 	 1026 	 10.26 

37	0	 4	 0	Row	194	 13	23 	 3351 	 33.51 
37	0	 4	 0	Col	194	 13	8 	 3336 	 33.36 

38	0	 4	 0	Row	233	 12	202 	 3274 	 32.74 
38	0	 4	 0	Col	233	 12	187 	 3259 	 32.59 

39	0	 4	 0	Row	94	 4	151 	 1175 	 11.75 
39	0	 4	 0	Col	94	 4	137 	 1161 	 11.61 

40	0	 4	 0	Row	121	 11	14 	 2830 	 28.3 
40	0	 4	 0	Col	121	 11	0 	 2816 	 28.16 

41	0	 4	 0	Row	39	 12	25 	 3097 	 30.97 
41	0	 4	 0	Col	39	 12	10 	 3082 	 30.82 

42	0	 4	 0	Row	71	 9	1 	 2305 	 23.05 
42	0	 4	 0	Col	71	 8	244 	 2292 	 22.92 

43	0	 4	 0	Row	142	 12	148 	 3220 	 32.2 
43	0	 4	 0	Col	142	 12	135 	 3207 	 32.07 

44	0	 4	 0	Row	43	 3	108 	 876 	 8.76 
44	0	 4	 0	Col	43	 3	93 	 861 	 8.61 

45	0	 4	 0	Row	145	 0	75 	 75 	 0.75 
45	0	 4	 0	Col	145	 0	50 	 50 	 0.5 

46	0	 4	 0	Row	16	 12	194 	 3266 	 32.66 
46	0	 4	 0	Col	16	 12	180 	 3252 	 32.52 

47	0	 4	 0	Row	237	 12	117 	 3189 	 31.89 
47	0	 4	 0	Col	237	 12	102 	 3174 	 31.74 

48	0	 4	 0	Row	146	 13	34 	 3362 	 33.62 
48	0	 4	 0	Col	146	 13	19 	 3347 	 33.47 

49	0	 4	 0	Row	230	 12	41 	 3113 	 31.13 
49	0	 4	 0	Col	230	 12	26 	 3098 	 30.98 

50	0	 4	 0	Row	236	 3	208 	 976 	 9.76 
50	0	 4	 0	Col	236	 3	193 	 961 	 9.61 

51	0	 4	 0	Row	219	 10	109 	 2669 	 26.69 
51	0	 4	 0	Col	219	 10	93 	 2653 	 26.53 

52	0	 4	 0	Row	83	 6	17 	 1553 	 15.53 
52	0	 4	 0	Col	83	 6	2 	 1538 	 15.38 

53	0	 4	 0	Row	164	 3	45 	 813 	 8.13 
53	0	 4	 0	Col	164	 3	30 	 798 	 7.98 

54	0	 4	 0	Row	117	 12	22 	 3094 	 30.94 
54	0	 4	 0	Col	117	 12	7 	 3079 	 30.79 

55	0	 4	 0	Row	198	 12	120 	 3192 	 31.92 
55	0	 4	 0	Col	198	 12	98 	 3170 	 31.7 

56	0	 4	 0	Row	10	 2	140 	 652 	 6.52 
56	0	 4	 0	Col	10	 2	123 	 635 	 6.35 

57	0	 4	 0	Row	7	 11	181 	 2997 	 29.97 
57	0	 4	 0	Col	7	 11	167 	 2983 	 29.83 

58	0	 4	 0	Row	9	 3	242 	 1010 	 10.1 
58	0	 4	 0	Col	9	 3	228 	 996 	 9.96 

59	0	 4	 0	Row	102	 11	14 	 2830 	 28.3 
59	0	 4	 0	Col	102	 11	0 	 2816 	 28.16 

60	0	 4	 0	Row	115	 12	28 	 3100 	 31.0 
60	0	 4	 0	Col	115	 12	12 	 3084 	 30.84 

61	0	 4	 0	Row	88	 13	29 	 3357 	 33.57 
61	0	 4	 0	Col	88	 13	13 	 3341 	 33.41 

62	0	 4	 0	Row	36	 4	14 	 1038 	 10.38 
62	0	 4	 0	Col	36	 3	254 	 1022 	 10.22 

63	0	 4	 0	Row	6	 13	20 	 3348 	 33.48 
63	0	 4	 0	Col	6	 13	7 	 3335 	 33.35 

64	0	 4	 0	Row	118	 10	194 	 2754 	 27.54 
64	0	 4	 0	Col	118	 10	180 	 2740 	 27.4 

65	0	 4	 0	Row	67	 0	181 	 181 	 1.81 
65	0	 4	 0	Col	67	 0	166 	 166 	 1.66 

66	0	 4	 0	Row	2	 12	83 	 3155 	 31.55 
66	0	 4	 0	Col	2	 12	69 	 3141 	 31.41 

67	0	 4	 0	Row	104	 12	137 	 3209 	 32.09 
67	0	 4	 0	Col	104	 12	123 	 3195 	 31.95 

68	0	 4	 0	Row	135	 12	2 	 3074 	 30.74 
68	0	 4	 0	Col	135	 11	244 	 3060 	 30.6 

69	0	 4	 0	Row	125	 3	104 	 872 	 8.72 
69	0	 4	 0	Col	125	 3	89 	 857 	 8.57 

70	0	 4	 0	Row	75	 13	128 	 3456 	 34.56 
70	0	 4	 0	Col	75	 13	113 	 3441 	 34.41 

71	0	 4	 0	Row	111	 12	198 	 3270 	 32.7 
71	0	 4	 0	Col	111	 12	182 	 3254 	 32.54 

72	0	 4	 0	Row	111	 4	22 	 1046 	 10.46 
72	0	 4	 0	Col	111	 4	8 	 1032 	 10.32 

73	0	 4	 0	Row	248	 12	51 	 3123 	 31.23 
73	0	 4	 0	Col	248	 12	36 	 3108 	 31.08 

74	0	 4	 0	Row	186	 8	66 	 2114 	 21.14 
74	0	 4	 0	Col	186	 8	51 	 2099 	 20.99 

75	0	 4	 0	Row	16	 10	151 	 2711 	 27.11 
75	0	 4	 0	Col	16	 10	137 	 2697 	 26.97 

76	0	 4	 0	Row	55	 11	140 	 2956 	 29.56 
76	0	 4	 0	Col	55	 11	126 	 2942 	 29.42 

77	0	 4	 0	Row	224	 11	219 	 3035 	 30.35 
77	0	 4	 0	Col	224	 11	204 	 3020 	 30.2 

78	0	 4	 0	Row	161	 11	53 	 2869 	 28.69 
78	0	 4	 0	Col	161	 11	37 	 2853 	 28.53 

79	0	 4	 0	Row	16	 1	212 	 468 	 4.68 
79	0	 4	 0	Col	16	 1	196 	 452 	 4.52 

80	0	 4	 0	Row	39	 13	91 	 3419 	 34.19 
80	0	 4	 0	Col	39	 13	77 	 3405 	 34.05 

81	0	 4	 0	Row	43	 3	152 	 920 	 9.2 
81	0	 4	 0	Col	43	 3	137 	 905 	 9.05 

82	0	 4	 0	Row	165	 13	115 	 3443 	 34.43 
82	0	 4	 0	Col	165	 13	102 	 3430 	 34.3 

83	0	 4	 0	Row	217	 7	164 	 1956 	 19.56 
83	0	 4	 0	Col	217	 7	149 	 1941 	 19.41 

84	0	 4	 0	Row	138	 2	81 	 593 	 5.93 
84	0	 4	 0	Col	138	 2	66 	 578 	 5.78 

85	0	 4	 0	Row	227	 12	122 	 3194 	 31.94 
85	0	 4	 0	Col	227	 12	109 	 3181 	 31.81 

86	0	 4	 0	Row	154	 12	243 	 3315 	 33.15 
86	0	 4	 0	Col	154	 12	229 	 3301 	 33.01 

87	0	 4	 0	Row	128	 13	65 	 3393 	 33.93 
87	0	 4	 0	Col	128	 13	50 	 3378 	 33.78 

88	0	 4	 0	Row	45	 5	61 	 1341 	 13.41 
88	0	 4	 0	Col	45	 5	43 	 1323 	 13.23 

89	0	 4	 0	Row	130	 2	46 	 558 	 5.58 
89	0	 4	 0	Col	130	 2	31 	 543 	 5.43 

90	0	 4	 0	Row	140	 3	142 	 910 	 9.1 
90	0	 4	 0	Col	140	 3	127 	 895 	 8.95 

91	0	 4	 0	Row	204	 12	239 	 3311 	 33.11 
91	0	 4	 0	Col	204	 12	224 	 3296 	 32.96 

92	0	 4	 0	Row	49	 13	155 	 3483 	 34.83 
92	0	 4	 0	Col	49	 13	140 	 3468 	 34.68 

93	0	 4	 0	Row	147	 12	57 	 3129 	 31.29 
93	0	 4	 0	Col	147	 12	42 	 3114 	 31.14 

94	0	 4	 0	Row	181	 4	24 	 1048 	 10.48 
94	0	 4	 0	Col	181	 4	10 	 1034 	 10.34 

95	0	 4	 0	Row	181	 0	62 	 62 	 0.62 
95	0	 4	 0	Col	181	 0	43 	 43 	 0.43 

96	0	 4	 0	Row	71	 2	90 	 602 	 6.02 
96	0	 4	 0	Col	71	 2	74 	 586 	 5.86 

97	0	 4	 0	Row	44	 12	2 	 3074 	 30.74 
97	0	 4	 0	Col	44	 11	243 	 3059 	 30.59 

98	0	 4	 0	Row	72	 2	172 	 684 	 6.84 
98	0	 4	 0	Col	72	 2	157 	 669 	 6.69 

99	0	 4	 0	Row	111	 12	22 	 3094 	 30.94 
99	0	 4	 0	Col	111	 12	7 	 3079 	 30.79 

100	0	 4	 0	Row	175	 13	147 	 3475 	 34.75 
100	0	 4	 0	Col	175	 13	132 	 3460 	 34.6 

101	0	 4	 0	Row	185	 9	69 	 2373 	 23.73 
101	0	 4	 0	Col	185	 9	55 	 2359 	 23.59 

102	0	 4	 0	Row	106	 10	174 	 2734 	 27.34 
102	0	 4	 0	Col	106	 10	158 	 2718 	 27.18 

103	0	 4	 0	Row	107	 11	60 	 2876 	 28.76 
103	0	 4	 0	Col	107	 11	46 	 2862 	 28.62 

104	0	 4	 0	Row	157	 12	18 	 3090 	 30.9 
104	0	 4	 0	Col	157	 12	5 	 3077 	 30.77 

105	0	 4	 0	Row	53	 11	240 	 3056 	 30.56 
105	0	 4	 0	Col	53	 11	224 	 3040 	 30.4 

106	0	 4	 0	Row	87	 4	233 	 1257 	 12.57 
106	0	 4	 0	Col	87	 4	217 	 1241 	 12.41 

107	0	 4	 0	Row	65	 9	46 	 2350 	 23.5 
107	0	 4	 0	Col	65	 9	32 	 2336 	 23.36 

108	0	 4	 0	Row	166	 9	254 	 2558 	 25.58 
108	0	 4	 0	Col	166	 9	239 	 2543 	 25.43 

109	0	 4	 0	Row	119	 3	232 	 1000 	 10.0 
109	0	 4	 0	Col	119	 3	217 	 985 	 9.85 

110	0	 4	 0	Row	162	 10	238 	 2798 	 27.98 
110	0	 4	 0	Col	162	 10	223 	 2783 	 27.83 

111	0	 4	 0	Row	0	 3	176 	 944 	 9.44 
111	0	 4	 0	Col	0	 3	162 	 930 	 9.3 

112	0	 4	 0	Row	147	 4	21 	 1045 	 10.45 
112	0	 4	 0	Col	147	 4	8 	 1032 	 10.32 

113	0	 4	 0	Row	19	 12	25 	 3097 	 30.97 
113	0	 4	 0	Col	19	 12	11 	 3083 	 30.83 

114	0	 4	 0	Row	237	 1	112 	 368 	 3.68 
114	0	 4	 0	Col	237	 1	93 	 349 	 3.49 

115	0	 4	 0	Row	71	 3	228 	 996 	 9.96 
115	0	 4	 0	Col	71	 3	214 	 982 	 9.82 

116	0	 4	 0	Row	246	 4	162 	 1186 	 11.86 
116	0	 4	 0	Col	246	 4	147 	 1171 	 11.71 

117	0	 4	 0	Row	126	 13	102 	 3430 	 34.3 
117	0	 4	 0	Col	126	 13	87 	 3415 	 34.15 

118	0	 4	 0	Row	238	 4	159 	 1183 	 11.83 
118	0	 4	 0	Col	238	 4	146 	 1170 	 11.7 

119	0	 4	 0	Row	191	 12	148 	 3220 	 32.2 
119	0	 4	 0	Col	191	 12	133 	 3205 	 32.05 

120	0	 4	 0	Row	23	 4	150 	 1174 	 11.74 
120	0	 4	 0	Col	23	 4	134 	 1158 	 11.58 

121	0	 4	 0	Row	105	 13	206 	 3534 	 35.34 
121	0	 4	 0	Col	105	 13	191 	 3519 	 35.19 

122	0	 4	 0	Row	152	 12	54 	 3126 	 31.26 
122	0	 4	 0	Col	152	 12	40 	 3112 	 31.12 

123	0	 4	 0	Row	0	 6	90 	 1626 	 16.26 
123	0	 4	 0	Col	0	 6	64 	 1600 	 16.0 

124	0	 4	 0	Row	151	 12	165 	 3237 	 32.37 
124	0	 4	 0	Col	151	 12	150 	 3222 	 32.22 

125	0	 4	 0	Row	137	 10	121 	 2681 	 26.81 
125	0	 4	 0	Col	137	 10	105 	 2665 	 26.65 

126	0	 4	 0	Row	52	 12	116 	 3188 	 31.88 
126	0	 4	 0	Col	52	 12	102 	 3174 	 31.74 

127	0	 4	 0	Row	138	 6	63 	 1599 	 15.99 
127	0	 4	 0	Col	138	 6	49 	 1585 	 15.85 

128	0	 4	 0	Row	126	 4	32 	 1056 	 10.56 
128	0	 4	 0	Col	126	 4	18 	 1042 	 10.42 

129	0	 4	 0	Row	74	 3	219 	 987 	 9.87 
129	0	 4	 0	Col	74	 3	204 	 972 	 9.72 

130	0	 4	 0	Row	71	 1	252 	 508 	 5.08 
130	0	 4	 0	Col	71	 1	237 	 493 	 4.93 

131	0	 4	 0	Row	218	 6	97 	 1633 	 16.33 
131	0	 4	 0	Col	218	 6	82 	 1618 	 16.18 

132	0	 4	 0	Row	86	 10	247 	 2807 	 28.07 
132	0	 4	 0	Col	86	 10	232 	 2792 	 27.92 

133	0	 4	 0	Row	71	 12	109 	 3181 	 31.81 
133	0	 4	 0	Col	71	 12	95 	 3167 	 31.67 

134	0	 4	 0	Row	11	 4	162 	 1186 	 11.86 
134	0	 4	 0	Col	11	 4	146 	 1170 	 11.7 

135	0	 4	 0	Row	230	 11	177 	 2993 	 29.93 
135	0	 4	 0	Col	230	 11	161 	 2977 	 29.77 

136	0	 4	 0	Row	78	 3	69 	 837 	 8.37 
136	0	 4	 0	Col	78	 3	55 	 823 	 8.23 

137	0	 4	 0	Row	216	 1	248 	 504 	 5.04 
137	0	 4	 0	Col	216	 1	233 	 489 	 4.89 

138	0	 4	 0	Row	96	 11	148 	 2964 	 29.64 
138	0	 4	 0	Col	96	 11	132 	 2948 	 29.48 

139	0	 4	 0	Row	136	 11	20 	 2836 	 28.36 
139	0	 4	 0	Col	136	 11	5 	 2821 	 28.21 

140	0	 4	 0	Row	220	 13	40 	 3368 	 33.68 
140	0	 4	 0	Col	220	 13	26 	 3354 	 33.54 

141	0	 4	 0	Row	14	 7	189 	 1981 	 19.81 
141	0	 4	 0	Col	14	 7	174 	 1966 	 19.66 

142	0	 4	 0	Row	212	 11	184 	 3000 	 30.0 
142	0	 4	 0	Col	212	 11	170 	 2986 	 29.86 

143	0	 4	 0	Row	109	 3	152 	 920 	 9.2 
143	0	 4	 0	Col	109	 3	137 	 905 	 9.05 

144	0	 4	 0	Row	120	 13	206 	 3534 	 35.34 
144	0	 4	 0	Col	120	 13	191 	 3519 	 35.19 

145	0	 4	 0	Row	81	 14	181 	 3765 	 37.65 
145	0	 4	 0	Col	81	 14	149 	 3733 	 37.33 

146	0	 4	 0	Row	235	 12	164 	 3236 	 32.36 
146	0	 4	 0	Col	235	 12	149 	 3221 	 32.21 

147	0	 4	 0	Row	235	 11	233 	 3049 	 30.49 
147	0	 4	 0	Col	58	 11	219 	 3035 	 30.35 

148	0	 4	 0	Row	82	 11	171 	 2987 	 29.87 
148	0	 4	 0	Col	82	 11	156 	 2972 	 29.72 

149	0	 4	 0	Row	6	 11	236 	 3052 	 30.52 
149	0	 4	 0	Col	6	 11	222 	 3038 	 30.38 

150	0	 4	 0	Row	158	 13	122 	 3450 	 34.5 
150	0	 4	 0	Col	158	 13	108 	 3436 	 34.36 

151	0	 4	 0	Row	166	 10	75 	 2635 	 26.35 
151	0	 4	 0	Col	166	 10	60 	 2620 	 26.2 

152	0	 4	 0	Row	106	 11	147 	 2963 	 29.63 
152	0	 4	 0	Col	106	 11	131 	 2947 	 29.47 

153	0	 4	 0	Row	87	 13	16 	 3344 	 33.44 
153	0	 4	 0	Col	87	 13	0 	 3328 	 33.28 

154	0	 4	 0	Row	10	 4	242 	 1266 	 12.66 
154	0	 4	 0	Col	10	 4	227 	 1251 	 12.51 

155	0	 4	 0	Row	138	 10	157 	 2717 	 27.17 
155	0	 4	 0	Col	138	 10	141 	 2701 	 27.01 

156	0	 4	 0	Row	108	 2	92 	 604 	 6.04 
156	0	 4	 0	Col	108	 2	77 	 589 	 5.89 

157	0	 4	 0	Row	58	 13	220 	 3548 	 35.48 
157	0	 4	 0	Col	58	 13	205 	 3533 	 35.33 

158	0	 4	 0	Row	65	 11	243 	 3059 	 30.59 
158	0	 4	 0	Col	65	 11	229 	 3045 	 30.45 

159	0	 4	 0	Row	219	 2	75 	 587 	 5.87 
159	0	 4	 0	Col	219	 2	60 	 572 	 5.72 

160	0	 4	 0	Row	160	 11	161 	 2977 	 29.77 
160	0	 4	 0	Col	160	 11	144 	 2960 	 29.6 

161	0	 4	 0	Row	117	 12	37 	 3109 	 31.09 
161	0	 4	 0	Col	117	 12	23 	 3095 	 30.95 

162	0	 4	 0	Row	166	 11	33 	 2849 	 28.49 
162	0	 4	 0	Col	166	 11	17 	 2833 	 28.33 

163	0	 4	 0	Row	80	 11	6 	 2822 	 28.22 
163	0	 4	 0	Col	80	 10	248 	 2808 	 28.08 

164	0	 4	 0	Row	183	 11	4 	 2820 	 28.2 
164	0	 4	 0	Col	183	 10	246 	 2806 	 28.06 

165	0	 4	 0	Row	233	 11	181 	 2997 	 29.97 
165	0	 4	 0	Col	233	 11	166 	 2982 	 29.82 

166	0	 4	 0	Row	176	 10	183 	 2743 	 27.43 
166	0	 4	 0	Col	176	 10	169 	 2729 	 27.29 

167	0	 4	 0	Row	141	 10	42 	 2602 	 26.02 
167	0	 4	 0	Col	141	 10	27 	 2587 	 25.87 

168	0	 4	 0	Row	28	 13	120 	 3448 	 34.48 
168	0	 4	 0	Col	28	 13	104 	 3432 	 34.32 

169	0	 4	 0	Row	8	 11	169 	 2985 	 29.85 
169	0	 4	 0	Col	8	 11	155 	 2971 	 29.71 

170	0	 4	 0	Row	203	 4	47 	 1071 	 10.71 
170	0	 4	 0	Col	203	 4	32 	 1056 	 10.56 

171	0	 4	 0	Row	111	 4	180 	 1204 	 12.04 
171	0	 4	 0	Col	111	 4	167 	 1191 	 11.91 

172	0	 4	 0	Row	216	 5	118 	 1398 	 13.98 
172	0	 4	 0	Col	216	 5	102 	 1382 	 13.82 

173	0	 4	 0	Row	181	 5	113 	 1393 	 13.93 
173	0	 4	 0	Col	181	 5	98 	 1378 	 13.78 

174	0	 4	 0	Row	51	 3	101 	 869 	 8.69 
174	0	 4	 0	Col	51	 3	85 	 853 	 8.53 

