Voltageboard settings: [1.035, 1, 0, 0, 1, 1.1, 0, 0]
Digital: {'interrupt_pushpull': 1, 'En_Inj1': 0, 'En_Inj2': 0, 'En_Inj3': 0, 'En_Inj4': 0, 'En_Inj5': 0, 'En_Inj6': 0, 'En_Inj7': 0, 'En_Inj8': 0, 'En_Inj9': 0, 'En_Inj10': 0, 'En_Inj11': 0, 'En_Inj12': 0, 'En_Inj13': 0, 'En_Inj14': 0, 'En_Inj15': 0, 'En_Inj16': 0, 'En_Inj17': 0, 'En_Inj18': 0, 'ResetB': 0, 'Extrabit0': 1, 'Extrabit1': 1, 'Extrabit2': 1, 'Extrabit3': 1, 'Extrabit4': 1, 'Extrabit5': 1, 'Extrabit6': 1, 'Extrabit7': 1, 'Extrabit8': 0, 'Extrabit9': 0, 'Extrabit10': 0, 'Extrabit11': 0, 'Extrabit12': 0, 'Extrabit13': 0, 'Extrabit14': 0}
Biasblock: {'DisHiDR': 0, 'q01': 0, 'qon0': 0, 'qon1': 1, 'qon2': 0, 'qon3': 1}
DAC: {'blres': 0, 'nu1': 0, 'vn1': 20, 'vnfb': 1, 'vnfoll': 10, 'nu5': 0, 'nu6': 0, 'nu7': 0, 'nu8': 0, 'vn2': 0, 'vnfoll2': 1, 'vnbias': 0, 'vpload': 5, 'nu13': 0, 'vncomp': 2, 'vpfoll': 60, 'nu16': 0, 'vprec': 30, 'vnrec': 30}
Receiver: {'ColConfig0': 274877906940, 'ColConfig1': 68719476734, 'ColConfig2': 68719476734, 'ColConfig3': 68719476734, 'ColConfig4': 68719476734, 'ColConfig5': 68719476734, 'ColConfig6': 68719476734, 'ColConfig7': 68719476734, 'ColConfig8': 68719476734, 'ColConfig9': 68719476734, 'ColConfig10': 68719476734, 'ColConfig11': 68719476734, 'ColConfig12': 68719476734, 'ColConfig13': 68719476734, 'ColConfig14': 68719476734, 'ColConfig15': 68719476734, 'ColConfig16': 68719476734, 'ColConfig17': 68719476734, 'ColConfig18': 68719476734, 'ColConfig19': 68719476734, 'ColConfig20': 68719476734, 'ColConfig21': 68719476734, 'ColConfig22': 68719476734, 'ColConfig23': 68719476734, 'ColConfig24': 68719476734, 'ColConfig25': 68719476734, 'ColConfig26': 68719476734, 'ColConfig27': 68719476734, 'ColConfig28': 68719476734, 'ColConfig29': 68719476734, 'ColConfig30': 68719476734, 'ColConfig31': 68719476734, 'ColConfig32': 68719476734, 'ColConfig33': 68719476734, 'ColConfig34': 68719476734}

NEvent	ChipId	Payload	Locatn	Row/Col	tStamp	MSB	LSB	ToT	ToT(us)
0	0	 4	 0	Row	75	 10	64 	 2624 	 26.24 
0	0	 4	 0	Col	75	 6	126 	 1662 	 16.62 
0	0	 4	 0	Row	240	 3	145 	 913 	 9.13 
0	0	 4	 0	Col	240	 3	129 	 897 	 8.97 

1	0	 4	 0	Row	148	 10	24 	 2584 	 25.84 
1	0	 4	 0	Col	148	 10	8 	 2568 	 25.68 

2	0	 4	 0	Row	7	 12	255 	 3327 	 33.27 
2	0	 4	 0	Col	7	 12	239 	 3311 	 33.11 

3	0	 4	 0	Row	131	 12	95 	 3167 	 31.67 
3	0	 4	 0	Col	131	 12	80 	 3152 	 31.52 

4	0	 4	 0	Row	167	 4	107 	 1131 	 11.31 
4	0	 4	 0	Col	167	 4	91 	 1115 	 11.15 

5	0	 4	 0	Row	60	 0	50 	 50 	 0.5 
5	0	 4	 0	Col	60	 0	33 	 33 	 0.33 

6	0	 4	 0	Row	104	 12	160 	 3232 	 32.32 
6	0	 4	 0	Col	104	 12	144 	 3216 	 32.16 

7	0	 4	 0	Row	34	 12	74 	 3146 	 31.46 
7	0	 4	 0	Col	34	 12	58 	 3130 	 31.3 

8	0	 4	 0	Row	121	 12	131 	 3203 	 32.03 
8	0	 4	 0	Col	121	 12	115 	 3187 	 31.87 

9	0	 4	 0	Row	81	 11	212 	 3028 	 30.28 
9	0	 4	 0	Col	81	 11	192 	 3008 	 30.08 

10	0	 4	 0	Row	155	 11	197 	 3013 	 30.13 
10	0	 4	 0	Col	155	 11	177 	 2993 	 29.93 

11	0	 4	 0	Row	177	 11	127 	 2943 	 29.43 
11	0	 4	 0	Col	177	 11	111 	 2927 	 29.27 

12	0	 4	 0	Row	133	 12	222 	 3294 	 32.94 
12	0	 4	 0	Col	133	 12	206 	 3278 	 32.78 

13	0	 4	 0	Row	92	 12	186 	 3258 	 32.58 
13	0	 4	 0	Col	92	 12	171 	 3243 	 32.43 

14	0	 4	 0	Row	177	 4	237 	 1261 	 12.61 
14	0	 4	 0	Col	177	 4	222 	 1246 	 12.46 

15	0	 4	 0	Row	27	 6	69 	 1605 	 16.05 
15	0	 4	 0	Col	27	 6	53 	 1589 	 15.89 

16	0	 4	 0	Row	69	 12	109 	 3181 	 31.81 
16	0	 4	 0	Col	69	 12	93 	 3165 	 31.65 

17	0	 4	 0	Row	242	 12	223 	 3295 	 32.95 
17	0	 4	 0	Col	242	 12	208 	 3280 	 32.8 

18	0	 4	 0	Row	238	 12	64 	 3136 	 31.36 
18	0	 4	 0	Col	238	 12	47 	 3119 	 31.19 

19	0	 4	 0	Row	69	 14	113 	 3697 	 36.97 
19	0	 4	 0	Col	69	 14	97 	 3681 	 36.81 

20	0	 4	 0	Row	253	 2	231 	 743 	 7.43 
20	0	 4	 0	Col	253	 2	215 	 727 	 7.27 

21	0	 4	 0	Row	85	 4	193 	 1217 	 12.17 
21	0	 4	 0	Col	85	 4	177 	 1201 	 12.01 

22	0	 4	 0	Row	94	 4	77 	 1101 	 11.01 
22	0	 4	 0	Col	94	 4	60 	 1084 	 10.84 

23	0	 4	 0	Row	184	 12	157 	 3229 	 32.29 
23	0	 4	 0	Col	184	 12	141 	 3213 	 32.13 

24	0	 4	 0	Row	34	 11	136 	 2952 	 29.52 
24	0	 4	 0	Col	34	 11	121 	 2937 	 29.37 

25	0	 4	 0	Row	219	 11	199 	 3015 	 30.15 
25	0	 4	 0	Col	219	 11	184 	 3000 	 30.0 

26	0	 4	 0	Row	193	 10	189 	 2749 	 27.49 
26	0	 4	 0	Col	193	 10	172 	 2732 	 27.32 

27	0	 4	 0	Row	210	 10	206 	 2766 	 27.66 
27	0	 4	 0	Col	210	 10	189 	 2749 	 27.49 

28	0	 4	 0	Row	67	 10	94 	 2654 	 26.54 
28	0	 4	 0	Col	67	 10	78 	 2638 	 26.38 

29	0	 4	 0	Row	230	 2	244 	 756 	 7.56 
29	0	 4	 0	Col	230	 2	227 	 739 	 7.39 

30	0	 4	 0	Row	239	 12	57 	 3129 	 31.29 
30	0	 4	 0	Col	239	 12	41 	 3113 	 31.13 

31	0	 4	 0	Row	136	 13	84 	 3412 	 34.12 
31	0	 4	 0	Col	136	 13	68 	 3396 	 33.96 

32	0	 4	 0	Row	130	 13	172 	 3500 	 35.0 
32	0	 4	 0	Col	130	 13	155 	 3483 	 34.83 

33	0	 4	 0	Row	134	 13	108 	 3436 	 34.36 
33	0	 4	 0	Col	134	 13	92 	 3420 	 34.2 

34	0	 4	 0	Row	103	 12	234 	 3306 	 33.06 
34	0	 4	 0	Col	103	 12	217 	 3289 	 32.89 

35	0	 4	 0	Row	44	 13	132 	 3460 	 34.6 
35	0	 4	 0	Col	44	 13	116 	 3444 	 34.44 

36	0	 4	 0	Row	204	 12	184 	 3256 	 32.56 
36	0	 4	 0	Col	204	 12	168 	 3240 	 32.4 

37	0	 4	 0	Row	183	 10	238 	 2798 	 27.98 
37	0	 4	 0	Col	183	 10	221 	 2781 	 27.81 

38	0	 4	 0	Row	19	 13	26 	 3354 	 33.54 
38	0	 4	 0	Col	19	 13	10 	 3338 	 33.38 

39	0	 4	 0	Row	20	 11	242 	 3058 	 30.58 
39	0	 4	 0	Col	20	 11	226 	 3042 	 30.42 

40	0	 4	 0	Row	230	 0	32 	 32 	 0.32 
40	0	 4	 0	Col	230	 0	17 	 17 	 0.17 

41	0	 4	 0	Row	84	 12	193 	 3265 	 32.65 
41	0	 4	 0	Col	84	 12	177 	 3249 	 32.49 

42	0	 4	 0	Row	102	 13	44 	 3372 	 33.72 
42	0	 4	 0	Col	102	 13	28 	 3356 	 33.56 

43	0	 4	 0	Row	20	 2	119 	 631 	 6.31 
43	0	 4	 0	Col	20	 2	100 	 612 	 6.12 

44	0	 4	 0	Row	5	 12	91 	 3163 	 31.63 
44	0	 4	 0	Col	5	 12	74 	 3146 	 31.46 

45	0	 4	 0	Row	188	 12	236 	 3308 	 33.08 
45	0	 4	 0	Col	188	 12	220 	 3292 	 32.92 

46	0	 4	 0	Row	155	 12	151 	 3223 	 32.23 
46	0	 4	 0	Col	155	 12	135 	 3207 	 32.07 

47	0	 4	 0	Row	162	 11	176 	 2992 	 29.92 
47	0	 4	 0	Col	162	 11	156 	 2972 	 29.72 

48	0	 4	 0	Row	214	 2	169 	 681 	 6.81 
48	0	 4	 0	Col	215	 2	104 	 616 	 6.16 

49	0	 4	 0	Row	168	 12	111 	 3183 	 31.83 
49	0	 4	 0	Col	168	 12	94 	 3166 	 31.66 

50	0	 4	 0	Row	169	 12	73 	 3145 	 31.45 
50	0	 4	 0	Col	169	 12	57 	 3129 	 31.29 

51	0	 4	 0	Row	216	 13	75 	 3403 	 34.03 
51	0	 4	 0	Col	216	 13	59 	 3387 	 33.87 

52	0	 4	 0	Row	162	 1	194 	 450 	 4.5 
52	0	 4	 0	Col	162	 1	176 	 432 	 4.32 

53	0	 4	 0	Row	3	 12	137 	 3209 	 32.09 
53	0	 4	 0	Col	3	 12	122 	 3194 	 31.94 

54	0	 4	 0	Row	97	 9	185 	 2489 	 24.89 
54	0	 4	 0	Col	97	 9	168 	 2472 	 24.72 

55	0	 4	 0	Row	58	 12	125 	 3197 	 31.97 
55	0	 4	 0	Col	58	 12	109 	 3181 	 31.81 

56	0	 4	 0	Row	28	 11	61 	 2877 	 28.77 
56	0	 4	 0	Col	28	 11	46 	 2862 	 28.62 

57	0	 4	 0	Row	41	 11	11 	 2827 	 28.27 
57	0	 4	 0	Col	41	 10	251 	 2811 	 28.11 

58	0	 4	 0	Row	54	 12	43 	 3115 	 31.15 
58	0	 4	 0	Col	54	 12	25 	 3097 	 30.97 

59	0	 4	 0	Row	163	 3	178 	 946 	 9.46 
59	0	 4	 0	Col	163	 3	162 	 930 	 9.3 

60	0	 4	 0	Row	126	 11	212 	 3028 	 30.28 
60	0	 4	 0	Col	126	 11	196 	 3012 	 30.12 

61	0	 4	 0	Row	227	 12	189 	 3261 	 32.61 
61	0	 4	 0	Col	227	 12	172 	 3244 	 32.44 

62	0	 4	 0	Row	238	 3	91 	 859 	 8.59 
62	0	 4	 0	Col	238	 3	76 	 844 	 8.44 

63	0	 4	 0	Row	214	 12	251 	 3323 	 33.23 
63	0	 4	 0	Col	214	 12	235 	 3307 	 33.07 

64	0	 4	 0	Row	195	 11	160 	 2976 	 29.76 
64	0	 4	 0	Col	195	 11	144 	 2960 	 29.6 

65	0	 4	 0	Row	254	 12	106 	 3178 	 31.78 
65	0	 4	 0	Col	254	 12	91 	 3163 	 31.63 

66	0	 4	 0	Row	113	 11	234 	 3050 	 30.5 
66	0	 4	 0	Col	113	 11	217 	 3033 	 30.33 

67	0	 4	 0	Row	69	 12	249 	 3321 	 33.21 
67	0	 4	 0	Col	69	 12	234 	 3306 	 33.06 

68	0	 4	 0	Row	156	 4	130 	 1154 	 11.54 
68	0	 4	 0	Col	156	 4	114 	 1138 	 11.38 

69	0	 4	 0	Row	104	 13	76 	 3404 	 34.04 
69	0	 4	 0	Col	104	 13	60 	 3388 	 33.88 

70	0	 4	 0	Row	104	 12	131 	 3203 	 32.03 
70	0	 4	 0	Col	121	 12	116 	 3188 	 31.88 

71	0	 4	 0	Row	16	 4	135 	 1159 	 11.59 
71	0	 4	 0	Col	16	 4	119 	 1143 	 11.43 

72	0	 4	 0	Row	30	 10	121 	 2681 	 26.81 
72	0	 4	 0	Col	30	 10	105 	 2665 	 26.65 

73	0	 4	 0	Row	216	 4	40 	 1064 	 10.64 
73	0	 4	 0	Col	216	 4	24 	 1048 	 10.48 

74	0	 4	 0	Row	223	 13	186 	 3514 	 35.14 
74	0	 4	 0	Col	223	 13	171 	 3499 	 34.99 

75	0	 4	 0	Row	71	 6	125 	 1661 	 16.61 
75	0	 4	 0	Col	71	 6	110 	 1646 	 16.46 

76	0	 4	 0	Row	2	 5	32 	 1312 	 13.12 
76	0	 4	 0	Col	2	 5	15 	 1295 	 12.95 

77	0	 4	 0	Row	194	 13	177 	 3505 	 35.05 
77	0	 4	 0	Col	194	 13	160 	 3488 	 34.88 

78	0	 4	 0	Row	249	 11	7 	 2823 	 28.23 
78	0	 4	 0	Col	249	 10	236 	 2796 	 27.96 

79	0	 4	 0	Row	193	 12	30 	 3102 	 31.02 
79	0	 4	 0	Col	193	 12	14 	 3086 	 30.86 

80	0	 4	 0	Row	69	 11	254 	 3070 	 30.7 
80	0	 4	 0	Col	69	 11	238 	 3054 	 30.54 

81	0	 4	 0	Row	216	 3	68 	 836 	 8.36 
81	0	 4	 0	Col	216	 3	53 	 821 	 8.21 

82	0	 4	 0	Row	246	 12	92 	 3164 	 31.64 
82	0	 4	 0	Col	246	 12	76 	 3148 	 31.48 

83	0	 4	 0	Row	113	 7	44 	 1836 	 18.36 
83	0	 4	 0	Col	113	 7	28 	 1820 	 18.2 

84	0	 4	 0	Row	142	 10	152 	 2712 	 27.12 
84	0	 4	 0	Col	142	 10	136 	 2696 	 26.96 

85	0	 4	 0	Row	24	 12	252 	 3324 	 33.24 
85	0	 4	 0	Col	24	 12	236 	 3308 	 33.08 

86	0	 4	 0	Row	52	 13	96 	 3424 	 34.24 
86	0	 4	 0	Col	52	 13	80 	 3408 	 34.08 

87	0	 4	 0	Row	204	 13	50 	 3378 	 33.78 
87	0	 4	 0	Col	204	 13	34 	 3362 	 33.62 

88	0	 4	 0	Row	217	 12	159 	 3231 	 32.31 
88	0	 4	 0	Col	217	 12	143 	 3215 	 32.15 

89	0	 4	 0	Row	80	 6	212 	 1748 	 17.48 
89	0	 4	 0	Col	80	 6	196 	 1732 	 17.32 

90	0	 4	 0	Row	42	 11	203 	 3019 	 30.19 
90	0	 4	 0	Col	42	 11	187 	 3003 	 30.03 

91	0	 4	 0	Row	16	 13	110 	 3438 	 34.38 
91	0	 4	 0	Col	16	 13	93 	 3421 	 34.21 

92	0	 4	 0	Row	99	 12	83 	 3155 	 31.55 
92	0	 4	 0	Col	99	 12	67 	 3139 	 31.39 

93	0	 4	 0	Row	53	 13	77 	 3405 	 34.05 
93	0	 4	 0	Col	53	 13	61 	 3389 	 33.89 

94	0	 4	 0	Row	248	 5	22 	 1302 	 13.02 
94	0	 4	 0	Col	248	 5	6 	 1286 	 12.86 

95	0	 4	 0	Row	102	 12	243 	 3315 	 33.15 
95	0	 4	 0	Col	102	 12	226 	 3298 	 32.98 

96	0	 4	 0	Row	164	 13	156 	 3484 	 34.84 
96	0	 4	 0	Col	164	 13	139 	 3467 	 34.67 

97	0	 4	 0	Row	58	 13	91 	 3419 	 34.19 
97	0	 4	 0	Col	58	 13	75 	 3403 	 34.03 

98	0	 4	 0	Row	165	 3	96 	 864 	 8.64 
98	0	 4	 0	Col	165	 3	80 	 848 	 8.48 

99	0	 4	 0	Row	120	 11	78 	 2894 	 28.94 
99	0	 4	 0	Col	120	 11	63 	 2879 	 28.79 

100	0	 4	 0	Row	92	 11	243 	 3059 	 30.59 
100	0	 4	 0	Col	92	 11	228 	 3044 	 30.44 

101	0	 4	 0	Row	253	 15	54 	 3894 	 38.94 
101	0	 4	 0	Col	253	 15	39 	 3879 	 38.79 

102	0	 4	 0	Row	24	 8	1 	 2049 	 20.49 
102	0	 4	 0	Col	24	 7	241 	 2033 	 20.33 

103	0	 4	 0	Row	27	 10	92 	 2652 	 26.52 
103	0	 4	 0	Col	27	 10	76 	 2636 	 26.36 

104	0	 4	 0	Row	171	 12	83 	 3155 	 31.55 
104	0	 4	 0	Col	171	 12	68 	 3140 	 31.4 

105	0	 4	 0	Row	163	 4	247 	 1271 	 12.71 
105	0	 4	 0	Col	163	 4	228 	 1252 	 12.52 

106	0	 4	 0	Row	59	 11	53 	 2869 	 28.69 
106	0	 4	 0	Col	59	 11	37 	 2853 	 28.53 

107	0	 4	 0	Row	69	 13	165 	 3493 	 34.93 
107	0	 4	 0	Col	69	 13	148 	 3476 	 34.76 

108	0	 4	 0	Row	164	 8	44 	 2092 	 20.92 
108	0	 4	 0	Col	164	 8	28 	 2076 	 20.76 

109	0	 4	 0	Row	168	 1	153 	 409 	 4.09 
109	0	 4	 0	Col	168	 1	136 	 392 	 3.92 

110	0	 4	 0	Row	230	 10	119 	 2679 	 26.79 
110	0	 4	 0	Col	230	 10	104 	 2664 	 26.64 

111	0	 4	 0	Row	24	 12	137 	 3209 	 32.09 
111	0	 4	 0	Col	24	 12	122 	 3194 	 31.94 

112	0	 4	 0	Row	55	 12	24 	 3096 	 30.96 
112	0	 4	 0	Col	55	 12	8 	 3080 	 30.8 

113	0	 4	 0	Row	26	 14	164 	 3748 	 37.48 
113	0	 4	 0	Col	26	 14	146 	 3730 	 37.3 

114	0	 4	 0	Row	177	 2	91 	 603 	 6.03 
114	0	 4	 0	Col	177	 2	74 	 586 	 5.86 

115	0	 4	 0	Row	245	 3	97 	 865 	 8.65 
115	0	 4	 0	Col	245	 3	80 	 848 	 8.48 

116	0	 4	 0	Row	109	 4	219 	 1243 	 12.43 
116	0	 4	 0	Col	110	 4	197 	 1221 	 12.21 

117	0	 4	 0	Row	183	 12	241 	 3313 	 33.13 
117	0	 4	 0	Col	183	 12	225 	 3297 	 32.97 

118	0	 4	 0	Row	0	 13	140 	 3468 	 34.68 
118	0	 4	 0	Col	0	 13	124 	 3452 	 34.52 

119	0	 4	 0	Row	226	 13	141 	 3469 	 34.69 
119	0	 4	 0	Col	226	 13	124 	 3452 	 34.52 

120	0	 4	 0	Row	38	 12	49 	 3121 	 31.21 
120	0	 4	 0	Col	38	 12	33 	 3105 	 31.05 

121	0	 4	 0	Row	148	 10	57 	 2617 	 26.17 
121	0	 4	 0	Col	148	 10	41 	 2601 	 26.01 

122	0	 4	 0	Row	35	 11	44 	 2860 	 28.6 
122	0	 4	 0	Col	35	 11	26 	 2842 	 28.42 

123	0	 4	 0	Row	147	 13	33 	 3361 	 33.61 
123	0	 4	 0	Col	147	 13	17 	 3345 	 33.45 

124	0	 4	 0	Row	130	 11	214 	 3030 	 30.3 
124	0	 4	 0	Col	130	 11	198 	 3014 	 30.14 

125	0	 4	 0	Row	221	 12	243 	 3315 	 33.15 
125	0	 4	 0	Col	221	 12	229 	 3301 	 33.01 

126	0	 4	 0	Row	152	 14	35 	 3619 	 36.19 
126	0	 4	 0	Col	152	 14	19 	 3603 	 36.03 

127	0	 4	 0	Row	227	 4	31 	 1055 	 10.55 
127	0	 4	 0	Col	227	 4	15 	 1039 	 10.39 

128	0	 4	 0	Row	107	 12	198 	 3270 	 32.7 
128	0	 4	 0	Col	107	 12	181 	 3253 	 32.53 

129	0	 4	 0	Row	156	 14	165 	 3749 	 37.49 
129	0	 4	 0	Col	156	 14	150 	 3734 	 37.34 

130	0	 4	 0	Row	73	 13	247 	 3575 	 35.75 
130	0	 4	 0	Col	73	 13	230 	 3558 	 35.58 

131	0	 4	 0	Row	104	 11	218 	 3034 	 30.34 
131	0	 4	 0	Col	104	 11	203 	 3019 	 30.19 

132	0	 4	 0	Row	216	 5	8 	 1288 	 12.88 
132	0	 4	 0	Col	216	 4	248 	 1272 	 12.72 

133	0	 4	 0	Row	245	 12	222 	 3294 	 32.94 
133	0	 4	 0	Col	245	 12	206 	 3278 	 32.78 

134	0	 4	 0	Row	137	 12	174 	 3246 	 32.46 
134	0	 4	 0	Col	137	 12	157 	 3229 	 32.29 

135	0	 4	 0	Row	128	 0	69 	 69 	 0.69 
135	0	 4	 0	Col	128	 0	51 	 51 	 0.51 

136	0	 4	 0	Row	155	 10	36 	 2596 	 25.96 
136	0	 4	 0	Col	155	 10	20 	 2580 	 25.8 

137	0	 4	 0	Row	27	 13	50 	 3378 	 33.78 
137	0	 4	 0	Col	27	 13	35 	 3363 	 33.63 

138	0	 4	 0	Row	159	 12	74 	 3146 	 31.46 
138	0	 4	 0	Col	159	 12	59 	 3131 	 31.31 

139	0	 4	 0	Row	1	 11	25 	 2841 	 28.41 
139	0	 4	 0	Col	1	 11	9 	 2825 	 28.25 

140	0	 4	 0	Row	59	 13	186 	 3514 	 35.14 
140	0	 4	 0	Col	59	 13	171 	 3499 	 34.99 

141	0	 4	 0	Row	129	 12	178 	 3250 	 32.5 
141	0	 4	 0	Col	129	 12	161 	 3233 	 32.33 

142	0	 4	 0	Row	255	 2	137 	 649 	 6.49 
142	0	 4	 0	Col	255	 2	120 	 632 	 6.32 

143	0	 4	 0	Row	61	 3	107 	 875 	 8.75 
143	0	 [0;31;40m3[0m	 43	Row	4	 0	61 	 61 	 0.61 
143	0	 [0;31;40m3[0m	 27	Row	61	 13	61 	 3389 	 33.89 

144	0	 4	 0	Row	127	 12	130 	 3202 	 32.02 
144	0	 4	 0	Col	127	 12	113 	 3185 	 31.85 

145	0	 4	 0	Row	32	 12	30 	 3102 	 31.02 
145	0	 4	 0	Col	32	 12	13 	 3085 	 30.85 

146	0	 4	 0	Row	35	 4	46 	 1070 	 10.7 
146	0	 4	 0	Col	35	 4	30 	 1054 	 10.54 

147	0	 4	 0	Row	129	 13	39 	 3367 	 33.67 
147	0	 4	 0	Col	129	 13	23 	 3351 	 33.51 

148	0	 4	 0	Row	7	 12	212 	 3284 	 32.84 
148	0	 4	 0	Col	7	 12	197 	 3269 	 32.69 

149	0	 4	 0	Row	180	 12	122 	 3194 	 31.94 
149	0	 4	 0	Col	180	 12	106 	 3178 	 31.78 

150	0	 4	 0	Row	237	 12	21 	 3093 	 30.93 
150	0	 4	 0	Col	237	 12	4 	 3076 	 30.76 

151	0	 4	 0	Row	112	 13	41 	 3369 	 33.69 
151	0	 4	 0	Col	112	 13	24 	 3352 	 33.52 

152	0	 4	 0	Row	187	 3	59 	 827 	 8.27 
152	0	 4	 0	Col	187	 3	42 	 810 	 8.1 

153	0	 4	 0	Row	138	 11	50 	 2866 	 28.66 
153	0	 4	 0	Col	138	 11	34 	 2850 	 28.5 

154	0	 4	 0	Row	131	 12	174 	 3246 	 32.46 
154	0	 4	 0	Col	131	 12	158 	 3230 	 32.3 

155	0	 4	 0	Row	114	 13	202 	 3530 	 35.3 
155	0	 4	 0	Col	114	 13	187 	 3515 	 35.15 

156	0	 4	 0	Row	87	 11	47 	 2863 	 28.63 
156	0	 4	 0	Col	87	 11	28 	 2844 	 28.44 

157	0	 4	 0	Row	162	 3	199 	 967 	 9.67 
157	0	 4	 0	Col	162	 3	183 	 951 	 9.51 

158	0	 4	 0	Row	46	 13	154 	 3482 	 34.82 
158	0	 4	 0	Col	46	 13	137 	 3465 	 34.65 

159	0	 4	 0	Row	32	 13	228 	 3556 	 35.56 
159	0	 4	 0	Col	32	 13	213 	 3541 	 35.41 

160	0	 4	 0	Row	20	 10	179 	 2739 	 27.39 
160	0	 4	 0	Col	20	 10	164 	 2724 	 27.24 

161	0	 4	 0	Row	117	 12	122 	 3194 	 31.94 
161	0	 4	 0	Col	117	 12	106 	 3178 	 31.78 

162	0	 4	 0	Row	51	 12	39 	 3111 	 31.11 
162	0	 4	 0	Col	51	 12	23 	 3095 	 30.95 

163	0	 4	 0	Row	82	 7	219 	 2011 	 20.11 
163	0	 4	 0	Col	82	 7	203 	 1995 	 19.95 

164	0	 4	 0	Row	209	 13	156 	 3484 	 34.84 
164	0	 4	 0	Col	209	 13	140 	 3468 	 34.68 

165	0	 4	 0	Row	60	 13	85 	 3413 	 34.13 
165	0	 4	 0	Col	60	 13	69 	 3397 	 33.97 

166	0	 4	 0	Row	69	 11	224 	 3040 	 30.4 
166	0	 4	 0	Col	69	 11	208 	 3024 	 30.24 

167	0	 4	 0	Row	42	 2	11 	 523 	 5.23 
167	0	 4	 0	Col	42	 1	252 	 508 	 5.08 

168	0	 4	 0	Row	9	 12	217 	 3289 	 32.89 
168	0	 4	 0	Col	9	 12	201 	 3273 	 32.73 

169	0	 4	 0	Row	175	 13	151 	 3479 	 34.79 
169	0	 4	 0	Col	175	 13	135 	 3463 	 34.63 

170	0	 4	 0	Row	177	 12	5 	 3077 	 30.77 
170	0	 4	 0	Col	177	 11	245 	 3061 	 30.61 

171	0	 4	 0	Row	222	 12	12 	 3084 	 30.84 
171	0	 4	 0	Col	222	 11	253 	 3069 	 30.69 

172	0	 4	 0	Row	30	 13	162 	 3490 	 34.9 
172	0	 4	 0	Col	30	 13	146 	 3474 	 34.74 

173	0	 4	 0	Row	177	 2	86 	 598 	 5.98 
173	0	 4	 0	Col	177	 2	70 	 582 	 5.82 

174	0	 4	 0	Row	170	 11	100 	 2916 	 29.16 
174	0	 4	 0	Col	170	 11	84 	 2900 	 29.0 

175	0	 4	 0	Row	12	 13	9 	 3337 	 33.37 
175	0	 4	 0	Col	12	 12	249 	 3321 	 33.21 

176	0	 4	 0	Row	55	 13	111 	 3439 	 34.39 
176	0	 4	 0	Col	55	 13	95 	 3423 	 34.23 

177	0	 4	 0	Row	95	 14	7 	 3591 	 35.91 
177	0	 4	 0	Col	95	 13	247 	 3575 	 35.75 

178	0	 4	 0	Row	224	 13	19 	 3347 	 33.47 
178	0	 4	 0	Col	224	 13	2 	 3330 	 33.3 

179	0	 4	 0	Row	51	 11	238 	 3054 	 30.54 
179	0	 4	 0	Col	51	 11	222 	 3038 	 30.38 

180	0	 4	 0	Row	121	 11	110 	 2926 	 29.26 
180	0	 4	 0	Col	121	 11	93 	 2909 	 29.09 

181	0	 4	 0	Row	175	 4	53 	 1077 	 10.77 
181	0	 4	 0	Col	175	 4	37 	 1061 	 10.61 

182	0	 4	 0	Row	115	 11	122 	 2938 	 29.38 
182	0	 4	 0	Col	115	 11	106 	 2922 	 29.22 

183	0	 4	 0	Row	13	 11	247 	 3063 	 30.63 
183	0	 4	 0	Col	13	 11	230 	 3046 	 30.46 

184	0	 4	 0	Row	201	 13	126 	 3454 	 34.54 
184	0	 4	 0	Col	201	 13	109 	 3437 	 34.37 

185	0	 4	 0	Row	212	 13	133 	 3461 	 34.61 
185	0	 4	 0	Col	212	 13	117 	 3445 	 34.45 

186	0	 4	 0	Row	182	 11	156 	 2972 	 29.72 
186	0	 4	 0	Col	182	 11	140 	 2956 	 29.56 

187	0	 4	 0	Row	34	 12	195 	 3267 	 32.67 
187	0	 4	 0	Col	34	 12	179 	 3251 	 32.51 

188	0	 4	 0	Row	170	 13	129 	 3457 	 34.57 
188	0	 4	 0	Col	170	 13	113 	 3441 	 34.41 

189	0	 4	 0	Row	250	 3	172 	 940 	 9.4 
189	0	 4	 0	Col	250	 3	154 	 922 	 9.22 

190	0	 4	 0	Row	35	 13	14 	 3342 	 33.42 
190	0	 4	 0	Col	35	 12	254 	 3326 	 33.26 

191	0	 4	 0	Row	6	 12	155 	 3227 	 32.27 
191	0	 4	 0	Col	6	 12	139 	 3211 	 32.11 

192	0	 4	 0	Row	231	 13	127 	 3455 	 34.55 
192	0	 4	 0	Col	231	 13	110 	 3438 	 34.38 

193	0	 4	 0	Row	207	 2	218 	 730 	 7.3 
193	0	 4	 0	Col	207	 2	202 	 714 	 7.14 

194	0	 4	 0	Row	114	 11	190 	 3006 	 30.06 
194	0	 4	 0	Col	114	 11	174 	 2990 	 29.9 

195	0	 4	 0	Row	154	 12	45 	 3117 	 31.17 
195	0	 4	 0	Col	154	 12	29 	 3101 	 31.01 

196	0	 4	 0	Row	15	 14	196 	 3780 	 37.8 
196	0	 4	 0	Col	15	 14	181 	 3765 	 37.65 

197	0	 4	 0	Row	60	 3	144 	 912 	 9.12 
197	0	 4	 0	Col	60	 3	119 	 887 	 8.87 

198	0	 4	 0	Row	154	 13	67 	 3395 	 33.95 
198	0	 4	 0	Col	154	 13	51 	 3379 	 33.79 

199	0	 4	 0	Row	63	 8	133 	 2181 	 21.81 
199	0	 4	 0	Col	63	 8	118 	 2166 	 21.66 

200	0	 4	 0	Row	2	 9	66 	 2370 	 23.7 
200	0	 4	 0	Col	2	 9	50 	 2354 	 23.54 

201	0	 4	 0	Row	142	 12	80 	 3152 	 31.52 
201	0	 4	 0	Col	142	 12	65 	 3137 	 31.37 

202	0	 4	 0	Row	230	 10	179 	 2739 	 27.39 
202	0	 4	 0	Col	230	 10	164 	 2724 	 27.24 

203	0	 4	 0	Row	255	 12	173 	 3245 	 32.45 
203	0	 4	 0	Col	255	 12	157 	 3229 	 32.29 

204	0	 4	 0	Row	100	 5	150 	 1430 	 14.3 
204	0	 4	 0	Col	100	 5	133 	 1413 	 14.13 

205	0	 4	 0	Row	77	 2	135 	 647 	 6.47 
205	0	 4	 0	Col	77	 2	119 	 631 	 6.31 

206	0	 4	 0	Row	185	 12	9 	 3081 	 30.81 
206	0	 4	 0	Col	185	 11	249 	 3065 	 30.65 

207	0	 4	 0	Row	135	 11	116 	 2932 	 29.32 
207	0	 4	 0	Col	135	 11	101 	 2917 	 29.17 

