Col	Row	Count	Time
17	0	15	beam_20220622-112045
17	1	15	beam_20220622-112048
17	2	15	beam_20220622-112051
17	3	15	beam_20220622-112053
17	4	15	beam_20220622-112056
17	5	15	beam_20220622-112059
17	6	15	beam_20220622-112102
17	7	15	beam_20220622-112104
17	8	15	beam_20220622-112107
17	9	15	beam_20220622-112110
17	10	15	beam_20220622-112113
17	11	15	beam_20220622-112116
17	12	15	beam_20220622-112118
17	13	15	beam_20220622-112121
17	14	15	beam_20220622-112124
17	15	15	beam_20220622-112127
17	16	15	beam_20220622-112129
17	17	15	beam_20220622-112132
17	18	15	beam_20220622-112135
17	19	15	beam_20220622-112138
17	20	15	beam_20220622-112141
17	21	15	beam_20220622-112143
17	22	15	beam_20220622-112146
17	23	15	beam_20220622-112149
17	24	15	beam_20220622-112152
17	25	15	beam_20220622-112154
17	26	15	beam_20220622-112157
17	27	15	beam_20220622-112200
17	28	15	beam_20220622-112203
17	29	15	beam_20220622-112206
17	30	15	beam_20220622-112208
17	31	15	beam_20220622-112211
17	32	15	beam_20220622-112214
17	33	0	beam_20220622-112217
17	34	0	beam_20220622-112218
