Col	Row	Count	Time
21	0	15	beam_20220622-112647
21	1	15	beam_20220622-112649
21	2	15	beam_20220622-112652
21	3	15	beam_20220622-112655
21	4	15	beam_20220622-112658
21	5	15	beam_20220622-112701
21	6	15	beam_20220622-112703
21	7	15	beam_20220622-112706
21	8	15	beam_20220622-112709
21	9	15	beam_20220622-112712
21	10	15	beam_20220622-112714
21	11	15	beam_20220622-112717
21	12	0	beam_20220622-112720
21	13	0	beam_20220622-112721
21	14	15	beam_20220622-112722
21	15	15	beam_20220622-112725
21	16	15	beam_20220622-112728
21	17	15	beam_20220622-112731
21	18	15	beam_20220622-112733
21	19	15	beam_20220622-112736
21	20	15	beam_20220622-112739
21	21	15	beam_20220622-112742
21	22	15	beam_20220622-112744
21	23	15	beam_20220622-112747
21	24	15	beam_20220622-112750
21	25	15	beam_20220622-112753
21	26	15	beam_20220622-112756
21	27	15	beam_20220622-112758
21	28	15	beam_20220622-112801
21	29	15	beam_20220622-112804
21	30	15	beam_20220622-112807
21	31	15	beam_20220622-112809
21	32	15	beam_20220622-112812
21	33	15	beam_20220622-112815
21	34	15	beam_20220622-112818
