Col	Row	Count	Time
11	0	15	beam_20220622-111146
11	1	15	beam_20220622-111148
11	2	15	beam_20220622-111151
11	3	0	beam_20220622-111154
11	4	15	beam_20220622-111155
11	5	15	beam_20220622-111158
11	6	15	beam_20220622-111201
11	9	15	beam_20220622-111203
11	10	15	beam_20220622-111206
11	11	15	beam_20220622-111209
11	12	15	beam_20220622-111212
11	13	15	beam_20220622-111215
11	14	15	beam_20220622-111217
11	15	15	beam_20220622-111220
11	16	0	beam_20220622-111223
11	17	15	beam_20220622-111224
11	18	15	beam_20220622-111227
11	19	15	beam_20220622-111230
11	20	15	beam_20220622-111232
11	21	15	beam_20220622-111235
11	22	15	beam_20220622-111238
11	23	15	beam_20220622-111241
11	24	15	beam_20220622-111243
11	25	15	beam_20220622-111246
11	26	15	beam_20220622-111249
11	27	0	beam_20220622-111252
11	28	15	beam_20220622-111253
11	29	0	beam_20220622-111256
11	31	15	beam_20220622-111257
11	32	15	beam_20220622-111300
11	33	15	beam_20220622-111302
11	34	0	beam_20220622-111305
