Col	Row	Count	Time
34	0	15	beam_20220622-114715
34	1	15	beam_20220622-114718
34	2	15	beam_20220622-114721
34	3	15	beam_20220622-114723
34	4	15	beam_20220622-114726
34	5	15	beam_20220622-114729
34	6	15	beam_20220622-114736
34	7	15	beam_20220622-114738
34	8	15	beam_20220622-114741
34	9	15	beam_20220622-114744
34	10	15	beam_20220622-114747
34	11	15	beam_20220622-114749
34	12	15	beam_20220622-114752
34	13	15	beam_20220622-114755
34	14	15	beam_20220622-114758
34	15	15	beam_20220622-114800
34	16	15	beam_20220622-114803
34	17	15	beam_20220622-114806
34	18	15	beam_20220622-114809
34	19	15	beam_20220622-114812
34	20	15	beam_20220622-114814
34	21	15	beam_20220622-114817
34	22	15	beam_20220622-114820
34	23	15	beam_20220622-114823
34	24	15	beam_20220622-114825
34	25	15	beam_20220622-114828
34	26	15	beam_20220622-114831
34	27	15	beam_20220622-114834
34	28	15	beam_20220622-114836
34	30	15	beam_20220622-114839
34	31	15	beam_20220622-114842
34	32	15	beam_20220622-114845
34	33	15	beam_20220622-114848
34	34	15	beam_20220622-114850
