Col	Row	Count	Time
4	0	15	beam_20220622-110111
4	1	15	beam_20220622-110114
4	2	0	beam_20220622-110116
4	3	15	beam_20220622-110117
4	4	15	beam_20220622-110120
4	5	15	beam_20220622-110123
4	6	15	beam_20220622-110126
4	7	15	beam_20220622-110129
4	8	15	beam_20220622-110131
4	9	15	beam_20220622-110134
4	10	15	beam_20220622-110137
4	11	0	beam_20220622-110140
4	12	15	beam_20220622-110141
4	13	15	beam_20220622-110143
4	14	15	beam_20220622-110146
4	15	0	beam_20220622-110149
4	16	15	beam_20220622-110150
4	17	15	beam_20220622-110153
4	18	15	beam_20220622-110156
4	19	15	beam_20220622-110158
4	20	15	beam_20220622-110201
4	21	15	beam_20220622-110204
4	22	15	beam_20220622-110207
4	23	15	beam_20220622-110209
4	24	15	beam_20220622-110212
4	25	15	beam_20220622-110215
4	26	15	beam_20220622-110218
4	27	15	beam_20220622-110221
4	28	15	beam_20220622-110223
4	29	15	beam_20220622-110226
4	30	15	beam_20220622-110229
4	31	15	beam_20220622-110232
4	32	15	beam_20220622-110234
4	33	15	beam_20220622-110237
4	34	15	beam_20220622-110240
