Col	Row	Count	Time
22	0	15	beam_20220622-112820
22	1	0	beam_20220622-112823
22	2	15	beam_20220622-112824
22	3	15	beam_20220622-112827
22	4	15	beam_20220622-112830
22	5	15	beam_20220622-112833
22	6	15	beam_20220622-112835
22	7	15	beam_20220622-112838
22	8	15	beam_20220622-112841
22	9	15	beam_20220622-112844
22	10	15	beam_20220622-112846
22	11	15	beam_20220622-112849
22	12	15	beam_20220622-112852
22	13	15	beam_20220622-112855
22	14	15	beam_20220622-112858
22	15	15	beam_20220622-112900
22	16	15	beam_20220622-112903
22	17	15	beam_20220622-112906
22	18	15	beam_20220622-112909
22	19	15	beam_20220622-112911
22	20	15	beam_20220622-112914
22	21	0	beam_20220622-112917
22	22	15	beam_20220622-112918
22	23	15	beam_20220622-112921
22	24	15	beam_20220622-112923
22	25	15	beam_20220622-112926
22	26	15	beam_20220622-112929
22	27	15	beam_20220622-112932
22	28	15	beam_20220622-112935
22	29	15	beam_20220622-112937
22	30	0	beam_20220622-112940
22	31	15	beam_20220622-112941
22	32	0	beam_20220622-112944
22	33	15	beam_20220622-112945
22	34	15	beam_20220622-112948
