Col	Row	Count	Time
9	0	15	beam_20220622-110834
9	1	15	beam_20220622-110836
9	2	15	beam_20220622-110839
9	3	15	beam_20220622-110842
9	4	15	beam_20220622-110845
9	5	15	beam_20220622-110847
9	6	15	beam_20220622-110850
9	7	15	beam_20220622-110853
9	8	15	beam_20220622-110856
9	9	15	beam_20220622-110858
9	10	0	beam_20220622-110901
9	11	15	beam_20220622-110902
9	12	15	beam_20220622-110905
9	13	15	beam_20220622-110908
9	14	15	beam_20220622-110911
9	15	15	beam_20220622-110914
9	16	15	beam_20220622-110916
9	17	15	beam_20220622-110919
9	18	15	beam_20220622-110922
9	19	15	beam_20220622-110925
9	20	15	beam_20220622-110927
9	21	15	beam_20220622-110930
9	22	15	beam_20220622-110933
9	23	15	beam_20220622-110936
9	24	15	beam_20220622-110938
9	25	15	beam_20220622-110941
9	26	15	beam_20220622-110944
9	27	15	beam_20220622-110947
9	28	15	beam_20220622-110949
9	29	15	beam_20220622-110952
9	30	15	beam_20220622-110955
9	31	15	beam_20220622-110958
9	32	15	beam_20220622-111000
9	33	15	beam_20220622-111003
9	34	15	beam_20220622-111006
