Col	Row	Count	Time
20	0	15	beam_20220622-112516
20	1	15	beam_20220622-112519
20	2	15	beam_20220622-112522
20	3	15	beam_20220622-112525
20	4	15	beam_20220622-112527
20	5	15	beam_20220622-112530
20	6	15	beam_20220622-112533
20	7	15	beam_20220622-112536
20	8	15	beam_20220622-112538
20	9	15	beam_20220622-112541
20	10	15	beam_20220622-112544
20	11	15	beam_20220622-112547
20	12	15	beam_20220622-112550
20	13	15	beam_20220622-112552
20	14	15	beam_20220622-112555
20	15	15	beam_20220622-112558
20	16	15	beam_20220622-112601
20	17	15	beam_20220622-112603
20	18	15	beam_20220622-112606
20	19	0	beam_20220622-112609
20	20	15	beam_20220622-112610
20	21	15	beam_20220622-112613
20	22	15	beam_20220622-112616
20	23	15	beam_20220622-112618
20	24	15	beam_20220622-112621
20	25	15	beam_20220622-112624
20	26	0	beam_20220622-112627
20	27	15	beam_20220622-112628
20	28	0	beam_20220622-112631
20	29	15	beam_20220622-112632
20	30	15	beam_20220622-112634
20	31	15	beam_20220622-112637
20	32	15	beam_20220622-112640
20	33	0	beam_20220622-112643
20	34	15	beam_20220622-112644
