Col	Row	Count	Time
16	0	15	beam_20220622-111915
16	1	15	beam_20220622-111917
16	2	15	beam_20220622-111920
16	3	0	beam_20220622-111923
16	4	15	beam_20220622-111924
16	5	15	beam_20220622-111927
16	6	0	beam_20220622-111930
16	7	15	beam_20220622-111931
16	8	15	beam_20220622-111933
16	9	15	beam_20220622-111936
16	10	15	beam_20220622-111939
16	11	0	beam_20220622-111942
16	12	15	beam_20220622-111943
16	13	15	beam_20220622-111946
16	14	15	beam_20220622-111948
16	15	15	beam_20220622-111951
16	16	15	beam_20220622-111954
16	17	15	beam_20220622-111957
16	18	0	beam_20220622-112000
16	19	15	beam_20220622-112001
16	20	15	beam_20220622-112003
16	21	15	beam_20220622-112006
16	22	15	beam_20220622-112009
16	23	15	beam_20220622-112012
16	24	15	beam_20220622-112015
16	25	15	beam_20220622-112017
16	26	15	beam_20220622-112020
16	27	15	beam_20220622-112023
16	28	15	beam_20220622-112026
16	29	15	beam_20220622-112028
16	30	15	beam_20220622-112031
16	31	15	beam_20220622-112034
16	32	15	beam_20220622-112037
16	33	15	beam_20220622-112040
16	34	15	beam_20220622-112042
