Col	Row	Count	Time
14	0	15	beam_20220622-111614
14	1	15	beam_20220622-111616
14	2	15	beam_20220622-111619
14	3	15	beam_20220622-111622
14	4	15	beam_20220622-111625
14	5	15	beam_20220622-111627
14	6	15	beam_20220622-111630
14	7	15	beam_20220622-111633
14	8	0	beam_20220622-111636
14	9	15	beam_20220622-111637
14	10	15	beam_20220622-111640
14	11	15	beam_20220622-111642
14	12	15	beam_20220622-111645
14	13	15	beam_20220622-111648
14	14	0	beam_20220622-111651
14	15	15	beam_20220622-111652
14	16	15	beam_20220622-111655
14	17	15	beam_20220622-111658
14	18	15	beam_20220622-111700
14	19	15	beam_20220622-111703
14	20	15	beam_20220622-111706
14	21	15	beam_20220622-111709
14	22	15	beam_20220622-111711
14	23	15	beam_20220622-111714
14	24	15	beam_20220622-111717
14	25	15	beam_20220622-111720
14	26	0	beam_20220622-111722
14	27	15	beam_20220622-111724
14	28	15	beam_20220622-111726
14	29	15	beam_20220622-111729
14	30	15	beam_20220622-111732
14	31	15	beam_20220622-111735
14	32	0	beam_20220622-111737
14	33	15	beam_20220622-111739
14	34	15	beam_20220622-111741
