Col	Row	Count	Time
31	0	15	beam_20220622-114229
31	1	15	beam_20220622-114232
31	2	15	beam_20220622-114235
31	3	15	beam_20220622-114237
31	4	15	beam_20220622-114240
31	5	15	beam_20220622-114243
31	6	15	beam_20220622-114246
31	7	15	beam_20220622-114248
31	8	15	beam_20220622-114251
31	9	15	beam_20220622-114254
31	10	15	beam_20220622-114257
31	11	15	beam_20220622-114259
31	12	15	beam_20220622-114302
31	13	15	beam_20220622-114305
31	14	15	beam_20220622-114307
31	15	15	beam_20220622-114310
31	16	15	beam_20220622-114313
31	17	15	beam_20220622-114316
31	18	15	beam_20220622-114318
31	19	15	beam_20220622-114321
31	20	15	beam_20220622-114324
31	21	15	beam_20220622-114327
31	22	15	beam_20220622-114329
31	23	15	beam_20220622-114332
31	24	15	beam_20220622-114335
31	25	15	beam_20220622-114338
31	26	15	beam_20220622-114340
31	27	15	beam_20220622-114343
31	28	15	beam_20220622-114346
31	29	15	beam_20220622-114349
31	30	15	beam_20220622-114351
31	31	15	beam_20220622-114354
31	32	15	beam_20220622-114357
31	33	15	beam_20220622-114400
31	34	15	beam_20220622-114402
