Col	Row	Count	Time
7	0	15	beam_20220622-110540
7	1	15	beam_20220622-110543
7	2	15	beam_20220622-110545
7	3	15	beam_20220622-110548
7	4	15	beam_20220622-110551
7	5	15	beam_20220622-110554
7	6	15	beam_20220622-110556
7	7	15	beam_20220622-110559
7	8	15	beam_20220622-110602
7	9	15	beam_20220622-110605
7	10	15	beam_20220622-110608
7	11	15	beam_20220622-110610
7	12	15	beam_20220622-110613
7	13	15	beam_20220622-110616
7	14	15	beam_20220622-110619
7	15	15	beam_20220622-110621
7	16	15	beam_20220622-110624
7	17	15	beam_20220622-110627
7	18	15	beam_20220622-110630
7	19	15	beam_20220622-110632
7	20	0	beam_20220622-110635
7	21	15	beam_20220622-110636
7	22	15	beam_20220622-110639
7	23	0	beam_20220622-110642
7	24	0	beam_20220622-110643
7	25	15	beam_20220622-110644
7	26	15	beam_20220622-110647
7	27	0	beam_20220622-110650
7	28	0	beam_20220622-110651
7	29	15	beam_20220622-110652
7	30	15	beam_20220622-110655
7	31	15	beam_20220622-110657
7	32	15	beam_20220622-110700
7	33	0	beam_20220622-110703
7	34	15	beam_20220622-110704
