Col	Row	Count	Time
12	0	15	beam_20220622-111306
12	1	15	beam_20220622-111309
12	2	15	beam_20220622-111312
12	3	0	beam_20220622-111315
12	4	15	beam_20220622-111316
12	5	15	beam_20220622-111318
12	6	15	beam_20220622-111321
12	7	15	beam_20220622-111324
12	8	15	beam_20220622-111327
12	9	15	beam_20220622-111330
12	10	15	beam_20220622-111332
12	11	15	beam_20220622-111335
12	12	15	beam_20220622-111338
12	13	15	beam_20220622-111341
12	14	15	beam_20220622-111343
12	15	15	beam_20220622-111346
12	16	15	beam_20220622-111349
12	17	15	beam_20220622-111352
12	18	15	beam_20220622-111354
12	19	15	beam_20220622-111357
12	20	15	beam_20220622-111400
12	21	15	beam_20220622-111403
12	22	15	beam_20220622-111406
12	23	15	beam_20220622-111408
12	24	15	beam_20220622-111411
12	25	15	beam_20220622-111414
12	26	15	beam_20220622-111417
12	27	15	beam_20220622-111419
12	28	15	beam_20220622-111422
12	29	15	beam_20220622-111425
12	30	15	beam_20220622-111428
12	31	15	beam_20220622-111430
12	32	15	beam_20220622-111433
12	33	0	beam_20220622-111436
12	34	15	beam_20220622-111437
