Col	Row	Count	Time
33	0	15	beam_20220622-114542
33	1	15	beam_20220622-114544
33	2	15	beam_20220622-114547
33	3	15	beam_20220622-114550
33	4	15	beam_20220622-114553
33	5	15	beam_20220622-114555
33	6	15	beam_20220622-114558
33	7	15	beam_20220622-114601
33	8	15	beam_20220622-114604
33	9	15	beam_20220622-114606
33	10	15	beam_20220622-114609
33	11	15	beam_20220622-114612
33	12	15	beam_20220622-114615
33	13	15	beam_20220622-114617
33	14	15	beam_20220622-114620
33	15	15	beam_20220622-114623
33	16	15	beam_20220622-114626
33	17	15	beam_20220622-114628
33	18	15	beam_20220622-114631
33	19	15	beam_20220622-114634
33	20	15	beam_20220622-114637
33	21	15	beam_20220622-114639
33	23	15	beam_20220622-114642
33	24	15	beam_20220622-114645
33	25	15	beam_20220622-114648
33	26	15	beam_20220622-114651
33	27	15	beam_20220622-114653
33	28	15	beam_20220622-114656
33	29	15	beam_20220622-114659
33	30	15	beam_20220622-114702
33	31	15	beam_20220622-114704
33	32	15	beam_20220622-114707
33	33	15	beam_20220622-114710
33	34	15	beam_20220622-114712
