Col	Row	Count	Time
20	0	0	beam_20220603-135410
20	1	0	beam_20220603-135414
20	2	0	beam_20220603-135419
20	3	0	beam_20220603-135423
20	4	0	beam_20220603-135427
20	5	500	beam_20220603-135431
20	6	0	beam_20220603-135529
20	7	0	beam_20220603-135533
20	8	0	beam_20220603-135537
20	9	0	beam_20220603-135541
20	10	0	beam_20220603-135545
20	11	0	beam_20220603-135549
20	12	0	beam_20220603-135553
20	13	500	beam_20220603-135558
20	14	0	beam_20220603-135655
20	15	0	beam_20220603-135659
20	16	0	beam_20220603-135704
20	17	500	beam_20220603-135708
20	18	500	beam_20220603-135805
20	19	0	beam_20220603-135903
20	20	0	beam_20220603-135907
20	21	500	beam_20220603-135911
20	22	0	beam_20220603-140009
20	23	0	beam_20220603-140013
20	24	0	beam_20220603-140017
20	25	0	beam_20220603-140021
20	26	0	beam_20220603-140026
20	27	0	beam_20220603-140030
20	28	0	beam_20220603-140034
20	29	0	beam_20220603-140038
20	30	0	beam_20220603-140042
20	31	0	beam_20220603-140046
20	32	0	beam_20220603-140050
20	33	0	beam_20220603-140054
20	34	0	beam_20220603-140059
