Col	Row	Count	Time
33	0	0	beam_20220603-150943
33	1	0	beam_20220603-150947
33	2	0	beam_20220603-150951
33	3	500	beam_20220603-150955
33	4	0	beam_20220603-151053
33	5	0	beam_20220603-151057
33	6	0	beam_20220603-151101
33	7	500	beam_20220603-151105
33	8	0	beam_20220603-151203
33	9	0	beam_20220603-151207
33	10	0	beam_20220603-151211
33	11	0	beam_20220603-151215
33	12	0	beam_20220603-151219
33	13	500	beam_20220603-151224
33	14	0	beam_20220603-151321
33	15	500	beam_20220603-151325
33	16	0	beam_20220603-151423
33	17	0	beam_20220603-151427
33	18	0	beam_20220603-151431
33	19	0	beam_20220603-151435
33	20	0	beam_20220603-151439
33	21	0	beam_20220603-151444
33	22	0	beam_20220603-151448
33	23	0	beam_20220603-151452
33	24	0	beam_20220603-151456
33	25	0	beam_20220603-151500
33	26	0	beam_20220603-151504
33	27	0	beam_20220603-151508
33	28	0	beam_20220603-151513
33	29	0	beam_20220603-151517
33	30	0	beam_20220603-151521
33	31	0	beam_20220603-151525
33	32	0	beam_20220603-151529
33	33	0	beam_20220603-151533
33	34	0	beam_20220603-151537
