Col	Row	Count	Time
6	0	0	beam_20220603-123958
6	1	0	beam_20220603-124002
6	2	0	beam_20220603-124007
6	3	0	beam_20220603-124011
6	4	0	beam_20220603-124015
6	5	0	beam_20220603-124019
6	6	0	beam_20220603-124023
6	7	0	beam_20220603-124027
6	8	0	beam_20220603-124031
6	9	0	beam_20220603-124036
6	10	373	beam_20220603-124040
6	11	0	beam_20220603-124124
6	12	0	beam_20220603-124128
6	13	0	beam_20220603-124132
6	14	0	beam_20220603-124136
6	15	0	beam_20220603-124140
6	16	0	beam_20220603-124144
6	17	0	beam_20220603-124148
6	18	0	beam_20220603-124153
6	19	0	beam_20220603-124157
6	20	0	beam_20220603-124201
6	21	500	beam_20220603-124205
6	22	0	beam_20220603-124303
6	23	0	beam_20220603-124307
6	24	0	beam_20220603-124311
6	25	0	beam_20220603-124315
6	26	0	beam_20220603-124319
6	27	0	beam_20220603-124323
6	28	0	beam_20220603-124327
6	29	500	beam_20220603-124332
6	30	0	beam_20220603-124429
6	31	0	beam_20220603-124433
6	32	0	beam_20220603-124438
6	33	0	beam_20220603-124442
6	34	0	beam_20220603-124446
