Col	Row	Count	Time
8	0	0	beam_20220603-124905
8	1	0	beam_20220603-124909
8	2	500	beam_20220603-124913
8	3	0	beam_20220603-125011
8	4	0	beam_20220603-125015
8	5	500	beam_20220603-125019
8	6	0	beam_20220603-125117
8	7	0	beam_20220603-125121
8	8	0	beam_20220603-125125
8	9	0	beam_20220603-125129
8	10	0	beam_20220603-125134
8	11	0	beam_20220603-125138
8	12	0	beam_20220603-125142
8	13	0	beam_20220603-125146
8	14	0	beam_20220603-125150
8	15	0	beam_20220603-125154
8	16	0	beam_20220603-125158
8	17	0	beam_20220603-125202
8	18	500	beam_20220603-125207
8	19	0	beam_20220603-125304
8	20	0	beam_20220603-125308
8	21	0	beam_20220603-125312
8	22	0	beam_20220603-125317
8	23	0	beam_20220603-125321
8	24	0	beam_20220603-125325
8	25	0	beam_20220603-125329
8	26	500	beam_20220603-125333
8	27	0	beam_20220603-125431
8	28	0	beam_20220603-125435
8	29	0	beam_20220603-125439
8	30	0	beam_20220603-125443
8	31	0	beam_20220603-125447
8	32	0	beam_20220603-125451
8	33	0	beam_20220603-125456
8	34	0	beam_20220603-125500
