Col	Row	Count	Time
5	0	0	beam_20220603-123306
5	1	0	beam_20220603-123310
5	2	0	beam_20220603-123314
5	3	0	beam_20220603-123319
5	4	0	beam_20220603-123323
5	5	0	beam_20220603-123327
5	6	0	beam_20220603-123331
5	7	0	beam_20220603-123335
5	8	0	beam_20220603-123339
5	9	0	beam_20220603-123343
5	10	500	beam_20220603-123347
5	11	0	beam_20220603-123445
5	12	0	beam_20220603-123449
5	13	0	beam_20220603-123453
5	14	0	beam_20220603-123457
5	15	500	beam_20220603-123502
5	16	0	beam_20220603-123559
5	17	0	beam_20220603-123603
5	18	0	beam_20220603-123608
5	19	0	beam_20220603-123612
5	20	0	beam_20220603-123616
5	21	500	beam_20220603-123620
5	22	0	beam_20220603-123718
5	23	0	beam_20220603-123722
5	24	0	beam_20220603-123726
5	25	500	beam_20220603-123730
5	26	0	beam_20220603-123828
5	27	0	beam_20220603-123832
5	28	0	beam_20220603-123836
5	29	0	beam_20220603-123840
5	30	500	beam_20220603-123844
5	31	0	beam_20220603-123942
5	32	0	beam_20220603-123946
5	33	0	beam_20220603-123950
5	34	0	beam_20220603-123954
