Col	Row	Count	Time
4	0	0	beam_20220603-122711
4	1	0	beam_20220603-122715
4	2	0	beam_20220603-122720
4	3	0	beam_20220603-122724
4	4	0	beam_20220603-122728
4	5	0	beam_20220603-122732
4	6	0	beam_20220603-122736
4	7	500	beam_20220603-122740
4	8	0	beam_20220603-122838
4	9	0	beam_20220603-122842
4	10	0	beam_20220603-122846
4	12	500	beam_20220603-122850
4	13	0	beam_20220603-122948
4	14	0	beam_20220603-122952
4	15	0	beam_20220603-122956
4	16	0	beam_20220603-123000
4	17	500	beam_20220603-123005
4	18	0	beam_20220603-123102
4	19	0	beam_20220603-123106
4	20	0	beam_20220603-123111
4	21	0	beam_20220603-123115
4	22	0	beam_20220603-123119
4	23	0	beam_20220603-123123
4	24	0	beam_20220603-123127
4	25	0	beam_20220603-123131
4	26	0	beam_20220603-123135
4	27	0	beam_20220603-123139
4	28	0	beam_20220603-123144
4	29	0	beam_20220603-123148
4	30	0	beam_20220603-123152
4	31	500	beam_20220603-123156
4	32	0	beam_20220603-123254
4	33	0	beam_20220603-123258
4	34	0	beam_20220603-123302
