Col	Row	Count	Time
11	0	0	beam_20220603-130445
11	1	0	beam_20220603-130449
11	2	0	beam_20220603-130454
11	3	0	beam_20220603-130458
11	4	0	beam_20220603-130502
11	5	0	beam_20220603-130506
11	6	0	beam_20220603-130510
11	7	0	beam_20220603-130514
11	8	0	beam_20220603-130518
11	9	0	beam_20220603-130523
11	10	0	beam_20220603-130527
11	11	0	beam_20220603-130531
11	12	0	beam_20220603-130535
11	13	0	beam_20220603-130539
11	14	0	beam_20220603-130543
11	15	0	beam_20220603-130547
11	16	0	beam_20220603-130551
11	17	0	beam_20220603-130555
11	18	0	beam_20220603-130600
11	19	0	beam_20220603-130604
11	20	0	beam_20220603-130608
11	21	0	beam_20220603-130612
11	22	0	beam_20220603-130616
11	23	0	beam_20220603-130620
11	24	0	beam_20220603-130624
11	25	0	beam_20220603-130628
11	26	0	beam_20220603-130633
11	27	0	beam_20220603-130637
11	28	0	beam_20220603-130641
11	29	0	beam_20220603-130645
11	30	0	beam_20220603-130649
11	31	0	beam_20220603-130653
11	32	0	beam_20220603-130657
11	33	0	beam_20220603-130701
11	34	0	beam_20220603-130706
