Col	Row	Count	Time
31	0	0	beam_20220603-145722
31	1	0	beam_20220603-145726
31	2	0	beam_20220603-145730
31	3	0	beam_20220603-145734
31	4	0	beam_20220603-145738
31	5	0	beam_20220603-145743
31	6	0	beam_20220603-145747
31	7	0	beam_20220603-145751
31	8	0	beam_20220603-145755
31	9	0	beam_20220603-145759
31	10	500	beam_20220603-145803
31	11	500	beam_20220603-145901
31	12	0	beam_20220603-145959
31	13	0	beam_20220603-150003
31	14	0	beam_20220603-150007
31	15	0	beam_20220603-150011
31	16	0	beam_20220603-150015
31	17	0	beam_20220603-150019
31	18	0	beam_20220603-150023
31	19	0	beam_20220603-150027
31	20	0	beam_20220603-150032
31	21	0	beam_20220603-150036
31	22	0	beam_20220603-150040
31	23	0	beam_20220603-150044
31	24	0	beam_20220603-150048
31	25	500	beam_20220603-150052
31	26	500	beam_20220603-150150
31	27	0	beam_20220603-150248
31	28	0	beam_20220603-150252
31	29	500	beam_20220603-150256
31	30	219	beam_20220603-150354
31	31	0	beam_20220603-150421
31	32	0	beam_20220603-150425
31	33	0	beam_20220603-150429
31	34	0	beam_20220603-150434
