Col	Row	Count	Time
25	0	500	beam_20220603-142527
25	1	0	beam_20220603-142624
25	2	0	beam_20220603-142628
25	3	0	beam_20220603-142633
25	4	0	beam_20220603-142637
25	5	0	beam_20220603-142641
25	6	0	beam_20220603-142645
25	7	0	beam_20220603-142649
25	8	0	beam_20220603-142653
25	9	0	beam_20220603-142657
25	10	0	beam_20220603-142701
25	11	0	beam_20220603-142706
25	12	0	beam_20220603-142710
25	13	0	beam_20220603-142714
25	14	0	beam_20220603-142718
25	16	0	beam_20220603-142722
25	17	0	beam_20220603-142726
25	18	0	beam_20220603-142730
25	19	0	beam_20220603-142734
25	20	500	beam_20220603-142739
25	21	0	beam_20220603-142836
25	22	0	beam_20220603-142840
25	23	0	beam_20220603-142845
25	24	0	beam_20220603-142849
25	25	0	beam_20220603-142853
25	26	500	beam_20220603-142857
25	27	0	beam_20220603-142955
25	28	0	beam_20220603-142959
25	29	0	beam_20220603-143003
25	30	0	beam_20220603-143007
25	31	0	beam_20220603-143011
25	32	0	beam_20220603-143015
25	33	500	beam_20220603-143019
25	34	0	beam_20220603-143117
