Col	Row	Count	Time
26	0	0	beam_20220603-143121
26	1	0	beam_20220603-143125
26	2	0	beam_20220603-143129
26	3	23	beam_20220603-143134
26	4	0	beam_20220603-143140
26	5	500	beam_20220603-143144
26	6	0	beam_20220603-143242
26	7	0	beam_20220603-143246
26	8	0	beam_20220603-143250
26	9	0	beam_20220603-143254
26	10	0	beam_20220603-143258
26	11	0	beam_20220603-143303
26	12	0	beam_20220603-143307
26	13	0	beam_20220603-143311
26	14	0	beam_20220603-143315
26	15	0	beam_20220603-143319
26	16	500	beam_20220603-143323
26	17	0	beam_20220603-143421
26	18	0	beam_20220603-143425
26	19	0	beam_20220603-143429
26	20	0	beam_20220603-143433
26	21	500	beam_20220603-143437
26	22	0	beam_20220603-143535
26	23	0	beam_20220603-143539
26	24	0	beam_20220603-143543
26	25	500	beam_20220603-143547
26	26	0	beam_20220603-143645
26	27	0	beam_20220603-143649
26	28	0	beam_20220603-143653
26	29	0	beam_20220603-143657
26	30	0	beam_20220603-143702
26	31	0	beam_20220603-143706
26	32	0	beam_20220603-143710
26	33	0	beam_20220603-143714
26	34	0	beam_20220603-143718
