Col	Row	Count	Time
17	0	0	beam_20220603-133654
17	1	0	beam_20220603-133659
17	2	0	beam_20220603-133703
17	3	0	beam_20220603-133707
17	4	0	beam_20220603-133711
17	5	0	beam_20220603-133715
17	6	0	beam_20220603-133719
17	7	0	beam_20220603-133723
17	8	0	beam_20220603-133727
17	9	500	beam_20220603-133732
17	10	500	beam_20220603-133829
17	11	0	beam_20220603-133927
17	12	0	beam_20220603-133931
17	13	0	beam_20220603-133935
17	14	0	beam_20220603-133939
17	15	0	beam_20220603-133943
17	16	0	beam_20220603-133948
17	17	0	beam_20220603-133952
17	18	500	beam_20220603-133956
17	19	0	beam_20220603-134053
17	20	0	beam_20220603-134058
17	21	0	beam_20220603-134102
17	22	0	beam_20220603-134106
17	23	0	beam_20220603-134110
17	24	0	beam_20220603-134114
17	25	0	beam_20220603-134118
17	26	0	beam_20220603-134122
17	27	0	beam_20220603-134126
17	28	0	beam_20220603-134131
17	29	0	beam_20220603-134135
17	30	0	beam_20220603-134139
17	31	0	beam_20220603-134143
17	32	0	beam_20220603-134147
17	33	0	beam_20220603-134151
17	34	0	beam_20220603-134155
