Col	Row	Count	Time
1	0	500	beam_20220610-095825
1	1	500	beam_20220610-095924
1	2	500	beam_20220610-100023
1	3	500	beam_20220610-100122
1	4	500	beam_20220610-100221
1	5	500	beam_20220610-100319
1	6	500	beam_20220610-100418
1	7	500	beam_20220610-100517
1	8	500	beam_20220610-100616
1	9	500	beam_20220610-100714
1	10	500	beam_20220610-100813
1	11	500	beam_20220610-100912
1	12	500	beam_20220610-101011
1	13	500	beam_20220610-101110
1	14	500	beam_20220610-101208
1	15	500	beam_20220610-101307
1	16	500	beam_20220610-101406
1	17	500	beam_20220610-101505
1	18	500	beam_20220610-101603
1	21	500	beam_20220610-101702
1	22	500	beam_20220610-101801
1	23	500	beam_20220610-101900
1	24	500	beam_20220610-101959
1	25	500	beam_20220610-102057
1	26	500	beam_20220610-102156
1	27	500	beam_20220610-102255
1	28	500	beam_20220610-102354
1	29	500	beam_20220610-102452
1	30	500	beam_20220610-102551
1	31	500	beam_20220610-102650
1	32	500	beam_20220610-102749
1	33	500	beam_20220610-102848
1	34	500	beam_20220610-102946
