Col	Row	Count	Time
8	0	500	beam_20220610-135627
8	1	500	beam_20220610-135725
8	2	500	beam_20220610-135824
8	3	500	beam_20220610-135923
8	4	500	beam_20220610-140022
8	5	500	beam_20220610-140121
8	6	500	beam_20220610-140219
8	7	500	beam_20220610-140318
8	8	500	beam_20220610-140417
8	9	500	beam_20220610-140516
8	10	500	beam_20220610-140615
8	11	500	beam_20220610-140713
8	12	500	beam_20220610-140812
8	13	500	beam_20220610-140911
8	14	500	beam_20220610-141010
8	15	500	beam_20220610-141108
8	16	500	beam_20220610-141207
8	17	500	beam_20220610-141306
8	18	500	beam_20220610-141405
8	19	500	beam_20220610-141504
8	20	500	beam_20220610-141602
8	21	500	beam_20220610-141701
8	22	500	beam_20220610-141800
8	23	500	beam_20220610-141859
8	24	500	beam_20220610-141958
8	25	500	beam_20220610-142056
8	26	500	beam_20220610-142155
8	27	500	beam_20220610-142254
8	28	500	beam_20220610-142353
8	29	500	beam_20220610-142451
8	30	500	beam_20220610-142550
8	31	500	beam_20220610-142648
8	32	500	beam_20220610-142747
8	33	500	beam_20220610-142846
8	34	500	beam_20220610-142945
