Col	Row	Count	Time
7	0	1	beam_20220505-142809
7	1	0	beam_20220505-142817
7	2	0	beam_20220505-142824
7	3	2	beam_20220505-142831
7	4	0	beam_20220505-142840
7	5	0	beam_20220505-142847
7	6	0	beam_20220505-142854
7	7	0	beam_20220505-142901
7	8	0	beam_20220505-142908
7	9	79	beam_20220505-142915
7	10	12	beam_20220505-143020
7	11	0	beam_20220505-143036
7	12	0	beam_20220505-143043
7	13	0	beam_20220505-143050
7	14	78	beam_20220505-143057
7	15	0	beam_20220505-143202
7	16	1000	beam_20220505-143209
7	17	36	beam_20220505-144427
7	18	994	beam_20220505-144501
7	19	0	beam_20220505-145714
7	20	0	beam_20220505-145721
7	21	0	beam_20220505-145728
7	22	0	beam_20220505-145735
7	23	0	beam_20220505-145742
7	24	0	beam_20220505-145749
7	25	0	beam_20220505-145756
7	26	1000	beam_20220505-145803
7	27	0	beam_20220505-151026
7	28	0	beam_20220505-151033
7	29	0	beam_20220505-151040
7	30	0	beam_20220505-151047
7	31	0	beam_20220505-151054
7	32	0	beam_20220505-151101
7	33	1000	beam_20220505-151108
7	34	0	beam_20220505-152329