Col	Row	Count	Time
2	0	0	beam_20220504-205522
2	1	1000	beam_20220504-205529
2	2	0	beam_20220504-210754
2	3	0	beam_20220504-210801
2	4	1	beam_20220504-210808
2	5	2	beam_20220504-210816
2	6	1	beam_20220504-210825
2	7	0	beam_20220504-210833
2	8	1	beam_20220504-210840
2	9	0	beam_20220504-210848
2	10	0	beam_20220504-210855
2	11	0	beam_20220504-210902
2	12	2	beam_20220504-210909
2	13	0	beam_20220504-210918
2	14	1	beam_20220504-210925
2	15	1000	beam_20220504-210933
2	16	6	beam_20220504-212158
2	17	1000	beam_20220504-212210
2	18	1000	beam_20220504-213433
2	19	0	beam_20220504-214701
2	20	0	beam_20220504-214708
2	21	1000	beam_20220504-214715
2	22	0	beam_20220504-215941
2	23	2	beam_20220504-215949
2	24	0	beam_20220504-215957
2	25	0	beam_20220504-220004
2	26	1000	beam_20220504-220012
2	27	961	beam_20220504-221237
2	28	0	beam_20220504-222436
2	29	1000	beam_20220504-222443
2	30	1000	beam_20220504-223707
2	31	1	beam_20220504-224931
2	32	0	beam_20220504-224939
2	33	0	beam_20220504-224946
2	34	0	beam_20220504-224953