Col	Row	Count	Time
16	0	0	beam_20220506-165612
16	1	1	beam_20220506-165619
16	2	0	beam_20220506-165627
16	3	0	beam_20220506-165634
16	4	0	beam_20220506-165641
16	5	1000	beam_20220506-165649
16	6	1	beam_20220506-170908
16	7	1	beam_20220506-170916
16	8	0	beam_20220506-170924
16	9	22	beam_20220506-170931
16	10	1000	beam_20220506-170954
16	11	5	beam_20220506-172214
16	12	0	beam_20220506-172225
16	13	0	beam_20220506-172232
16	14	0	beam_20220506-172239
16	15	0	beam_20220506-172246
16	16	5	beam_20220506-172254
16	17	0	beam_20220506-172304
16	18	0	beam_20220506-172312
16	19	0	beam_20220506-172319
16	20	87	beam_20220506-172326
16	21	1000	beam_20220506-172437
16	22	0	beam_20220506-173656
16	23	0	beam_20220506-173704
16	24	0	beam_20220506-173711
16	25	415	beam_20220506-173718
16	26	0	beam_20220506-174229
16	27	1000	beam_20220506-174236
16	28	0	beam_20220506-175457
16	29	0	beam_20220506-175505
16	30	0	beam_20220506-175512
16	31	0	beam_20220506-175519
16	32	0	beam_20220506-175526
16	33	0	beam_20220506-175533
16	34	0	beam_20220506-175540
