Col	Row	Count	Time
8	0	0	beam_20220505-152336
8	1	0	beam_20220505-152343
8	2	1	beam_20220505-152350
8	3	1	beam_20220505-152358
8	4	1000	beam_20220505-152406
8	5	1000	beam_20220505-153623
8	6	0	beam_20220505-154845
8	7	0	beam_20220505-154852
8	8	1000	beam_20220505-154859
8	9	0	beam_20220505-160118
8	10	0	beam_20220505-160125
8	11	0	beam_20220505-160132
8	12	3	beam_20220505-160139
8	13	0	beam_20220505-160149
8	14	2	beam_20220505-160156
8	15	0	beam_20220505-160205
8	16	253	beam_20220505-160212
8	17	0	beam_20220505-160524
8	18	0	beam_20220505-160531
8	19	0	beam_20220505-160538
8	20	1000	beam_20220505-160545
8	21	1	beam_20220505-161805
8	22	22	beam_20220505-161813
8	23	40	beam_20220505-161836
8	24	0	beam_20220505-161913
8	25	0	beam_20220505-161920
8	26	0	beam_20220505-161927
8	27	0	beam_20220505-161934
8	28	2	beam_20220505-161941
8	29	0	beam_20220505-161950
8	30	1000	beam_20220505-161957
8	31	0	beam_20220505-163214
8	32	0	beam_20220505-163221
8	33	0	beam_20220505-163229
8	34	1	beam_20220505-163236