Col	Row	Count	Time
4	0	0	beam_20220504-234653
4	1	0	beam_20220504-234700
4	2	1000	beam_20220504-234707
4	3	1000	beam_20220504-235932
4	4	0	beam_20220505-001157
4	5	0	beam_20220505-001205
4	6	3	beam_20220505-001212
4	7	0	beam_20220505-001221
4	8	0	beam_20220505-001228
4	9	0	beam_20220505-001235
4	10	0	beam_20220505-001242
4	11	283	beam_20220505-001250
4	12	0	beam_20220505-001626
4	13	1000	beam_20220505-001633
4	14	0	beam_20220505-002900
4	15	0	beam_20220505-002908
4	16	2	beam_20220505-002915
4	17	0	beam_20220505-002923
4	18	0	beam_20220505-002931
4	19	0	beam_20220505-002938
4	20	1000	beam_20220505-002945
4	21	36	beam_20220505-004213
4	22	0	beam_20220505-004247
4	23	0	beam_20220505-004254
4	24	1000	beam_20220505-004301
4	25	0	beam_20220505-005525
4	26	23	beam_20220505-005532
4	27	1	beam_20220505-005556
4	28	4	beam_20220505-005604
4	29	2	beam_20220505-005614
4	30	1000	beam_20220505-005623
4	31	1000	beam_20220505-010850
4	32	0	beam_20220505-012117
4	33	10	beam_20220505-012124
4	34	0	beam_20220505-012139