Col	Row	Count	Time
19	0	1	beam_20220506-205120
19	1	0	beam_20220506-205128
19	2	0	beam_20220506-205135
19	3	0	beam_20220506-205142
19	4	3	beam_20220506-205149
19	5	0	beam_20220506-205158
19	6	1	beam_20220506-205205
19	7	1000	beam_20220506-205213
19	8	0	beam_20220506-210442
19	9	0	beam_20220506-210449
19	10	0	beam_20220506-210456
19	11	0	beam_20220506-210503
19	12	12	beam_20220506-210511
19	13	0	beam_20220506-210527
19	14	0	beam_20220506-210534
19	15	1000	beam_20220506-210541
19	16	0	beam_20220506-211810
19	17	4	beam_20220506-211817
19	18	1	beam_20220506-211828
19	19	0	beam_20220506-211836
19	20	0	beam_20220506-211843
19	21	0	beam_20220506-211850
19	22	1000	beam_20220506-211857
19	23	0	beam_20220506-213126
19	24	0	beam_20220506-213133
19	25	0	beam_20220506-213141
19	26	1000	beam_20220506-213148
19	27	0	beam_20220506-214414
19	28	0	beam_20220506-214421
19	29	0	beam_20220506-214428
19	30	0	beam_20220506-214436
19	31	3	beam_20220506-214443
19	32	1	beam_20220506-214452
19	33	0	beam_20220506-214500
19	34	0	beam_20220506-214507
