Col	Row	Count	Time
13	0	0	beam_20220506-120031
13	1	0	beam_20220506-120038
13	2	0	beam_20220506-120045
13	3	0	beam_20220506-120052
13	4	1000	beam_20220506-120059
13	5	0	beam_20220506-121526
13	6	1000	beam_20220506-121533
13	7	849	beam_20220506-122752
13	8	0	beam_20220506-123819
13	9	0	beam_20220506-123826
13	10	0	beam_20220506-123833
13	11	0	beam_20220506-123840
13	12	0	beam_20220506-123847
13	13	0	beam_20220506-123854
13	14	484	beam_20220506-123902
13	15	13	beam_20220506-124502
13	16	0	beam_20220506-124519
13	17	0	beam_20220506-124526
13	18	2	beam_20220506-124533
13	19	832	beam_20220506-124542
13	20	0	beam_20220506-125556
13	21	0	beam_20220506-125603
13	22	7	beam_20220506-125611
13	23	0	beam_20220506-125623
13	24	0	beam_20220506-125630
13	25	4	beam_20220506-125637
13	26	0	beam_20220506-125647
13	27	0	beam_20220506-125654
13	28	0	beam_20220506-125702
13	29	347	beam_20220506-125709
13	30	1000	beam_20220506-130129
13	31	1	beam_20220506-131347
13	32	1000	beam_20220506-131355
13	33	0	beam_20220506-132610
13	34	0	beam_20220506-132617
