Col	Row	Count	Time
15	0	0	beam_20220506-152502
15	1	0	beam_20220506-152509
15	2	1	beam_20220506-152516
15	3	1000	beam_20220506-152524
15	4	24	beam_20220506-153743
15	5	1000	beam_20220506-153808
15	6	0	beam_20220506-155027
15	7	0	beam_20220506-155034
15	8	0	beam_20220506-155041
15	9	0	beam_20220506-155049
15	10	0	beam_20220506-155056
15	11	1000	beam_20220506-155103
15	12	1000	beam_20220506-160321
15	13	0	beam_20220506-161545
15	14	62	beam_20220506-161552
15	15	0	beam_20220506-161645
15	16	0	beam_20220506-161652
15	17	0	beam_20220506-161659
15	18	0	beam_20220506-161707
15	19	0	beam_20220506-161714
15	20	0	beam_20220506-161721
15	21	1000	beam_20220506-161728
15	22	2	beam_20220506-162953
15	23	0	beam_20220506-163001
15	24	0	beam_20220506-163008
15	25	0	beam_20220506-163016
15	26	0	beam_20220506-163023
15	27	0	beam_20220506-163030
15	28	0	beam_20220506-163037
15	29	1	beam_20220506-163044
15	30	1000	beam_20220506-163052
15	31	0	beam_20220506-164334
15	32	0	beam_20220506-164341
15	33	1000	beam_20220506-164348
15	34	0	beam_20220506-165605
