Col	Row	Count	Time
15	0	0	beam_20220629-173207
15	1	0	beam_20220629-173208
15	2	50	beam_20220629-173209
15	3	0	beam_20220629-173216
15	4	0	beam_20220629-173217
15	5	0	beam_20220629-173218
15	6	0	beam_20220629-173219
15	7	0	beam_20220629-173220
15	8	50	beam_20220629-173222
15	9	50	beam_20220629-173228
15	10	0	beam_20220629-173235
15	11	0	beam_20220629-173236
15	12	0	beam_20220629-173237
15	13	0	beam_20220629-173238
15	14	50	beam_20220629-173240
15	15	0	beam_20220629-173246
15	16	0	beam_20220629-173247
15	17	0	beam_20220629-173249
15	18	0	beam_20220629-173250
15	19	0	beam_20220629-173251
15	20	0	beam_20220629-173252
15	21	0	beam_20220629-173253
15	22	0	beam_20220629-173255
15	23	0	beam_20220629-173256
15	24	0	beam_20220629-173257
15	25	0	beam_20220629-173258
15	26	0	beam_20220629-173259
15	27	50	beam_20220629-173301
15	28	0	beam_20220629-173307
15	29	0	beam_20220629-173308
15	30	0	beam_20220629-173310
15	31	50	beam_20220629-173311
15	32	50	beam_20220629-173317
15	33	0	beam_20220629-173324
15	34	0	beam_20220629-173325
