Col	Row	Count	Time
19	0	0	beam_20220629-173859
19	1	0	beam_20220629-173901
19	2	0	beam_20220629-173902
19	3	0	beam_20220629-173903
19	4	0	beam_20220629-173904
19	5	0	beam_20220629-173906
19	6	50	beam_20220629-173907
19	7	0	beam_20220629-173913
19	8	0	beam_20220629-173915
19	9	0	beam_20220629-173916
19	10	0	beam_20220629-173917
19	11	0	beam_20220629-173918
19	12	0	beam_20220629-173919
19	13	0	beam_20220629-173921
19	14	0	beam_20220629-173922
19	15	50	beam_20220629-173923
19	16	50	beam_20220629-173930
19	17	0	beam_20220629-173936
19	18	50	beam_20220629-173937
19	19	50	beam_20220629-173944
19	20	0	beam_20220629-173950
19	21	50	beam_20220629-173952
19	22	50	beam_20220629-173958
19	23	0	beam_20220629-174005
19	24	0	beam_20220629-174006
19	25	0	beam_20220629-174007
19	26	50	beam_20220629-174008
19	27	0	beam_20220629-174015
19	28	0	beam_20220629-174016
19	29	0	beam_20220629-174017
19	30	0	beam_20220629-174019
19	31	50	beam_20220629-174020
19	32	0	beam_20220629-174026
19	33	0	beam_20220629-174028
19	34	0	beam_20220629-174029
