Col	Row	Count	Time
2	0	50	beam_20220629-170929
2	1	0	beam_20220629-170936
2	2	0	beam_20220629-170937
2	3	50	beam_20220629-170938
2	4	0	beam_20220629-170945
2	5	0	beam_20220629-170946
2	6	0	beam_20220629-170947
2	7	50	beam_20220629-170948
2	8	0	beam_20220629-170955
2	9	0	beam_20220629-170956
2	10	50	beam_20220629-170957
2	11	0	beam_20220629-171004
2	12	0	beam_20220629-171005
2	13	50	beam_20220629-171006
2	14	0	beam_20220629-171013
2	15	50	beam_20220629-171014
2	16	0	beam_20220629-171021
2	17	0	beam_20220629-171022
2	18	0	beam_20220629-171023
2	19	0	beam_20220629-171024
2	20	0	beam_20220629-171026
2	21	0	beam_20220629-171027
2	22	50	beam_20220629-171028
2	23	0	beam_20220629-171035
2	24	50	beam_20220629-171036
2	25	0	beam_20220629-171042
2	26	0	beam_20220629-171044
2	27	50	beam_20220629-171045
2	28	0	beam_20220629-171051
2	29	0	beam_20220629-171052
2	30	0	beam_20220629-171054
2	31	0	beam_20220629-171055
2	32	0	beam_20220629-171056
2	33	0	beam_20220629-171057
2	34	50	beam_20220629-171058
