Col	Row	Count	Time
20	0	0	beam_20220629-174030
20	1	0	beam_20220629-174031
20	2	0	beam_20220629-174032
20	3	50	beam_20220629-174034
20	4	50	beam_20220629-174040
20	5	0	beam_20220629-174047
20	6	0	beam_20220629-174048
20	7	0	beam_20220629-174049
20	8	0	beam_20220629-174050
20	9	0	beam_20220629-174052
20	10	50	beam_20220629-174053
20	11	50	beam_20220629-174059
20	12	0	beam_20220629-174106
20	13	0	beam_20220629-174107
20	14	0	beam_20220629-174108
20	15	0	beam_20220629-174110
20	16	0	beam_20220629-174111
20	17	0	beam_20220629-174112
20	18	0	beam_20220629-174113
20	19	0	beam_20220629-174114
20	20	0	beam_20220629-174116
20	21	0	beam_20220629-174117
20	22	0	beam_20220629-174118
20	23	50	beam_20220629-174119
20	24	0	beam_20220629-174126
20	25	0	beam_20220629-174127
20	26	0	beam_20220629-174128
20	27	0	beam_20220629-174129
20	28	0	beam_20220629-174131
20	29	0	beam_20220629-174132
20	30	0	beam_20220629-174133
20	31	50	beam_20220629-174134
20	32	50	beam_20220629-174141
20	33	0	beam_20220629-174147
20	34	0	beam_20220629-174148
