Col	Row	Count	Time
28	0	0	beam_20220629-175422
28	1	50	beam_20220629-175423
28	2	0	beam_20220629-175429
28	3	50	beam_20220629-175431
28	4	50	beam_20220629-175437
28	5	0	beam_20220629-175444
28	6	0	beam_20220629-175445
28	7	0	beam_20220629-175446
28	8	50	beam_20220629-175448
28	9	0	beam_20220629-175454
28	10	0	beam_20220629-175455
28	11	0	beam_20220629-175457
28	12	50	beam_20220629-175458
28	13	50	beam_20220629-175504
28	14	0	beam_20220629-175511
28	15	50	beam_20220629-175512
28	16	50	beam_20220629-175519
28	17	50	beam_20220629-175525
28	18	0	beam_20220629-175532
28	19	0	beam_20220629-175533
28	20	50	beam_20220629-175534
28	21	0	beam_20220629-175541
28	22	0	beam_20220629-175542
28	23	50	beam_20220629-175543
28	24	0	beam_20220629-175550
28	25	0	beam_20220629-175551
28	26	50	beam_20220629-175552
28	27	0	beam_20220629-175559
28	28	0	beam_20220629-175600
28	29	50	beam_20220629-175601
28	30	0	beam_20220629-175608
28	31	50	beam_20220629-175609
28	32	50	beam_20220629-175616
28	33	0	beam_20220629-175622
28	34	0	beam_20220629-175623
