Col	Row	Count	Time
32	0	0	beam_20220629-180235
32	1	50	beam_20220629-180236
32	2	0	beam_20220629-180243
32	3	50	beam_20220629-180244
32	4	0	beam_20220629-180251
32	5	0	beam_20220629-180252
32	6	50	beam_20220629-180253
32	7	50	beam_20220629-180300
32	8	0	beam_20220629-180306
32	9	0	beam_20220629-180308
32	10	50	beam_20220629-180309
32	11	50	beam_20220629-180315
32	12	0	beam_20220629-180322
32	13	0	beam_20220629-180323
32	14	0	beam_20220629-180324
32	15	0	beam_20220629-180326
32	16	0	beam_20220629-180327
32	17	0	beam_20220629-180328
32	18	5	beam_20220629-180329
32	19	50	beam_20220629-180331
32	20	0	beam_20220629-180337
32	21	0	beam_20220629-180339
32	22	0	beam_20220629-180340
32	23	0	beam_20220629-180341
32	24	0	beam_20220629-180342
32	25	0	beam_20220629-180344
32	26	0	beam_20220629-180345
32	27	0	beam_20220629-180346
32	28	0	beam_20220629-180347
32	29	0	beam_20220629-180348
32	30	50	beam_20220629-180350
32	31	50	beam_20220629-180356
32	32	0	beam_20220629-180403
32	33	0	beam_20220629-180404
32	34	0	beam_20220629-180405
