Col	Row	Count	Time
25	0	0	beam_20220629-174847
25	1	0	beam_20220629-174849
25	2	0	beam_20220629-174850
25	3	0	beam_20220629-174851
25	4	0	beam_20220629-174852
25	5	0	beam_20220629-174853
25	6	0	beam_20220629-174855
25	7	50	beam_20220629-174856
25	8	0	beam_20220629-174902
25	9	50	beam_20220629-174904
25	10	50	beam_20220629-174910
25	11	0	beam_20220629-174917
25	12	50	beam_20220629-174918
25	13	0	beam_20220629-174925
25	14	50	beam_20220629-174926
25	15	0	beam_20220629-174932
25	16	0	beam_20220629-174934
25	17	0	beam_20220629-174935
25	18	50	beam_20220629-174936
25	19	50	beam_20220629-174943
25	20	50	beam_20220629-174949
25	21	0	beam_20220629-174956
25	22	0	beam_20220629-174957
25	23	50	beam_20220629-174958
25	24	0	beam_20220629-175005
25	25	50	beam_20220629-175006
25	26	0	beam_20220629-175012
25	27	0	beam_20220629-175014
25	28	0	beam_20220629-175015
25	29	0	beam_20220629-175016
25	30	0	beam_20220629-175017
25	31	50	beam_20220629-175019
25	32	0	beam_20220629-175025
25	33	0	beam_20220629-175026
25	34	50	beam_20220629-175027
