Col	Row	Count	Time
21	0	50	beam_20220629-174150
21	1	0	beam_20220629-174156
21	2	0	beam_20220629-174158
21	3	0	beam_20220629-174159
21	4	50	beam_20220629-174200
21	5	50	beam_20220629-174207
21	6	0	beam_20220629-174213
21	7	0	beam_20220629-174214
21	8	0	beam_20220629-174216
21	9	50	beam_20220629-174217
21	10	50	beam_20220629-174223
21	11	50	beam_20220629-174230
21	12	50	beam_20220629-174236
21	13	0	beam_20220629-174243
21	14	0	beam_20220629-174244
21	15	0	beam_20220629-174245
21	16	0	beam_20220629-174247
21	17	0	beam_20220629-174248
21	18	50	beam_20220629-174249
21	19	50	beam_20220629-174256
21	20	0	beam_20220629-174302
21	21	50	beam_20220629-174303
21	22	0	beam_20220629-174310
21	23	0	beam_20220629-174311
21	24	0	beam_20220629-174312
21	25	0	beam_20220629-174314
21	26	50	beam_20220629-174315
21	27	0	beam_20220629-174321
21	28	0	beam_20220629-174323
21	29	0	beam_20220629-174324
21	30	0	beam_20220629-174325
21	31	50	beam_20220629-174326
21	32	50	beam_20220629-174333
21	33	0	beam_20220629-174339
21	34	0	beam_20220629-174340
