Col	Row	Count	Time
4	0	500	beam_20220602-160859
4	1	500	beam_20220602-160958
4	2	500	beam_20220602-161056
4	3	500	beam_20220602-161155
4	4	0	beam_20220602-161254
4	5	500	beam_20220602-161258
4	6	500	beam_20220602-161356
4	7	500	beam_20220602-161455
4	8	0	beam_20220602-161554
4	9	500	beam_20220602-161558
4	10	500	beam_20220602-161657
4	11	500	beam_20220602-161755
4	12	500	beam_20220602-161854
4	13	500	beam_20220602-161953
4	14	0	beam_20220602-162051
4	15	0	beam_20220602-162055
4	16	500	beam_20220602-162059
4	17	500	beam_20220602-162158
4	19	500	beam_20220602-162257
4	20	500	beam_20220602-162356
4	21	500	beam_20220602-162454
4	22	500	beam_20220602-162553
4	23	500	beam_20220602-162652
4	24	0	beam_20220602-162751
4	25	500	beam_20220602-162755
4	26	500	beam_20220602-162854
4	27	500	beam_20220602-162952
4	29	500	beam_20220602-163051
4	30	500	beam_20220602-163150
4	31	500	beam_20220602-163248
4	32	500	beam_20220602-163347
4	33	500	beam_20220602-163446
4	34	500	beam_20220602-163545
