Col	Row	Count	Time
15	0	0	beam_20220602-205018
15	1	500	beam_20220602-205022
15	2	500	beam_20220602-205121
15	3	500	beam_20220602-205220
15	4	500	beam_20220602-205318
15	5	500	beam_20220602-205417
15	6	500	beam_20220602-205516
15	7	500	beam_20220602-205614
15	8	500	beam_20220602-205713
15	9	500	beam_20220602-205812
15	10	500	beam_20220602-205911
15	11	500	beam_20220602-210009
15	12	500	beam_20220602-210108
15	13	500	beam_20220602-210207
15	14	0	beam_20220602-210305
15	15	500	beam_20220602-210310
15	16	500	beam_20220602-210408
15	17	0	beam_20220602-210507
15	18	500	beam_20220602-210511
15	19	500	beam_20220602-210610
15	20	500	beam_20220602-210709
15	21	500	beam_20220602-210807
15	22	500	beam_20220602-210906
15	23	500	beam_20220602-211005
15	24	500	beam_20220602-211104
15	25	500	beam_20220602-211203
15	26	0	beam_20220602-211301
15	27	500	beam_20220602-211306
15	28	500	beam_20220602-211404
15	29	500	beam_20220602-211503
15	30	500	beam_20220602-211602
15	31	152	beam_20220602-211701
15	32	500	beam_20220602-211721
15	33	0	beam_20220602-211820
15	34	500	beam_20220602-211824
