Col	Row	Count	Time
5	0	500	beam_20220602-163643
5	1	0	beam_20220602-163742
5	2	500	beam_20220602-163746
5	3	500	beam_20220602-163845
5	4	500	beam_20220602-163944
5	5	0	beam_20220602-164043
5	6	500	beam_20220602-164047
5	7	0	beam_20220602-164145
5	8	500	beam_20220602-164150
5	9	500	beam_20220602-164248
5	10	500	beam_20220602-164347
5	12	500	beam_20220602-164446
5	13	500	beam_20220602-164545
5	14	0	beam_20220602-164643
5	15	500	beam_20220602-164648
5	16	0	beam_20220602-164746
5	17	500	beam_20220602-164750
5	18	500	beam_20220602-164849
5	19	0	beam_20220602-164948
5	20	500	beam_20220602-164952
5	21	500	beam_20220602-165051
5	22	500	beam_20220602-165150
5	23	0	beam_20220602-165248
5	24	500	beam_20220602-165253
5	25	500	beam_20220602-165351
5	26	500	beam_20220602-165450
5	27	500	beam_20220602-165549
5	28	500	beam_20220602-165648
5	29	500	beam_20220602-165746
5	30	500	beam_20220602-165845
5	31	500	beam_20220602-165944
5	32	500	beam_20220602-170043
5	33	0	beam_20220602-170141
5	34	0	beam_20220602-170145
