Col	Row	Count	Time
28	0	0	beam_20220603-023959
28	1	500	beam_20220603-024003
28	2	500	beam_20220603-024102
28	3	500	beam_20220603-024200
28	4	0	beam_20220603-024259
28	5	500	beam_20220603-024303
28	6	0	beam_20220603-024402
28	7	500	beam_20220603-024406
28	8	500	beam_20220603-024505
28	9	500	beam_20220603-024604
28	10	500	beam_20220603-024703
28	11	500	beam_20220603-024802
28	12	0	beam_20220603-024900
28	13	500	beam_20220603-024904
28	14	0	beam_20220603-025003
28	15	500	beam_20220603-025007
28	16	500	beam_20220603-025106
28	17	0	beam_20220603-025205
28	18	500	beam_20220603-025209
28	19	500	beam_20220603-025308
28	20	500	beam_20220603-025407
28	21	500	beam_20220603-025505
28	22	500	beam_20220603-025604
28	23	500	beam_20220603-025703
28	24	500	beam_20220603-025802
28	25	0	beam_20220603-025901
28	26	500	beam_20220603-025905
28	27	500	beam_20220603-030004
28	28	0	beam_20220603-030102
28	29	0	beam_20220603-030106
28	30	500	beam_20220603-030111
28	31	0	beam_20220603-030209
28	32	500	beam_20220603-030214
28	33	500	beam_20220603-030312
28	34	500	beam_20220603-030411
