Col	Row	Count	Time
13	0	0	beam_20220629-172854
13	1	0	beam_20220629-172855
13	2	0	beam_20220629-172856
13	3	0	beam_20220629-172857
13	4	0	beam_20220629-172859
13	5	9	beam_20220629-172900
13	6	0	beam_20220629-172902
13	7	0	beam_20220629-172903
13	8	50	beam_20220629-172904
13	9	0	beam_20220629-172911
13	10	0	beam_20220629-172912
13	11	0	beam_20220629-172913
13	12	0	beam_20220629-172915
13	13	0	beam_20220629-172916
13	14	0	beam_20220629-172917
13	15	0	beam_20220629-172918
13	16	0	beam_20220629-172919
13	17	0	beam_20220629-172921
13	18	0	beam_20220629-172922
13	19	0	beam_20220629-172923
13	20	0	beam_20220629-172924
13	21	0	beam_20220629-172925
13	22	0	beam_20220629-172927
13	23	50	beam_20220629-172928
13	24	0	beam_20220629-172934
13	25	50	beam_20220629-172936
13	26	0	beam_20220629-172942
13	27	0	beam_20220629-172943
13	28	0	beam_20220629-172945
13	29	50	beam_20220629-172946
13	30	0	beam_20220629-172952
13	31	50	beam_20220629-172954
13	32	50	beam_20220629-173000
13	33	0	beam_20220629-173007
13	34	0	beam_20220629-173008
