Col	Row	Count	Time
30	0	50	beam_20220629-175821
30	1	0	beam_20220629-175828
30	2	0	beam_20220629-175829
30	3	0	beam_20220629-175830
30	4	0	beam_20220629-175831
30	5	50	beam_20220629-175832
30	6	0	beam_20220629-175839
30	7	0	beam_20220629-175840
30	8	0	beam_20220629-175841
30	9	0	beam_20220629-175843
30	10	0	beam_20220629-175844
30	11	0	beam_20220629-175845
30	12	0	beam_20220629-175846
30	13	50	beam_20220629-175847
30	14	50	beam_20220629-175854
30	15	50	beam_20220629-175901
30	16	50	beam_20220629-175907
30	17	50	beam_20220629-175914
30	18	50	beam_20220629-175920
30	19	0	beam_20220629-175927
30	20	0	beam_20220629-175928
30	21	0	beam_20220629-175929
30	22	0	beam_20220629-175930
30	23	50	beam_20220629-175932
30	24	0	beam_20220629-175938
30	25	50	beam_20220629-175939
30	26	0	beam_20220629-175946
30	27	0	beam_20220629-175947
30	28	0	beam_20220629-175948
30	29	50	beam_20220629-175949
30	30	50	beam_20220629-175956
30	31	50	beam_20220629-180003
30	32	0	beam_20220629-180009
30	33	50	beam_20220629-180010
30	34	0	beam_20220629-180017
