Col	Row	Count	Time
27	0	0	beam_20220629-175230
27	1	0	beam_20220629-175231
27	2	0	beam_20220629-175232
27	3	0	beam_20220629-175234
27	4	0	beam_20220629-175235
27	5	0	beam_20220629-175236
27	6	0	beam_20220629-175237
27	7	0	beam_20220629-175238
27	8	0	beam_20220629-175240
27	9	0	beam_20220629-175241
27	10	50	beam_20220629-175242
27	11	50	beam_20220629-175249
27	12	50	beam_20220629-175255
27	13	0	beam_20220629-175302
27	14	50	beam_20220629-175303
27	15	0	beam_20220629-175309
27	16	50	beam_20220629-175311
27	17	50	beam_20220629-175317
27	18	50	beam_20220629-175324
27	19	50	beam_20220629-175330
27	20	0	beam_20220629-175337
27	21	0	beam_20220629-175338
27	22	0	beam_20220629-175339
27	23	50	beam_20220629-175340
27	24	0	beam_20220629-175347
27	25	50	beam_20220629-175348
27	26	0	beam_20220629-175355
27	27	0	beam_20220629-175356
27	28	50	beam_20220629-175357
27	29	0	beam_20220629-175404
27	30	0	beam_20220629-175405
27	31	50	beam_20220629-175406
27	32	50	beam_20220629-175413
27	33	0	beam_20220629-175419
27	34	0	beam_20220629-175420
