Col	Row	Count	Time
15	0	0	beam_20220609-201228
15	1	0	beam_20220609-201232
15	2	500	beam_20220609-201236
15	3	500	beam_20220609-201335
15	4	0	beam_20220609-201434
15	5	500	beam_20220609-201438
15	6	500	beam_20220609-201536
15	7	0	beam_20220609-201635
15	8	500	beam_20220609-201639
15	9	0	beam_20220609-201738
15	10	500	beam_20220609-201742
15	11	0	beam_20220609-201841
15	12	500	beam_20220609-201845
15	13	0	beam_20220609-201944
15	14	0	beam_20220609-201948
15	15	0	beam_20220609-201952
15	16	500	beam_20220609-201956
15	17	0	beam_20220609-202055
15	18	500	beam_20220609-202059
15	19	500	beam_20220609-202158
15	20	0	beam_20220609-202257
15	21	500	beam_20220609-202301
15	22	0	beam_20220609-202400
15	23	0	beam_20220609-202404
15	24	0	beam_20220609-202408
15	25	500	beam_20220609-202412
15	26	0	beam_20220609-202511
15	27	500	beam_20220609-202515
15	28	500	beam_20220609-202614
15	29	0	beam_20220609-202713
15	30	0	beam_20220609-202717
15	31	500	beam_20220609-202721
15	32	0	beam_20220609-202820
15	33	500	beam_20220609-202824
15	34	0	beam_20220609-202922
