Col	Row	Count	Time
26	0	0	beam_20220608-144907
26	1	0	beam_20220608-144911
26	2	0	beam_20220608-144914
26	3	1	beam_20220608-144917
26	4	0	beam_20220608-144920
26	5	1	beam_20220608-144923
26	6	0	beam_20220608-144926
26	7	1	beam_20220608-144929
26	8	0	beam_20220608-144933
26	9	0	beam_20220608-144936
26	10	1	beam_20220608-144939
26	11	0	beam_20220608-144942
26	12	0	beam_20220608-144945
26	13	0	beam_20220608-144948
26	14	0	beam_20220608-144952
26	15	0	beam_20220608-144955
26	16	1	beam_20220608-144958
26	17	1	beam_20220608-145001
26	18	0	beam_20220608-145004
26	19	0	beam_20220608-145007
26	20	0	beam_20220608-145011
26	21	1	beam_20220608-145014
26	22	0	beam_20220608-145017
26	23	1	beam_20220608-145020
26	24	1	beam_20220608-145023
26	25	1	beam_20220608-145026
26	26	0	beam_20220608-145030
26	27	0	beam_20220608-145033
26	28	0	beam_20220608-145036
26	29	0	beam_20220608-145039
26	30	0	beam_20220608-145042
26	31	1	beam_20220608-145045
26	32	0	beam_20220608-145048
26	33	0	beam_20220608-145052
26	34	0	beam_20220608-145055
