Col	Row	Count	Time
5	0	0	beam_20220608-141023
5	1	0	beam_20220608-141027
5	2	1	beam_20220608-141030
5	3	0	beam_20220608-141033
5	4	1	beam_20220608-141036
5	5	0	beam_20220608-141039
5	6	1	beam_20220608-141042
5	7	0	beam_20220608-141046
5	8	0	beam_20220608-141049
5	9	1	beam_20220608-141052
5	10	1	beam_20220608-141055
5	11	0	beam_20220608-141058
5	12	1	beam_20220608-141102
5	13	0	beam_20220608-141105
5	14	0	beam_20220608-141108
5	15	1	beam_20220608-141111
5	16	0	beam_20220608-141114
5	17	0	beam_20220608-141117
5	18	1	beam_20220608-141121
5	19	0	beam_20220608-141124
5	20	0	beam_20220608-141127
5	21	1	beam_20220608-141130
5	22	1	beam_20220608-141133
5	23	0	beam_20220608-141136
5	24	0	beam_20220608-141140
5	25	1	beam_20220608-141143
5	26	1	beam_20220608-141146
5	27	0	beam_20220608-141149
5	28	1	beam_20220608-141152
5	29	0	beam_20220608-141156
5	30	1	beam_20220608-141159
5	31	0	beam_20220608-141202
5	32	0	beam_20220608-141205
5	33	0	beam_20220608-141208
5	34	0	beam_20220608-141211
