Voltageboard settings: [1.175, 1, 0, 0, 1, 1.1, 0, 0]
Digital: {'interrupt_pushpull': 1, 'En_Inj1': 0, 'En_Inj2': 0, 'En_Inj3': 0, 'En_Inj4': 0, 'En_Inj5': 0, 'En_Inj6': 0, 'En_Inj7': 0, 'En_Inj8': 0, 'En_Inj9': 0, 'En_Inj10': 0, 'En_Inj11': 0, 'En_Inj12': 0, 'En_Inj13': 0, 'En_Inj14': 0, 'En_Inj15': 0, 'En_Inj16': 0, 'En_Inj17': 0, 'En_Inj18': 0, 'ResetB': 0, 'Extrabit0': 1, 'Extrabit1': 1, 'Extrabit2': 1, 'Extrabit3': 1, 'Extrabit4': 1, 'Extrabit5': 1, 'Extrabit6': 1, 'Extrabit7': 1, 'Extrabit8': 0, 'Extrabit9': 0, 'Extrabit10': 0, 'Extrabit11': 0, 'Extrabit12': 0, 'Extrabit13': 0, 'Extrabit14': 0}
Biasblock: {'DisHiDR': 0, 'q01': 0, 'qon0': 0, 'qon1': 1, 'qon2': 0, 'qon3': 1}
DAC: {'blres': 0, 'nu1': 0, 'vn1': 20, 'vnfb': 1, 'vnfoll': 10, 'nu5': 0, 'nu6': 0, 'nu7': 0, 'nu8': 0, 'vn2': 0, 'vnfoll2': 1, 'vnbias': 0, 'vpload': 5, 'nu13': 0, 'vncomp': 2, 'vpfoll': 60, 'nu16': 0, 'vprec': 30, 'vnrec': 30}
Receiver: {'ColConfig0': 270599733504, 'ColConfig1': 34443630736, 'ColConfig2': 209871192, 'ColConfig3': 29192431682, 'ColConfig4': 6535354432, 'ColConfig5': 104640560, 'ColConfig6': 4836145152, 'ColConfig7': 21478314528, 'ColConfig8': 43223640544, 'ColConfig9': 18457573440, 'ColConfig10': 55859615824, 'ColConfig11': 17742430816, 'ColConfig12': 34594848800, 'ColConfig13': 39914115092, 'ColConfig14': 11162798276, 'ColConfig15': 11712136112, 'ColConfig16': 20032469032, 'ColConfig17': 20669683716, 'ColConfig18': 41357181250, 'ColConfig19': 2168371320, 'ColConfig20': 43933273108, 'ColConfig21': 1861955700, 'ColConfig22': 22559615192, 'ColConfig23': 768630808, 'ColConfig24': 52916705716, 'ColConfig25': 1686076580, 'ColConfig26': 56098181544, 'ColConfig27': 60974708024, 'ColConfig28': 16068831080, 'ColConfig29': 52987712408, 'ColConfig30': 39030686344, 'ColConfig31': 31302901964, 'ColConfig32': 35458021250, 'ColConfig33': 34781451710, 'ColConfig34': 44093858836}

NEvent	ChipId	Payload	Locatn	Row/Col	tStamp	MSB	LSB	ToT	ToT(us)	RealTime
0	0	 4	 1	Row	3	 8	178 	 2226 	 22.26	1656224687.0760717 
0	0	 4	 12	Row	109	 11	228 	 3044 	 30.44	1656224687.0760717 
0	0	 4	 13	Row	108	 14	3 	 3587 	 35.87	1656224687.0760717 
0	0	 4	 4	Col	108	 13	253 	 3581 	 35.81	1656224687.0760717 
0	0	 4	 18	Col	3	 8	175 	 2223 	 22.23	1656224687.0760717 

1	0	 4	 20	Row	255	 9	227 	 2531 	 25.31	1656224691.1565008 
1	0	 4	 15	Col	255	 9	230 	 2534 	 25.34	1656224691.1565008 

2	0	 4	 9	Row	65	 7	235 	 2027 	 20.27	1656224691.912168 
2	0	 4	 29	Row	86	 8	114 	 2162 	 21.62	1656224691.912168 
2	0	 4	 0	Col	86	 8	111 	 2159 	 21.59	1656224691.912168 
2	0	 4	 17	Col	65	 7	231 	 2023 	 20.23	1656224691.912168 
2	0	 4	 18	Col	66	 7	233 	 2025 	 20.25	1656224691.912168 
2	0	 4	 33	Row	178	 1	128 	 384 	 3.84	1656224691.912168 
2	0	 4	 5	Row	176	 10	202 	 2762 	 27.62	1656224691.912168 
2	0	 4	 33	Col	176	 10	206 	 2766 	 27.66	1656224691.912168 

3	0	 4	 0	Row	25	 9	116 	 2420 	 24.2	1656224693.2228534 
3	0	 4	 16	Col	25	 9	111 	 2415 	 24.15	1656224693.2228534 

4	0	 4	 8	Row	255	 1	180 	 436 	 4.36	1656224693.9835968 
4	0	 4	 14	Row	197	 13	124 	 3452 	 34.52	1656224693.9835968 
4	0	 4	 22	Row	103	 10	18 	 2578 	 25.78	1656224693.9835968 
4	0	 4	 32	Row	226	 11	179 	 2995 	 29.95	1656224693.9835968 
4	0	 4	 8	Col	103	 10	23 	 2583 	 25.83	1656224693.9835968 
4	0	 4	 10	Col	226	 11	177 	 2993 	 29.93	1656224693.9835968 
4	0	 4	 17	Col	197	 13	119 	 3447 	 34.47	1656224693.9835968 
4	0	 4	 24	Col	255	 1	182 	 438 	 4.38	1656224693.9835968 
4	0	 4	 7	Row	112	 6	126 	 1662 	 16.62	1656224693.9835968 
4	0	 4	 34	Col	112	 6	116 	 1652 	 16.52	1656224693.9835968 

5	0	 4	 13	Row	178	 7	198 	 1990 	 19.9	1656224694.747869 
5	0	 4	 25	Row	117	 5	193 	 1473 	 14.73	1656224694.747869 
5	0	 4	 11	Col	178	 7	194 	 1986 	 19.86	1656224694.747869 
5	0	 4	 24	Col	117	 5	194 	 1474 	 14.74	1656224694.747869 

6	0	 4	 4	Row	234	 7	255 	 2047 	 20.47	1656224695.5092561 
6	0	 4	 26	Row	132	 2	238 	 750 	 7.5	1656224695.5092561 
6	0	 4	 0	Col	234	 7	245 	 2037 	 20.37	1656224695.5092561 
6	0	 4	 8	Col	131	 2	237 	 749 	 7.49	1656224695.5092561 

7	0	 4	 23	Row	59	 7	144 	 1936 	 19.36	1656224696.501056 
7	0	 4	 8	Col	59	 7	141 	 1933 	 19.33	1656224696.501056 

8	0	 4	 21	Row	160	 6	176 	 1712 	 17.12	1656224697.451975 
8	0	 4	 1	Col	160	 6	172 	 1708 	 17.08	1656224697.451975 
8	0	 4	 4	Row	147	 2	82 	 594 	 5.94	1656224697.451975 
8	0	 4	 32	Col	147	 2	80 	 592 	 5.92	1656224697.451975 

9	0	 4	 15	Row	121	 14	115 	 3699 	 36.99	1656224698.4289913 
9	0	 4	 19	Col	121	 14	109 	 3693 	 36.93	1656224698.4289913 

10	0	 4	 7	Row	222	 12	193 	 3265 	 32.65	1656224700.112985 
10	0	 4	 7	Col	222	 12	189 	 3261 	 32.61	1656224700.112985 
10	0	 4	 5	Row	16	 12	219 	 3291 	 32.91	1656224700.112985 
10	0	 4	 33	Col	16	 12	222 	 3294 	 32.94	1656224700.112985 

11	0	 4	 20	Row	221	 7	8 	 1800 	 18.0	1656224700.984443 
11	0	 4	 17	Col	221	 7	9 	 1801 	 18.01	1656224700.984443 

12	0	 4	 22	Row	113	 10	46 	 2606 	 26.06	1656224703.6073587 
12	0	 4	 19	Col	113	 10	47 	 2607 	 26.07	1656224703.6073587 
12	0	 4	 4	Row	146	 5	228 	 1508 	 15.08	1656224703.6073587 
12	0	 4	 32	Col	145	 5	226 	 1506 	 15.06	1656224703.6073587 
12	0	 4	 0	Row	197	 3	197 	 965 	 9.65	1656224703.6073587 
12	0	 4	 34	Col	197	 3	158 	 926 	 9.26	1656224703.6073587 

13	0	 4	 6	Row	225	 4	204 	 1228 	 12.28	1656224704.3376107 
13	0	 4	 8	Row	226	 1	175 	 431 	 4.31	1656224704.3376107 
13	0	 4	 28	Row	104	 0	62 	 62 	 0.62	1656224704.3376107 
13	0	 4	 0	Col	225	 4	204 	 1228 	 12.28	1656224704.3376107 
13	0	 4	 30	Col	104	 0	59 	 59 	 0.59	1656224704.3376107 
13	0	 4	 2	Row	176	 9	144 	 2448 	 24.48	1656224704.3376107 
13	0	 4	 24	Col	176	 9	143 	 2447 	 24.47	1656224704.3376107 

14	0	 4	 0	Row	247	 15	227 	 4067 	 40.67	1656224705.5036743 
14	0	 4	 31	Col	247	 15	227 	 4067 	 40.67	1656224705.5036743 

15	0	 4	 0	Row	11	 1	62 	 318 	 3.18	1656224706.2544389 
15	0	 4	 6	Row	127	 8	186 	 2234 	 22.34	1656224706.2544389 
15	0	 4	 11	Row	79	 1	238 	 494 	 4.94	1656224706.2544389 
15	0	 4	 14	Row	79	 4	69 	 1093 	 10.93	1656224706.2544389 
15	0	 4	 4	Col	127	 8	187 	 2235 	 22.35	1656224706.2544389 
15	0	 4	 11	Col	79	 4	64 	 1088 	 10.88	1656224706.2544389 
15	0	 4	 12	Col	78	 3	36 	 804 	 8.04	1656224706.2544389 

16	0	 4	 9	Row	161	 10	13 	 2573 	 25.73	1656224707.0043757 
16	0	 4	 10	Row	161	 6	184 	 1720 	 17.2	1656224707.0043757 
16	0	 4	 24	Row	41	 9	190 	 2494 	 24.94	1656224707.0043757 
16	0	 4	 6	Col	41	 9	126 	 2430 	 24.3	1656224707.0043757 
16	0	 4	 7	Col	41	 9	178 	 2482 	 24.82	1656224707.0043757 
16	0	 4	 13	Col	161	 10	17 	 2577 	 25.77	1656224707.0043757 

17	0	 4	 1	Row	201	 1	69 	 325 	 3.25	1656224707.7670927 
17	0	 4	 23	Row	168	 7	33 	 1825 	 18.25	1656224707.7670927 
17	0	 4	 30	Row	186	 7	125 	 1917 	 19.17	1656224707.7670927 
17	0	 4	 32	Row	47	 1	73 	 329 	 3.29	1656224707.7670927 
17	0	 4	 8	Col	168	 7	27 	 1819 	 18.19	1656224707.7670927 
17	0	 4	 11	Col	186	 8	185 	 2233 	 22.33	1656224707.7670927 
17	0	 4	 30	Col	47	 1	74 	 330 	 3.3	1656224707.7670927 

18	0	 4	 10	Row	252	 13	6 	 3334 	 33.34	1656224709.5577586 
18	0	 4	 26	Col	252	 13	3 	 3331 	 33.31	1656224709.5577586 

19	0	 4	 12	Row	155	 1	219 	 475 	 4.75	1656224710.30452 
19	0	 4	 14	Row	155	 1	22 	 278 	 2.78	1656224710.30452 
19	0	 4	 21	Row	145	 10	221 	 2781 	 27.81	1656224710.30452 
19	0	 4	 22	Row	145	 9	161 	 2465 	 24.65	1656224710.30452 
19	0	 4	 2	Col	13	 0	185 	 185 	 1.85	1656224710.30452 
19	0	 4	 25	Col	155	 1	13 	 269 	 2.69	1656224710.30452 
19	0	 4	 26	Col	155	 1	220 	 476 	 4.76	1656224710.30452 
19	0	 4	 33	Col	147	 2	3 	 515 	 5.15	1656224710.30452 
19	0	 4	 34	Col	145	 10	36 	 2596 	 25.96	1656224710.30452 

20	0	 4	 16	Row	135	 12	83 	 3155 	 31.55	1656224711.1013362 
20	0	 4	 27	Col	135	 12	82 	 3154 	 31.54	1656224711.1013362 
20	0	 4	 4	Row	147	 2	225 	 737 	 7.37	1656224711.1013362 
20	0	 4	 30	Col	147	 2	220 	 732 	 7.32	1656224711.1013362 

21	0	 4	 19	Row	58	 12	123 	 3195 	 31.95	1656224711.849461 
21	0	 4	 9	Col	58	 12	125 	 3197 	 31.97	1656224711.849461 
21	0	 4	 0	Row	208	 13	37 	 3365 	 33.65	1656224711.849461 
21	0	 4	 34	Col	208	 13	27 	 3355 	 33.55	1656224711.849461 

22	0	 4	 9	Row	122	 7	51 	 1843 	 18.43	1656224712.5955145 
22	0	 4	 22	Row	105	 5	118 	 1398 	 13.98	1656224712.5955145 
22	0	 4	 2	Col	122	 7	48 	 1840 	 18.4	1656224712.5955145 
22	0	 4	 14	Col	105	 5	108 	 1388 	 13.88	1656224712.5955145 

23	0	 4	 26	Row	93	 11	222 	 3038 	 30.38	1656224713.358309 
23	0	 4	 1	Col	93	 11	229 	 3045 	 30.45	1656224713.358309 

24	0	 4	 14	Row	105	 11	99 	 2915 	 29.15	1656224714.1064448 
24	0	 4	 15	Row	105	 12	210 	 3282 	 32.82	1656224714.1064448 
24	0	 4	 10	Col	105	 12	206 	 3278 	 32.78	1656224714.1064448 
24	0	 4	 24	Row	253	 7	200 	 1992 	 19.92	1656224714.1064448 
24	0	 4	 33	Row	253	 5	170 	 1450 	 14.5	1656224714.1064448 
24	0	 4	 33	Col	253	 5	171 	 1451 	 14.51	1656224714.1064448 
24	0	 4	 34	Col	253	 7	187 	 1979 	 19.79	1656224714.1064448 
24	0	 4	 5	Row	52	 6	76 	 1612 	 16.12	1656224714.1064448 
24	0	 4	 33	Col	52	 6	81 	 1617 	 16.17	1656224714.1064448 

25	0	 4	 8	Row	42	 5	228 	 1508 	 15.08	1656224714.980296 
25	0	 4	 21	Col	41	 5	223 	 1503 	 15.03	1656224714.980296 
25	0	 4	 12	Row	115	 3	76 	 844 	 8.44	1656224714.980296 
25	0	 4	 30	Col	114	 3	83 	 851 	 8.51	1656224714.980296 

26	0	 4	 4	Row	103	 6	247 	 1783 	 17.83	1656224715.7177453 
26	0	 4	 33	Row	87	 0	131 	 131 	 1.31	1656224715.7177453 
26	0	 4	 20	Col	103	 6	244 	 1780 	 17.8	1656224715.7177453 
26	0	 4	 21	Col	87	 0	127 	 127 	 1.27	1656224715.7177453 

27	0	 4	 6	Row	190	 9	96 	 2400 	 24.0	1656224716.4686594 
27	0	 4	 0	Col	190	 9	96 	 2400 	 24.0	1656224716.4686594 
27	0	 4	 1	Row	130	 4	149 	 1173 	 11.73	1656224716.4686594 
27	0	 4	 32	Col	130	 4	138 	 1162 	 11.62	1656224716.4686594 

28	0	 4	 26	Row	20	 10	243 	 2803 	 28.03	1656224718.3063369 
28	0	 4	 29	Col	20	 10	236 	 2796 	 27.96	1656224718.3063369 
28	0	 4	 4	Row	50	 4	210 	 1234 	 12.34	1656224718.3063369 
28	0	 4	 32	Col	50	 4	212 	 1236 	 12.36	1656224718.3063369 

29	0	 4	 24	Row	98	 9	136 	 2440 	 24.4	1656224719.3862233 
29	0	 4	 25	Row	98	 3	100 	 868 	 8.68	1656224719.3862233 
29	0	 4	 13	Col	98	 3	94 	 862 	 8.62	1656224719.3862233 
29	0	 4	 14	Col	98	 9	131 	 2435 	 24.35	1656224719.3862233 
29	0	 4	 0	Row	210	 5	252 	 1532 	 15.32	1656224719.3862233 
29	0	 4	 5	Row	211	 8	11 	 2059 	 20.59	1656224719.3862233 
29	0	 4	 15	Row	208	 8	96 	 2144 	 21.44	1656224719.3862233 
29	0	 4	 24	Row	209	 2	75 	 587 	 5.87	1656224719.3862233 
29	0	 4	 27	Row	211	 3	11 	 779 	 7.79	1656224719.3862233 
29	0	 4	 31	Col	210	 5	252 	 1532 	 15.32	1656224719.3862233 
29	0	 4	 32	Col	208	 8	91 	 2139 	 21.39	1656224719.3862233 
29	0	 4	 34	Col	209	 8	145 	 2193 	 21.93	1656224719.3862233 

30	0	 4	 10	Row	10	 4	73 	 1097 	 10.97	1656224720.1210895 
30	0	 4	 32	Col	10	 4	73 	 1097 	 10.97	1656224720.1210895 

31	0	 4	 11	Row	246	 10	250 	 2810 	 28.1	1656224720.8690221 
31	0	 4	 22	Col	246	 11	4 	 2820 	 28.2	1656224720.8690221 

32	0	 4	 10	Row	52	 13	13 	 3341 	 33.41	1656224721.6010275 
32	0	 4	 31	Row	155	 10	231 	 2791 	 27.91	1656224721.6010275 
32	0	 4	 24	Col	155	 10	224 	 2784 	 27.84	1656224721.6010275 
32	0	 4	 31	Col	52	 13	8 	 3336 	 33.36	1656224721.6010275 

33	0	 4	 17	Row	215	 2	4 	 516 	 5.16	1656224722.345405 
33	0	 4	 18	Row	215	 9	8 	 2312 	 23.12	1656224722.345405 
33	0	 4	 12	Col	215	 9	7 	 2311 	 23.11	1656224722.345405 
33	0	 4	 4	Row	180	 3	197 	 965 	 9.65	1656224722.345405 
33	0	 4	 32	Col	180	 3	197 	 965 	 9.65	1656224722.345405 
33	0	 4	 7	Row	176	 6	94 	 1630 	 16.3	1656224722.345405 
33	0	 4	 34	Col	176	 6	84 	 1620 	 16.2	1656224722.345405 

34	0	 4	 25	Row	85	 11	133 	 2949 	 29.49	1656224723.9611363 
34	0	 4	 13	Col	85	 11	127 	 2943 	 29.43	1656224723.9611363 

35	0	 4	 25	Row	141	 11	89 	 2905 	 29.05	1656224724.7077808 
35	0	 4	 24	Col	141	 11	91 	 2907 	 29.07	1656224724.7077808 

36	0	 4	 1	Row	215	 9	38 	 2342 	 23.42	1656224726.1936824 
36	0	 4	 22	Row	191	 10	26 	 2586 	 25.86	1656224726.1936824 
36	0	 4	 10	Col	215	 9	41 	 2345 	 23.45	1656224726.1936824 
36	0	 4	 24	Col	191	 10	23 	 2583 	 25.83	1656224726.1936824 
36	0	 4	 5	Row	211	 6	86 	 1622 	 16.22	1656224726.1936824 
36	0	 4	 26	Row	209	 3	209 	 977 	 9.77	1656224726.1936824 
36	0	 4	 30	Col	209	 3	213 	 981 	 9.81	1656224726.1936824 
36	0	 4	 33	Col	211	 6	94 	 1630 	 16.3	1656224726.1936824 

37	0	 4	 15	Row	210	 2	135 	 647 	 6.47	1656224726.938276 
37	0	 4	 33	Row	92	 6	128 	 1664 	 16.64	1656224726.938276 
37	0	 4	 21	Col	92	 6	124 	 1660 	 16.6	1656224726.938276 
37	0	 4	 32	Col	210	 2	131 	 643 	 6.43	1656224726.938276 
37	0	 4	 0	Row	80	 0	78 	 78 	 0.78	1656224726.938276 
37	0	 4	 34	Col	80	 0	66 	 66 	 0.66	1656224726.938276 

38	0	 4	 0	Row	2	 5	86 	 1366 	 13.66	1656224727.7213922 
38	0	 4	 12	Col	2	 5	74 	 1354 	 13.54	1656224727.7213922 

39	0	 4	 28	Row	224	 2	54 	 566 	 5.66	1656224728.464875 
39	0	 4	 1	Col	224	 2	55 	 567 	 5.67	1656224728.464875 
39	0	 4	 0	Row	22	 6	148 	 1684 	 16.84	1656224728.464875 
39	0	 4	 34	Col	22	 6	130 	 1666 	 16.66	1656224728.464875 

40	0	 4	 23	Row	212	 7	54 	 1846 	 18.46	1656224730.2573664 
40	0	 4	 25	Row	221	 14	112 	 3696 	 36.96	1656224730.2573664 
40	0	 4	 26	Row	222	 0	78 	 78 	 0.78	1656224730.2573664 
40	0	 4	 20	Col	222	 13	203 	 3531 	 35.31	1656224730.2573664 
40	0	 4	 21	Col	212	 7	62 	 1854 	 18.54	1656224730.2573664 
40	0	 4	 24	Col	221	 14	103 	 3687 	 36.87	1656224730.2573664 
40	0	 4	 25	Col	222	 0	70 	 70 	 0.7	1656224730.2573664 
40	0	 4	 5	Row	177	 12	40 	 3112 	 31.12	1656224730.2573664 
40	0	 4	 33	Col	177	 12	44 	 3116 	 31.16	1656224730.2573664 

41	0	 4	 2	Row	29	 5	20 	 1300 	 13.0	1656224731.156736 
41	0	 4	 34	Col	29	 5	7 	 1287 	 12.87	1656224731.156736 

42	0	 4	 30	Row	117	 3	107 	 875 	 8.75	1656224731.9028203 
42	0	 4	 34	Row	215	 9	94 	 2398 	 23.98	1656224731.9028203 
42	0	 4	 6	Col	215	 9	94 	 2398 	 23.98	1656224731.9028203 
42	0	 4	 31	Col	117	 3	90 	 858 	 8.58	1656224731.9028203 

43	0	 4	 33	Row	20	 12	163 	 3235 	 32.35	1656224733.4303005 
43	0	 4	 6	Col	20	 12	160 	 3232 	 32.32	1656224733.4303005 
43	0	 4	 0	Row	246	 8	187 	 2235 	 22.35	1656224733.4303005 
43	0	 4	 34	Col	246	 8	176 	 2224 	 22.24	1656224733.4303005 

44	0	 4	 0	Row	97	 1	138 	 394 	 3.94	1656224734.1787925 
44	0	 4	 28	Row	131	 10	11 	 2571 	 25.71	1656224734.1787925 
44	0	 4	 4	Col	97	 1	134 	 390 	 3.9	1656224734.1787925 
44	0	 4	 13	Col	131	 10	11 	 2571 	 25.71	1656224734.1787925 
44	0	 4	 10	Row	49	 7	215 	 2007 	 20.07	1656224734.1787925 
44	0	 4	 30	Col	49	 7	214 	 2006 	 20.06	1656224734.1787925 

45	0	 4	 1	Row	236	 9	101 	 2405 	 24.05	1656224734.924601 
45	0	 4	 2	Row	235	 4	24 	 1048 	 10.48	1656224734.924601 
45	0	 4	 5	Row	158	 15	203 	 4043 	 40.43	1656224734.924601 
45	0	 4	 8	Row	158	 14	249 	 3833 	 38.33	1656224734.924601 
45	0	 4	 9	Row	158	 0	184 	 184 	 1.84	1656224734.924601 
45	0	 4	 15	Row	156	 10	105 	 2665 	 26.65	1656224734.924601 
45	0	 4	 28	Row	131	 3	254 	 1022 	 10.22	1656224734.924601 
45	0	 4	 17	Col	235	 4	20 	 1044 	 10.44	1656224734.924601 
45	0	 4	 18	Col	236	 9	99 	 2403 	 24.03	1656224734.924601 
45	0	 4	 25	Col	158	 15	202 	 4042 	 40.42	1656224734.924601 
45	0	 4	 26	Col	158	 2	242 	 754 	 7.54	1656224734.924601 
45	0	 4	 27	Col	156	 10	101 	 2661 	 26.61	1656224734.924601 
45	0	 4	 2	Row	209	 4	229 	 1253 	 12.53	1656224734.924601 
45	0	 4	 24	Col	209	 4	227 	 1251 	 12.51	1656224734.924601 
45	0	 4	 5	Row	211	 5	129 	 1409 	 14.09	1656224734.924601 
45	0	 4	 33	Col	211	 5	135 	 1415 	 14.15	1656224734.924601 

46	0	 4	 9	Row	240	 15	31 	 3871 	 38.71	1656224735.667581 
46	0	 4	 14	Row	73	 4	74 	 1098 	 10.98	1656224735.667581 
46	0	 4	 1	Col	73	 4	74 	 1098 	 10.98	1656224735.667581 
46	0	 4	 8	Col	240	 15	30 	 3870 	 38.7	1656224735.667581 

47	0	 4	 12	Row	109	 4	221 	 1245 	 12.45	1656224736.4144597 
47	0	 4	 19	Row	206	 11	246 	 3062 	 30.62	1656224736.4144597 
47	0	 4	 31	Row	30	 5	164 	 1444 	 14.44	1656224736.4144597 
47	0	 4	 0	Col	109	 4	210 	 1234 	 12.34	1656224736.4144597 
47	0	 4	 2	Col	206	 11	251 	 3067 	 30.67	1656224736.4144597 
47	0	 4	 23	Col	30	 5	156 	 1436 	 14.36	1656224736.4144597 
47	0	 4	 0	Row	242	 8	119 	 2167 	 21.67	1656224736.4144597 
47	0	 4	 7	Row	240	 9	239 	 2543 	 25.43	1656224736.4144597 
47	0	 4	 34	Col	240	 9	228 	 2532 	 25.32	1656224736.4144597 
47	0	 4	 5	Row	241	 6	145 	 1681 	 16.81	1656224736.4144597 
47	0	 4	 33	Col	241	 6	151 	 1687 	 16.87	1656224736.4144597 
47	0	 4	 5	Row	242	 6	69 	 1605 	 16.05	1656224736.4144597 
47	0	 4	 33	Col	242	 6	72 	 1608 	 16.08	1656224736.4144597 

48	0	 4	 4	Row	175	 6	133 	 1669 	 16.69	1656224737.1617012 
48	0	 4	 5	Row	249	 2	134 	 646 	 6.46	1656224737.1617012 
48	0	 4	 13	Col	174	 6	136 	 1672 	 16.72	1656224737.1617012 
48	0	 4	 34	Col	249	 2	136 	 648 	 6.48	1656224737.1617012 
48	0	 4	 30	Row	145	 6	20 	 1556 	 15.56	1656224737.1617012 
48	0	 4	 27	Col	145	 6	20 	 1556 	 15.56	1656224737.1617012 

49	0	 4	 0	Row	253	 8	175 	 2223 	 22.23	1656224739.3204932 
49	0	 4	 1	Row	253	 7	205 	 1997 	 19.97	1656224739.3204932 
49	0	 4	 2	Col	252	 7	201 	 1993 	 19.93	1656224739.3204932 
49	0	 4	 0	Row	146	 10	164 	 2724 	 27.24	1656224739.3204932 
49	0	 4	 10	Row	144	 15	13 	 3853 	 38.53	1656224739.3204932 
49	0	 4	 30	Col	144	 15	11 	 3851 	 38.51	1656224739.3204932 
49	0	 4	 34	Col	146	 10	155 	 2715 	 27.15	1656224739.3204932 
49	0	 4	 1	Row	146	 10	72 	 2632 	 26.32	1656224739.3204932 
49	0	 4	 32	Col	146	 10	63 	 2623 	 26.23	1656224739.3204932 

50	0	 4	 34	Row	11	 7	146 	 1938 	 19.38	1656224740.5325286 
50	0	 4	 17	Col	11	 7	137 	 1929 	 19.29	1656224740.5325286 

51	0	 4	 1	Row	119	 4	62 	 1086 	 10.86	1656224742.4744048 
51	0	 4	 15	Row	143	 4	252 	 1276 	 12.76	1656224742.4744048 
51	0	 4	 31	Row	49	 8	214 	 2262 	 22.62	1656224742.4744048 
51	0	 4	 25	Col	49	 8	209 	 2257 	 22.57	1656224742.4744048 
51	0	 4	 28	Col	143	 4	248 	 1272 	 12.72	1656224742.4744048 
51	0	 4	 29	Col	119	 4	57 	 1081 	 10.81	1656224742.4744048 
51	0	 4	 0	Row	177	 5	239 	 1519 	 15.19	1656224742.4744048 
51	0	 4	 30	Col	177	 5	232 	 1512 	 15.12	1656224742.4744048 

52	0	 4	 22	Row	194	 1	140 	 396 	 3.96	1656224743.2217257 
52	0	 4	 0	Col	194	 1	129 	 385 	 3.85	1656224743.2217257 
52	0	 4	 5	Row	158	 6	106 	 1642 	 16.42	1656224743.2217257 
52	0	 4	 33	Col	158	 6	110 	 1646 	 16.46	1656224743.2217257 
52	0	 [0;31;40m1[0m	 30	Col	6	 14	4 	 3588 	 35.88	1656224743.2217257 
52	0	 [0;31;40m0[0m	 16	Col	11	 9	4 	 2308 	 23.08	1656224743.2217257 
52	[0;31;40m20[0m	 [0;31;40m2[0m	 16	Col	11	 14	61 	 3645 	 36.45	1656224743.2217257 

53	0	 4	 3	Row	205	 1	57 	 313 	 3.13	1656224744.0002582 
53	0	 4	 31	Row	227	 10	218 	 2778 	 27.78	1656224744.0002582 
53	0	 4	 11	Col	227	 10	213 	 2773 	 27.73	1656224744.0002582 
53	0	 4	 18	Col	205	 1	55 	 311 	 3.11	1656224744.0002582 

54	0	 4	 3	Row	6	 9	113 	 2417 	 24.17	1656224744.7485485 
54	0	 4	 19	Row	213	 6	244 	 1780 	 17.8	1656224744.7485485 
54	0	 4	 21	Row	214	 14	227 	 3811 	 38.11	1656224744.7485485 
54	0	 4	 22	Row	215	 2	103 	 615 	 6.15	1656224744.7485485 
54	0	 4	 0	Col	213	 6	240 	 1776 	 17.76	1656224744.7485485 
54	0	 4	 1	Col	214	 14	223 	 3807 	 38.07	1656224744.7485485 
54	0	 4	 4	Col	6	 9	100 	 2404 	 24.04	1656224744.7485485 
54	0	 4	 26	Row	83	 4	149 	 1173 	 11.73	1656224744.7485485 
54	0	 4	 34	Col	83	 4	124 	 1148 	 11.48	1656224744.7485485 

55	0	 4	 8	Row	96	 0	143 	 143 	 1.43	1656224745.5267665 
55	0	 4	 22	Row	135	 8	176 	 2224 	 22.24	1656224745.5267665 
55	0	 4	 23	Row	135	 14	56 	 3640 	 36.4	1656224745.5267665 
55	0	 4	 24	Row	135	 6	142 	 1678 	 16.78	1656224745.5267665 
55	0	 4	 26	Row	2	 11	35 	 2851 	 28.51	1656224745.5267665 
55	0	 4	 0	Col	2	 11	36 	 2852 	 28.52	1656224745.5267665 
55	0	 4	 5	Col	135	 8	170 	 2218 	 22.18	1656224745.5267665 
55	0	 4	 6	Col	135	 14	59 	 3643 	 36.43	1656224745.5267665 
55	0	 4	 7	Col	135	 9	35 	 2339 	 23.39	1656224745.5267665 
55	0	 4	 31	Col	96	 0	139 	 139 	 1.39	1656224745.5267665 

56	0	 4	 14	Row	78	 14	70 	 3654 	 36.54	1656224746.3063042 
56	0	 4	 17	Row	224	 4	234 	 1258 	 12.58	1656224746.3063042 
56	0	 4	 18	Row	251	 4	186 	 1210 	 12.1	1656224746.3063042 
56	0	 4	 0	Col	224	 9	161 	 2465 	 24.65	1656224746.3063042 
56	0	 4	 1	Col	78	 14	62 	 3646 	 36.46	1656224746.3063042 
56	0	 4	 2	Col	78	 15	174 	 4014 	 40.14	1656224746.3063042 

57	0	 4	 2	Row	0	 0	142 	 142 	 1.42	1656224747.056587 
57	0	 4	 3	Row	5	 15	214 	 4054 	 40.54	1656224747.056587 
57	0	 4	 4	Col	5	 15	203 	 4043 	 40.43	1656224747.056587 
57	0	 4	 24	Col	0	 0	140 	 140 	 1.4	1656224747.056587 

58	0	 4	 4	Row	30	 10	30 	 2590 	 25.9	1656224747.8086772 
58	0	 4	 4	Col	30	 10	31 	 2591 	 25.91	1656224747.8086772 

59	0	 4	 3	Row	163	 13	83 	 3411 	 34.11	1656224748.9591773 
59	0	 4	 26	Col	163	 13	76 	 3404 	 34.04	1656224748.9591773 

60	0	 4	 9	Row	14	 9	8 	 2312 	 23.12	1656224749.6892135 
60	0	 4	 24	Row	83	 5	172 	 1452 	 14.52	1656224749.6892135 
60	0	 4	 29	Row	199	 3	100 	 868 	 8.68	1656224749.6892135 
60	0	 4	 2	Col	82	 5	175 	 1455 	 14.55	1656224749.6892135 
60	0	 4	 4	Col	199	 3	91 	 859 	 8.59	1656224749.6892135 
60	0	 4	 6	Col	14	 9	6 	 2310 	 23.1	1656224749.6892135 

61	0	 4	 31	Row	74	 15	94 	 3934 	 39.34	1656224750.4381375 
61	0	 4	 14	Col	74	 15	94 	 3934 	 39.34	1656224750.4381375 
61	0	 4	 15	Row	246	 4	112 	 1136 	 11.36	1656224750.4381375 
61	0	 4	 33	Row	242	 3	208 	 976 	 9.76	1656224750.4381375 
61	0	 4	 28	Col	242	 3	198 	 966 	 9.66	1656224750.4381375 
61	0	 4	 34	Col	246	 4	105 	 1129 	 11.29	1656224750.4381375 

62	0	 4	 30	Row	227	 15	9 	 3849 	 38.49	1656224751.2024844 
62	0	 4	 8	Col	227	 15	3 	 3843 	 38.43	1656224751.2024844 

63	0	 4	 2	Row	27	 2	26 	 538 	 5.38	1656224752.5106015 
63	0	 4	 1	Col	27	 2	27 	 539 	 5.39	1656224752.5106015 

64	0	 4	 3	Row	57	 6	251 	 1787 	 17.87	1656224753.595373 
64	0	 4	 4	Col	57	 6	239 	 1775 	 17.75	1656224753.595373 

65	0	 4	 5	Row	188	 12	231 	 3303 	 33.03	1656224754.3239632 
65	0	 4	 8	Row	188	 10	115 	 2675 	 26.75	1656224754.3239632 
65	0	 4	 1	Col	188	 10	107 	 2667 	 26.67	1656224754.3239632 
65	0	 4	 33	Col	188	 12	235 	 3307 	 33.07	1656224754.3239632 

66	0	 4	 18	Row	73	 13	22 	 3350 	 33.5	1656224755.554121 
66	0	 4	 16	Col	73	 13	22 	 3350 	 33.5	1656224755.554121 
66	0	 4	 0	Row	16	 9	231 	 2535 	 25.35	1656224755.554121 
66	0	 4	 34	Col	16	 9	217 	 2521 	 25.21	1656224755.554121 

67	0	 4	 3	Row	125	 6	13 	 1549 	 15.49	1656224756.8891513 
67	0	 4	 11	Col	125	 6	7 	 1543 	 15.43	1656224756.8891513 
67	0	 4	 32	Row	224	 1	178 	 434 	 4.34	1656224756.8891513 
67	0	 4	 33	Col	224	 1	179 	 435 	 4.35	1656224756.8891513 

68	0	 4	 12	Row	155	 7	159 	 1951 	 19.51	1656224757.6223438 
68	0	 4	 19	Row	160	 10	133 	 2693 	 26.93	1656224757.6223438 
68	0	 4	 22	Col	160	 10	133 	 2693 	 26.93	1656224757.6223438 
68	0	 4	 33	Col	155	 7	155 	 1947 	 19.47	1656224757.6223438 

69	0	 4	 15	Row	153	 1	195 	 451 	 4.51	1656224758.3536332 
69	0	 4	 27	Col	153	 1	189 	 445 	 4.45	1656224758.3536332 

70	0	 4	 4	Row	27	 14	59 	 3643 	 36.43	1656224759.089179 
70	0	 4	 8	Row	27	 14	58 	 3642 	 36.42	1656224759.089179 
70	0	 4	 9	Row	27	 2	171 	 683 	 6.83	1656224759.089179 
70	0	 4	 13	Col	27	 2	167 	 679 	 6.79	1656224759.089179 
70	0	 4	 14	Col	27	 14	57 	 3641 	 36.41	1656224759.089179 
70	0	 4	 17	Col	27	 14	53 	 3637 	 36.37	1656224759.089179 

71	0	 4	 0	Row	162	 11	174 	 2990 	 29.9	1656224759.8522496 
71	0	 4	 26	Row	127	 5	78 	 1358 	 13.58	1656224759.8522496 
71	0	 4	 19	Col	127	 5	86 	 1366 	 13.66	1656224759.8522496 
71	0	 4	 31	Col	162	 11	172 	 2988 	 29.88	1656224759.8522496 
71	0	 4	 21	Row	176	 12	51 	 3123 	 31.23	1656224759.8522496 
71	0	 4	 34	Col	176	 12	48 	 3120 	 31.2	1656224759.8522496 
71	0	 4	 11	Row	179	 5	169 	 1449 	 14.49	1656224759.8522496 
71	0	 4	 30	Col	179	 5	175 	 1455 	 14.55	1656224759.8522496 

72	0	 4	 30	Row	24	 14	46 	 3630 	 36.3	1656224760.6010642 
72	0	 4	 27	Col	24	 14	45 	 3629 	 36.29	1656224760.6010642 
72	0	 4	 0	Row	180	 5	86 	 1366 	 13.66	1656224760.6010642 
72	0	 4	 34	Col	180	 5	77 	 1357 	 13.57	1656224760.6010642 

73	0	 4	 2	Row	61	 7	3 	 1795 	 17.95	1656224761.503094 
73	0	 [0;31;40m7[0m	 3	Row	123	 4	13 	 1037 	 10.37	1656224761.503094 
73	[0;31;40m2[0m	 [0;31;40m2[0m	 3	Row	250	 4	129 	 1153 	 11.53	1656224761.503094 
73	[0;31;40m2[0m	 [0;31;40m2[0m	 3	Row	243	 13	61 	 3389 	 33.89	1656224761.503094 

74	0	 4	 4	Row	25	 8	178 	 2226 	 22.26	1656224762.4042025 
74	0	 4	 18	Row	86	 8	187 	 2235 	 22.35	1656224762.4042025 
74	0	 4	 19	Row	86	 15	234 	 4074 	 40.74	1656224762.4042025 
74	0	 4	 33	Row	166	 7	145 	 1937 	 19.37	1656224762.4042025 
74	0	 4	 3	Col	86	 8	192 	 2240 	 22.4	1656224762.4042025 
74	0	 4	 4	Col	86	 15	230 	 4070 	 40.7	1656224762.4042025 
74	0	 4	 19	Col	166	 7	138 	 1930 	 19.3	1656224762.4042025 
74	0	 4	 22	Col	25	 8	184 	 2232 	 22.32	1656224762.4042025 

