Voltageboard settings: [1.175, 1, 0, 0, 1, 1.1, 0, 0]
Digital: {'interrupt_pushpull': 1, 'En_Inj1': 0, 'En_Inj2': 0, 'En_Inj3': 0, 'En_Inj4': 0, 'En_Inj5': 0, 'En_Inj6': 0, 'En_Inj7': 0, 'En_Inj8': 0, 'En_Inj9': 0, 'En_Inj10': 0, 'En_Inj11': 0, 'En_Inj12': 0, 'En_Inj13': 0, 'En_Inj14': 0, 'En_Inj15': 0, 'En_Inj16': 0, 'En_Inj17': 0, 'En_Inj18': 0, 'ResetB': 0, 'Extrabit0': 1, 'Extrabit1': 1, 'Extrabit2': 1, 'Extrabit3': 1, 'Extrabit4': 1, 'Extrabit5': 1, 'Extrabit6': 1, 'Extrabit7': 1, 'Extrabit8': 0, 'Extrabit9': 0, 'Extrabit10': 0, 'Extrabit11': 0, 'Extrabit12': 0, 'Extrabit13': 0, 'Extrabit14': 0}
Biasblock: {'DisHiDR': 0, 'q01': 0, 'qon0': 0, 'qon1': 1, 'qon2': 0, 'qon3': 1}
DAC: {'blres': 0, 'nu1': 0, 'vn1': 20, 'vnfb': 1, 'vnfoll': 10, 'nu5': 0, 'nu6': 0, 'nu7': 0, 'nu8': 0, 'vn2': 0, 'vnfoll2': 1, 'vnbias': 0, 'vpload': 5, 'nu13': 0, 'vncomp': 2, 'vpfoll': 60, 'nu16': 0, 'vprec': 30, 'vnrec': 30}
Receiver: {'ColConfig0': 240764202705, 'ColConfig1': 60951882640, 'ColConfig2': 46140120418, 'ColConfig3': 53669388124, 'ColConfig4': 63212012530, 'ColConfig5': 66417570346, 'ColConfig6': 68038882846, 'ColConfig7': 47729065702, 'ColConfig8': 59945999166, 'ColConfig9': 55820206162, 'ColConfig10': 68144843706, 'ColConfig11': 48030561194, 'ColConfig12': 49190318632, 'ColConfig13': 36502151100, 'ColConfig14': 53481254244, 'ColConfig15': 68039523890, 'ColConfig16': 43169140558, 'ColConfig17': 40262844334, 'ColConfig18': 40707875710, 'ColConfig19': 57029854170, 'ColConfig20': 37915145648, 'ColConfig21': 45894180094, 'ColConfig22': 53575929482, 'ColConfig23': 48049913754, 'ColConfig24': 58350780042, 'ColConfig25': 58448658238, 'ColConfig26': 62184751034, 'ColConfig27': 68417478330, 'ColConfig28': 64424344062, 'ColConfig29': 51526950910, 'ColConfig30': 63349587066, 'ColConfig31': 67509157886, 'ColConfig32': 59591622654, 'ColConfig33': 67637215230, 'ColConfig34': 66840297470}

NEvent	ChipId	Payload	Locatn	Row/Col	tStamp	MSB	LSB	ToT	ToT(us)	RealTime
0	0	 4	 12	Row	90	 9	37 	 2341 	 23.41	1656233591.658404 
0	0	 4	 8	Col	90	 9	49 	 2353 	 23.53	1656233591.658404 
0	0	 4	 19	Row	226	 3	125 	 893 	 8.93	1656233591.658404 
0	0	 4	 28	Row	227	 4	151 	 1175 	 11.75	1656233591.658404 
0	0	 4	 30	Col	226	 3	112 	 880 	 8.8	1656233591.658404 
0	0	 4	 32	Col	227	 4	149 	 1173 	 11.73	1656233591.658404 
0	0	 4	 13	Row	224	 2	70 	 582 	 5.82	1656233591.658404 
0	0	 4	 0	Col	224	 2	60 	 572 	 5.72	1656233591.658404 
0	0	 4	 23	Row	228	 4	29 	 1053 	 10.53	1656233591.658404 
0	0	 4	 18	Col	228	 4	46 	 1070 	 10.7	1656233591.658404 
0	0	 4	 27	Row	224	 6	123 	 1659 	 16.59	1656233591.658404 
0	0	 4	 0	Col	224	 6	126 	 1662 	 16.62	1656233591.658404 
0	0	 4	 13	Row	224	 3	187 	 955 	 9.55	1656233591.658404 
0	0	 4	 0	Col	224	 3	178 	 946 	 9.46	1656233591.658404 
0	0	 4	 30	Row	226	 10	206 	 2766 	 27.66	1656233591.658404 
0	0	 4	 16	Col	226	 10	205 	 2765 	 27.65	1656233591.658404 

1	0	 4	 12	Row	91	 9	86 	 2390 	 23.9	1656233592.8057332 
1	0	 4	 8	Col	91	 15	57 	 3897 	 38.97	1656233592.8057332 
1	0	 4	 9	Col	91	 9	76 	 2380 	 23.8	1656233592.8057332 
1	0	 4	 1	Row	129	 4	130 	 1154 	 11.54	1656233592.8057332 
1	0	 4	 29	Row	129	 11	229 	 3045 	 30.45	1656233592.8057332 
1	0	 4	 23	Col	129	 4	143 	 1167 	 11.67	1656233592.8057332 
1	0	 4	 33	Col	129	 11	222 	 3038 	 30.38	1656233592.8057332 
1	0	 4	 1	Row	128	 4	64 	 1088 	 10.88	1656233592.8057332 
1	0	 4	 23	Col	128	 4	77 	 1101 	 11.01	1656233592.8057332 
1	0	 4	 11	Row	130	 9	75 	 2379 	 23.79	1656233592.8057332 
1	0	 4	 18	Col	130	 9	62 	 2366 	 23.66	1656233592.8057332 
1	0	 [0;31;40m2[0m	 2	Col	9	 6	4 	 1540 	 15.4	1656233592.8057332 
1	[0;31;40m1[0m	 [0;31;40m6[0m	 1	Col	9	 4	4 	 1028 	 10.28	1656233592.8057332 
1	0	 [0;31;40m7[0m	 1	Col	9	 13	4 	 3332 	 33.32	1656233592.8057332 
1	[0;31;40m19[0m	 [0;31;40m6[0m	 2	Col	4	 5	61 	 1341 	 13.41	1656233592.8057332 
1	0	 4	 21	Row	128	 2	137 	 649 	 6.49	1656233592.8057332 
1	0	 4	 10	Col	128	 2	135 	 647 	 6.47	1656233592.8057332 
1	0	 4	 13	Row	128	 2	164 	 676 	 6.76	1656233592.8057332 
1	0	 4	 0	Col	128	 2	153 	 665 	 6.65	1656233592.8057332 

2	0	 4	 28	Row	180	 12	111 	 3183 	 31.83	1656233593.5535815 
2	0	 4	 17	Col	180	 12	110 	 3182 	 31.82	1656233593.5535815 
2	0	 4	 8	Row	255	 11	134 	 2950 	 29.5	1656233593.5535815 
2	0	 4	 11	Row	255	 8	188 	 2236 	 22.36	1656233593.5535815 
2	0	 4	 10	Col	255	 8	164 	 2212 	 22.12	1656233593.5535815 
2	0	 4	 28	Col	255	 11	118 	 2934 	 29.34	1656233593.5535815 
2	0	 4	 9	Row	2	 6	55 	 1591 	 15.91	1656233593.5535815 
2	0	 4	 12	Row	0	 7	248 	 2040 	 20.4	1656233593.5535815 
2	0	 4	 14	Row	0	 10	89 	 2649 	 26.49	1656233593.5535815 
2	0	 4	 19	Row	1	 3	57 	 825 	 8.25	1656233593.5535815 
2	0	 4	 29	Row	0	 6	85 	 1621 	 16.21	1656233593.5535815 
2	0	 4	 23	Col	0	 10	71 	 2631 	 26.31	1656233593.5535815 
2	0	 4	 28	Col	2	 6	59 	 1595 	 15.95	1656233593.5535815 
2	0	 4	 29	Col	0	 7	242 	 2034 	 20.34	1656233593.5535815 
2	0	 4	 30	Col	0	 9	135 	 2439 	 24.39	1656233593.5535815 
2	0	 4	 14	Row	2	 2	214 	 726 	 7.26	1656233593.5535815 
2	0	 4	 24	Col	2	 2	238 	 750 	 7.5	1656233593.5535815 
2	0	 4	 31	Row	0	 4	130 	 1154 	 11.54	1656233593.5535815 
2	0	 4	 26	Col	0	 4	130 	 1154 	 11.54	1656233593.5535815 
2	0	 4	 28	Row	2	 9	252 	 2556 	 25.56	1656233593.5535815 
2	0	 4	 34	Col	2	 9	244 	 2548 	 25.48	1656233593.5535815 
2	0	 4	 7	Row	1	 11	192 	 3008 	 30.08	1656233593.5535815 
2	0	 4	 27	Col	1	 11	192 	 3008 	 30.08	1656233593.5535815 
2	0	 4	 7	Row	3	 10	8 	 2568 	 25.68	1656233593.5535815 
2	0	 4	 30	Col	3	 10	13 	 2573 	 25.73	1656233593.5535815 
2	0	 4	 16	Row	255	 6	113 	 1649 	 16.49	1656233593.5535815 
2	0	 4	 15	Col	255	 6	125 	 1661 	 16.61	1656233593.5535815 
2	0	 4	 7	Row	1	 1	136 	 392 	 3.92	1656233593.5535815 
2	0	 4	 21	Col	1	 1	142 	 398 	 3.98	1656233593.5535815 

3	0	 4	 17	Row	137	 5	105 	 1385 	 13.85	1656233594.4268436 
3	0	 4	 15	Col	137	 5	102 	 1382 	 13.82	1656233594.4268436 
3	0	 4	 32	Row	163	 7	161 	 1953 	 19.53	1656233594.4268436 
3	0	 4	 32	Col	163	 7	149 	 1941 	 19.41	1656233594.4268436 
3	0	 4	 7	Row	160	 5	73 	 1353 	 13.53	1656233594.4268436 
3	0	 4	 12	Row	163	 4	144 	 1168 	 11.68	1656233594.4268436 
3	0	 4	 26	Row	159	 13	137 	 3465 	 34.65	1656233594.4268436 
3	0	 4	 21	Col	160	 5	77 	 1357 	 13.57	1656233594.4268436 
3	0	 4	 24	Col	159	 13	123 	 3451 	 34.51	1656233594.4268436 
3	0	 4	 29	Col	163	 4	137 	 1161 	 11.61	1656233594.4268436 
3	0	 4	 22	Row	162	 12	121 	 3193 	 31.93	1656233594.4268436 
3	0	 4	 33	Col	162	 12	124 	 3196 	 31.96	1656233594.4268436 
3	0	 4	 27	Row	161	 5	115 	 1395 	 13.95	1656233594.4268436 
3	0	 4	 34	Col	161	 5	129 	 1409 	 14.09	1656233594.4268436 
3	0	 4	 0	Row	162	 3	44 	 812 	 8.12	1656233594.4268436 
3	0	 4	 3	Row	159	 9	4 	 2308 	 23.08	1656233594.4268436 
3	0	 4	 7	Row	162	 9	168 	 2472 	 24.72	1656233594.4268436 
3	0	 4	 16	Row	162	 6	152 	 1688 	 16.88	1656233594.4268436 
3	0	 4	 13	Col	161	 3	44 	 812 	 8.12	1656233594.4268436 
3	0	 4	 15	Col	137	 0	20 	 20 	 0.2	1656233594.4268436 
3	0	 4	 16	Col	162	 6	146 	 1682 	 16.82	1656233594.4268436 
3	0	 4	 17	Col	159	 9	9 	 2313 	 23.13	1656233594.4268436 
3	0	 4	 21	Col	162	 2	238 	 750 	 7.5	1656233594.4268436 
3	0	 4	 27	Col	165	 8	192 	 2240 	 22.4	1656233594.4268436 
3	0	 4	 27	Row	160	 5	53 	 1333 	 13.33	1656233594.4268436 
3	0	 4	 23	Row	159	 12	50 	 3122 	 31.22	1656233594.4268436 
3	0	 4	 0	Col	160	 5	45 	 1325 	 13.25	1656233594.4268436 
3	0	 4	 18	Col	159	 12	66 	 3138 	 31.38	1656233594.4268436 

4	0	 4	 21	Row	69	 12	120 	 3192 	 31.92	1656233596.7614515 
4	0	 4	 29	Col	69	 12	122 	 3194 	 31.94	1656233596.7614515 
4	0	 4	 12	Row	255	 12	203 	 3275 	 32.75	1656233596.7614515 
4	0	 4	 29	Col	255	 12	194 	 3266 	 32.66	1656233596.7614515 
4	0	 4	 32	Row	1	 4	232 	 1256 	 12.56	1656233596.7614515 
4	0	 4	 20	Col	1	 4	215 	 1239 	 12.39	1656233596.7614515 
4	0	 4	 0	Row	255	 10	91 	 2651 	 26.51	1656233596.7614515 
4	0	 4	 19	Row	6	 5	174 	 1454 	 14.54	1656233596.7614515 
4	0	 4	 26	Row	255	 14	210 	 3794 	 37.94	1656233596.7614515 
4	0	 4	 32	Row	1	 5	110 	 1390 	 13.9	1656233596.7614515 
4	0	 4	 20	Col	255	 10	98 	 2658 	 26.58	1656233596.7614515 
4	0	 4	 24	Col	255	 14	182 	 3766 	 37.66	1656233596.7614515 
4	0	 4	 25	Col	1	 5	109 	 1389 	 13.89	1656233596.7614515 
4	0	 4	 32	Col	6	 5	171 	 1451 	 14.51	1656233596.7614515 
4	0	 4	 15	Row	1	 8	207 	 2255 	 22.55	1656233596.7614515 
4	0	 4	 24	Col	1	 8	237 	 2285 	 22.85	1656233596.7614515 

5	0	 4	 14	Row	28	 3	151 	 919 	 9.19	1656233597.5656314 
5	0	 4	 8	Col	28	 3	144 	 912 	 9.12	1656233597.5656314 
5	0	 4	 7	Row	199	 8	134 	 2182 	 21.82	1656233597.5656314 
5	0	 4	 12	Row	193	 6	174 	 1710 	 17.1	1656233597.5656314 
5	0	 4	 29	Row	193	 8	5 	 2053 	 20.53	1656233597.5656314 
5	0	 4	 8	Row	191	 12	109 	 3181 	 31.81	1656233597.5656314 
5	0	 4	 9	Row	194	 8	194 	 2242 	 22.42	1656233597.5656314 
5	0	 4	 12	Row	191	 11	152 	 2968 	 29.68	1656233597.5656314 
5	0	 4	 13	Row	191	 10	111 	 2671 	 26.71	1656233597.5656314 
5	0	 4	 6	Row	201	 8	70 	 2118 	 21.18	1656233597.5656314 
5	0	 4	 11	Row	194	 5	87 	 1367 	 13.67	1656233597.5656314 
5	0	 4	 15	Row	198	 6	9 	 1545 	 15.45	1656233597.5656314 
5	0	 4	 16	Row	198	 14	61 	 3645 	 36.45	1656233597.5656314 
5	0	 4	 19	Row	192	 7	195 	 1987 	 19.87	1656233597.5656314 
5	0	 4	 20	Row	193	 4	151 	 1175 	 11.75	1656233597.5656314 
5	0	 4	 21	Row	193	 6	164 	 1700 	 17.0	1656233597.5656314 
5	0	 4	 22	Row	192	 3	108 	 876 	 8.76	1656233597.5656314 
5	0	 4	 26	Row	195	 10	234 	 2794 	 27.94	1656233597.5656314 
5	0	 4	 27	Row	193	 6	134 	 1670 	 16.7	1656233597.5656314 
5	0	 4	 32	Row	200	 2	114 	 626 	 6.26	1656233597.5656314 
5	0	 4	 33	Row	195	 2	92 	 604 	 6.04	1656233597.5656314 
5	0	 4	 0	Col	191	 12	90 	 3162 	 31.62	1656233597.5656314 
5	0	 4	 12	Col	194	 3	53 	 821 	 8.21	1656233597.5656314 
5	0	 4	 14	Col	194	 5	89 	 1369 	 13.69	1656233597.5656314 
5	0	 4	 15	Col	192	 3	126 	 894 	 8.94	1656233597.5656314 
5	0	 4	 19	Col	196	 1	38 	 294 	 2.94	1656233597.5656314 
5	0	 4	 20	Col	191	 12	97 	 3169 	 31.69	1656233597.5656314 
5	0	 4	 21	Col	192	 3	161 	 929 	 9.29	1656233597.5656314 
5	0	 4	 22	Col	193	 4	153 	 1177 	 11.77	1656233597.5656314 
5	0	 4	 24	Col	197	 6	55 	 1591 	 15.91	1656233597.5656314 
5	0	 4	 25	Col	200	 12	219 	 3291 	 32.91	1656233597.5656314 
5	0	 4	 26	Row	194	 7	140 	 1932 	 19.32	1656233597.5656314 
5	0	 4	 27	Row	193	 8	57 	 2105 	 21.05	1656233597.5656314 
5	0	 4	 29	Row	197	 5	96 	 1376 	 13.76	1656233597.5656314 
5	0	 4	 27	Col	199	 8	136 	 2184 	 21.84	1656233597.5656314 
5	0	 4	 7	Row	192	 3	194 	 962 	 9.62	1656233597.5656314 
5	0	 4	 21	Col	192	 3	198 	 966 	 9.66	1656233597.5656314 
5	0	 4	 28	Col	194	 8	201 	 2249 	 22.49	1656233597.5656314 
5	0	 4	 29	Col	191	 2	50 	 562 	 5.62	1656233597.5656314 
5	0	 4	 9	Row	192	 7	56 	 1848 	 18.48	1656233597.5656314 
5	0	 4	 28	Col	192	 7	54 	 1846 	 18.46	1656233597.5656314 
5	0	 4	 30	Col	197	 13	57 	 3385 	 33.85	1656233597.5656314 
5	0	 4	 31	Col	194	 15	39 	 3879 	 38.79	1656233597.5656314 
5	0	 4	 33	Col	203	 1	240 	 496 	 4.96	1656233597.5656314 
5	0	 4	 34	Col	193	 7	191 	 1983 	 19.83	1656233597.5656314 
5	0	 4	 26	Row	194	 9	147 	 2451 	 24.51	1656233597.5656314 
5	0	 4	 31	Col	194	 9	139 	 2443 	 24.43	1656233597.5656314 

6	0	 4	 17	Row	73	 6	244 	 1780 	 17.8	1656233598.3171356 
6	0	 4	 4	Col	73	 6	244 	 1780 	 17.8	1656233598.3171356 
6	0	 4	 21	Row	162	 5	79 	 1359 	 13.59	1656233598.3171356 
6	0	 4	 29	Col	161	 5	80 	 1360 	 13.6	1656233598.3171356 
6	0	 4	 13	Row	160	 3	116 	 884 	 8.84	1656233598.3171356 
6	0	 4	 0	Col	160	 3	99 	 867 	 8.67	1656233598.3171356 
6	0	 4	 14	Row	160	 13	8 	 3336 	 33.36	1656233598.3171356 
6	0	 4	 23	Col	160	 12	243 	 3315 	 33.15	1656233598.3171356 
6	0	 4	 6	Row	161	 4	211 	 1235 	 12.35	1656233598.3171356 
6	0	 4	 18	Col	161	 4	202 	 1226 	 12.26	1656233598.3171356 
6	0	 4	 29	Row	161	 6	135 	 1671 	 16.71	1656233598.3171356 
6	0	 4	 32	Row	160	 11	35 	 2851 	 28.51	1656233598.3171356 
6	0	 4	 25	Col	160	 11	33 	 2849 	 28.49	1656233598.3171356 
6	0	 4	 30	Col	161	 6	139 	 1675 	 16.75	1656233598.3171356 
6	0	 4	 12	Row	160	 11	143 	 2959 	 29.59	1656233598.3171356 
6	0	 4	 29	Col	160	 11	135 	 2951 	 29.51	1656233598.3171356 
6	0	 4	 22	Row	159	 9	236 	 2540 	 25.4	1656233598.3171356 
6	0	 4	 26	Row	161	 9	22 	 2326 	 23.26	1656233598.3171356 
6	0	 4	 15	Col	159	 6	247 	 1783 	 17.83	1656233598.3171356 
6	0	 4	 26	Col	160	 9	188 	 2492 	 24.92	1656233598.3171356 
6	0	 4	 31	Col	161	 9	18 	 2322 	 23.22	1656233598.3171356 

7	0	 4	 11	Row	161	 6	28 	 1564 	 15.64	1656233599.755389 
7	0	 4	 15	Row	33	 1	248 	 504 	 5.04	1656233599.755389 
7	0	 4	 4	Col	33	 1	251 	 507 	 5.07	1656233599.755389 
7	0	 4	 27	Row	97	 4	143 	 1167 	 11.67	1656233599.755389 
7	0	 4	 26	Row	96	 13	199 	 3527 	 35.27	1656233599.755389 
7	0	 4	 29	Row	96	 7	245 	 2037 	 20.37	1656233599.755389 
7	0	 4	 19	Col	97	 4	123 	 1147 	 11.47	1656233599.755389 
7	0	 4	 31	Col	96	 13	187 	 3515 	 35.15	1656233599.755389 
7	0	 4	 34	Col	96	 7	245 	 2037 	 20.37	1656233599.755389 
7	0	 4	 14	Row	96	 9	147 	 2451 	 24.51	1656233599.755389 
7	0	 4	 24	Col	95	 9	165 	 2469 	 24.69	1656233599.755389 
7	0	 4	 14	Row	96	 6	240 	 1776 	 17.76	1656233599.755389 
7	0	 4	 24	Col	96	 7	3 	 1795 	 17.95	1656233599.755389 
7	0	 4	 5	Row	96	 13	178 	 3506 	 35.06	1656233599.755389 
7	0	 4	 27	Col	96	 13	171 	 3499 	 34.99	1656233599.755389 
7	0	 4	 13	Row	95	 8	181 	 2229 	 22.29	1656233599.755389 
7	0	 4	 25	Col	95	 8	176 	 2224 	 22.24	1656233599.755389 

8	0	 4	 1	Row	96	 5	40 	 1320 	 13.2	1656233604.814883 
8	0	 4	 61	Row	61	 4	11 	 1035 	 10.35	1656233604.814883 
8	0	 4	 11	Row	47	 11	244 	 3060 	 30.6	1656233604.814883 
8	0	 4	 22	Col	47	 11	242 	 3058 	 30.58	1656233604.814883 
8	0	 4	 13	Row	0	 4	207 	 1231 	 12.31	1656233604.814883 
8	0	 4	 25	Col	0	 4	201 	 1225 	 12.25	1656233604.814883 
8	0	 4	 1	Row	0	 5	182 	 1462 	 14.62	1656233604.814883 
8	0	 4	 23	Col	255	 5	193 	 1473 	 14.73	1656233604.814883 
8	0	 4	 14	Row	1	 6	233 	 1769 	 17.69	1656233604.814883 
8	0	 4	 24	Col	1	 6	253 	 1789 	 17.89	1656233604.814883 
8	0	 4	 8	Row	3	 5	55 	 1335 	 13.35	1656233604.814883 
8	0	 4	 30	Col	3	 5	58 	 1338 	 13.38	1656233604.814883 
8	0	 4	 13	Row	0	 2	3 	 515 	 5.15	1656233604.814883 
8	0	 4	 31	Row	1	 7	79 	 1871 	 18.71	1656233604.814883 
8	0	 4	 0	Col	0	 7	162 	 1954 	 19.54	1656233604.814883 

9	0	 4	 20	Row	207	 4	43 	 1067 	 10.67	1656233605.560298 
9	0	 4	 25	Col	207	 4	34 	 1058 	 10.58	1656233605.560298 
9	0	 4	 28	Row	226	 5	53 	 1333 	 13.33	1656233605.560298 
9	0	 4	 15	Col	226	 5	43 	 1323 	 13.23	1656233605.560298 
9	0	 4	 12	Row	224	 5	165 	 1445 	 14.45	1656233605.560298 
9	0	 4	 29	Col	224	 5	155 	 1435 	 14.35	1656233605.560298 
9	0	 4	 8	Row	225	 7	139 	 1931 	 19.31	1656233605.560298 
9	0	 4	 30	Col	225	 7	141 	 1933 	 19.33	1656233605.560298 
9	0	 4	 12	Row	224	 8	98 	 2146 	 21.46	1656233605.560298 
9	0	 4	 29	Col	224	 8	77 	 2125 	 21.25	1656233605.560298 
9	0	 4	 21	Row	226	 3	210 	 978 	 9.78	1656233605.560298 
9	0	 4	 12	Row	223	 0	39 	 39 	 0.39	1656233605.560298 
9	0	 4	 29	Col	223	 0	31 	 31 	 0.31	1656233605.560298 

10	0	 4	 12	Row	232	 12	168 	 3240 	 32.4	1656233606.3212883 
10	0	 4	 22	Row	225	 9	129 	 2433 	 24.33	1656233606.3212883 
10	0	 4	 25	Row	225	 7	151 	 1943 	 19.43	1656233606.3212883 
10	0	 4	 13	Col	224	 6	182 	 1718 	 17.18	1656233606.3212883 
10	0	 4	 20	Col	225	 7	135 	 1927 	 19.27	1656233606.3212883 
10	0	 4	 22	Col	225	 9	130 	 2434 	 24.34	1656233606.3212883 
10	0	 4	 27	Col	232	 12	172 	 3244 	 32.44	1656233606.3212883 
10	0	 4	 7	Row	192	 4	46 	 1070 	 10.7	1656233606.3212883 
10	0	 4	 12	Col	192	 4	34 	 1058 	 10.58	1656233606.3212883 
10	0	 4	 26	Row	192	 13	204 	 3532 	 35.32	1656233606.3212883 
10	0	 4	 31	Col	191	 13	194 	 3522 	 35.22	1656233606.3212883 
10	0	 4	 7	Row	192	 4	168 	 1192 	 11.92	1656233606.3212883 
10	0	 4	 21	Col	192	 4	172 	 1196 	 11.96	1656233606.3212883 
10	0	 4	 10	Row	194	 4	31 	 1055 	 10.55	1656233606.3212883 
10	0	 4	 12	Col	194	 4	18 	 1042 	 10.42	1656233606.3212883 
10	0	 4	 7	Row	194	 4	92 	 1116 	 11.16	1656233606.3212883 
10	0	 4	 12	Col	194	 4	62 	 1086 	 10.86	1656233606.3212883 

11	0	 4	 30	Row	131	 14	45 	 3629 	 36.29	1656233609.3764122 
11	0	 4	 18	Col	131	 14	49 	 3633 	 36.33	1656233609.3764122 
11	0	 4	 26	Row	192	 5	104 	 1384 	 13.84	1656233609.3764122 
11	0	 4	 24	Col	192	 5	89 	 1369 	 13.69	1656233609.3764122 
11	0	 4	 19	Row	193	 6	212 	 1748 	 17.48	1656233609.3764122 
11	0	 4	 22	Row	193	 7	112 	 1904 	 19.04	1656233609.3764122 
11	0	 4	 25	Col	192	 6	216 	 1752 	 17.52	1656233609.3764122 
11	0	 4	 26	Col	192	 7	128 	 1920 	 19.2	1656233609.3764122 
11	0	 4	 13	Row	192	 4	33 	 1057 	 10.57	1656233609.3764122 
11	0	 4	 0	Col	192	 4	18 	 1042 	 10.42	1656233609.3764122 
11	0	 4	 11	Col	193	 1	198 	 454 	 4.54	1656233609.3764122 

12	0	 4	 24	Row	18	 11	96 	 2912 	 29.12	1656233611.9502587 
12	0	 4	 8	Col	18	 11	95 	 2911 	 29.11	1656233611.9502587 
12	0	 4	 19	Row	226	 2	134 	 646 	 6.46	1656233611.9502587 
12	0	 4	 22	Row	224	 2	0 	 512 	 5.12	1656233611.9502587 
12	0	 4	 15	Col	223	 2	19 	 531 	 5.31	1656233611.9502587 
12	0	 4	 26	Row	223	 0	120 	 120 	 1.2	1656233611.9502587 
12	0	 4	 30	Col	226	 2	123 	 635 	 6.35	1656233611.9502587 
12	0	 4	 16	Row	226	 3	126 	 894 	 8.94	1656233611.9502587 
12	0	 4	 18	Col	226	 3	133 	 901 	 9.01	1656233611.9502587 
12	0	 4	 31	Col	223	 0	115 	 115 	 1.15	1656233611.9502587 
12	0	 [0;31;40m7[0m	 31	Col	0	 3	4 	 772 	 7.72	1656233611.9502587 
12	[0;31;40m3[0m	 [0;31;40m2[0m	 32	Col	8	 0	4 	 4 	 0.04	1656233611.9502587 
12	[0;31;40m19[0m	 [0;31;40m7[0m	 33	Col	7	 3	61 	 829 	 8.29	1656233611.9502587 
12	0	 4	 12	Row	226	 2	70 	 582 	 5.82	1656233611.9502587 
12	0	 4	 21	Row	224	 1	136 	 392 	 3.92	1656233611.9502587 
12	0	 4	 10	Col	224	 1	133 	 389 	 3.89	1656233611.9502587 
12	0	 4	 29	Col	226	 2	62 	 574 	 5.74	1656233611.9502587 
12	0	 4	 31	Row	225	 5	207 	 1487 	 14.87	1656233611.9502587 
12	0	 4	 26	Col	225	 5	205 	 1485 	 14.85	1656233611.9502587 
12	0	 4	 19	Row	223	 10	103 	 2663 	 26.63	1656233611.9502587 
12	0	 4	 30	Col	223	 10	94 	 2654 	 26.54	1656233611.9502587 
12	0	 4	 32	Col	234	 2	255 	 767 	 7.67	1656233611.9502587 
12	0	 4	 13	Row	223	 8	180 	 2228 	 22.28	1656233611.9502587 
12	0	 4	 25	Col	223	 8	176 	 2224 	 22.24	1656233611.9502587 

13	0	 4	 28	Row	192	 2	20 	 532 	 5.32	1656233613.617097 
13	0	 4	 24	Col	192	 2	9 	 521 	 5.21	1656233613.617097 
13	0	 4	 30	Row	163	 2	50 	 562 	 5.62	1656233613.617097 
13	0	 4	 29	Row	163	 14	50 	 3634 	 36.34	1656233613.617097 
13	0	 4	 12	Col	163	 2	54 	 566 	 5.66	1656233613.617097 
13	0	 4	 31	Col	163	 14	41 	 3625 	 36.25	1656233613.617097 
13	0	 4	 9	Row	163	 4	243 	 1267 	 12.67	1656233613.617097 
13	0	 4	 28	Col	163	 4	245 	 1269 	 12.69	1656233613.617097 
13	0	 4	 8	Row	160	 7	134 	 1926 	 19.26	1656233613.617097 
13	0	 4	 5	Row	159	 1	215 	 471 	 4.71	1656233613.617097 
13	0	 4	 19	Row	159	 11	69 	 2885 	 28.85	1656233613.617097 
13	0	 4	 29	Row	161	 13	122 	 3450 	 34.5	1656233613.617097 
13	0	 4	 27	Col	159	 1	207 	 463 	 4.63	1656233613.617097 
13	0	 4	 30	Col	159	 11	60 	 2876 	 28.76	1656233613.617097 
13	0	 4	 31	Col	163	 12	173 	 3245 	 32.45	1656233613.617097 
13	0	 4	 12	Row	160	 10	44 	 2604 	 26.04	1656233613.617097 
13	0	 4	 29	Col	160	 10	26 	 2586 	 25.86	1656233613.617097 
13	0	 4	 19	Row	162	 6	37 	 1573 	 15.73	1656233613.617097 
13	0	 4	 8	Col	162	 6	27 	 1563 	 15.63	1656233613.617097 
13	0	 4	 16	Row	164	 4	180 	 1204 	 12.04	1656233613.617097 
13	0	 4	 28	Col	164	 4	180 	 1204 	 12.04	1656233613.617097 
13	0	 4	 14	Row	160	 11	188 	 3004 	 30.04	1656233613.617097 
13	0	 4	 23	Col	160	 11	165 	 2981 	 29.81	1656233613.617097 

14	0	 4	 4	Row	247	 10	102 	 2662 	 26.62	1656233615.597642 
14	0	 4	 1	Col	247	 10	100 	 2660 	 26.6	1656233615.597642 
14	0	 4	 6	Row	160	 7	124 	 1916 	 19.16	1656233615.597642 
14	0	 4	 23	Row	161	 7	134 	 1926 	 19.26	1656233615.597642 
14	0	 4	 18	Col	161	 7	149 	 1941 	 19.41	1656233615.597642 
14	0	 4	 25	Col	160	 7	131 	 1923 	 19.23	1656233615.597642 
14	0	 4	 23	Row	161	 6	193 	 1729 	 17.29	1656233615.597642 
14	0	 4	 18	Col	161	 6	205 	 1741 	 17.41	1656233615.597642 
14	0	 4	 14	Row	161	 6	219 	 1755 	 17.55	1656233615.597642 
14	0	 4	 26	Row	159	 10	140 	 2700 	 27.0	1656233615.597642 
14	0	 4	 0	Col	160	 6	212 	 1748 	 17.48	1656233615.597642 
14	0	 4	 24	Col	159	 10	102 	 2662 	 26.62	1656233615.597642 
14	0	 4	 32	Row	163	 4	52 	 1076 	 10.76	1656233615.597642 
14	0	 4	 20	Col	163	 4	29 	 1053 	 10.53	1656233615.597642 
14	0	 4	 31	Row	159	 10	189 	 2749 	 27.49	1656233615.597642 
14	0	 4	 26	Col	159	 10	188 	 2748 	 27.48	1656233615.597642 
14	0	 4	 14	Row	165	 0	200 	 200 	 2.0	1656233615.597642 
14	0	 4	 3	Row	160	 11	98 	 2914 	 29.14	1656233615.597642 
14	0	 4	 24	Col	160	 11	72 	 2888 	 28.88	1656233615.597642 
14	0	 4	 26	Row	160	 3	126 	 894 	 8.94	1656233615.597642 
14	0	 4	 27	Row	161	 1	232 	 488 	 4.88	1656233615.597642 
14	0	 4	 0	Col	162	 1	81 	 337 	 3.37	1656233615.597642 
14	0	 4	 13	Row	161	 5	73 	 1353 	 13.53	1656233615.597642 
14	0	 4	 21	Col	161	 1	229 	 485 	 4.85	1656233615.597642 
14	0	 4	 24	Col	160	 3	112 	 880 	 8.8	1656233615.597642 
14	0	 4	 25	Col	161	 5	69 	 1349 	 13.49	1656233615.597642 

15	0	 4	 29	Row	248	 6	85 	 1621 	 16.21	1656233618.836092 
15	0	 4	 34	Col	248	 6	82 	 1618 	 16.18	1656233618.836092 
15	0	 4	 5	Row	129	 2	236 	 748 	 7.48	1656233618.836092 
15	0	 4	 17	Col	129	 2	232 	 744 	 7.44	1656233618.836092 
15	0	 4	 29	Row	128	 6	48 	 1584 	 15.84	1656233618.836092 
15	0	 4	 21	Col	128	 6	50 	 1586 	 15.86	1656233618.836092 
15	0	 4	 17	Row	128	 3	7 	 775 	 7.75	1656233618.836092 
15	0	 4	 18	Col	128	 3	12 	 780 	 7.8	1656233618.836092 
15	0	 4	 3	Row	181	 3	181 	 949 	 9.49	1656233618.836092 
15	0	 4	 24	Col	181	 3	156 	 924 	 9.24	1656233618.836092 
15	0	 4	 13	Row	128	 5	112 	 1392 	 13.92	1656233618.836092 
15	0	 4	 19	Row	128	 9	163 	 2467 	 24.67	1656233618.836092 
15	0	 4	 0	Col	128	 2	45 	 557 	 5.57	1656233618.836092 
15	0	 4	 25	Col	128	 9	169 	 2473 	 24.73	1656233618.836092 
15	0	 4	 3	Row	128	 8	32 	 2080 	 20.8	1656233618.836092 
15	0	 4	 24	Col	128	 8	9 	 2057 	 20.57	1656233618.836092 
15	0	 4	 16	Row	128	 7	118 	 1910 	 19.1	1656233618.836092 
15	0	 4	 18	Col	128	 7	126 	 1918 	 19.18	1656233618.836092 

16	0	 4	 17	Row	137	 6	22 	 1558 	 15.58	1656233621.3133037 
16	0	 4	 12	Col	137	 6	13 	 1549 	 15.49	1656233621.3133037 
16	0	 4	 19	Row	96	 12	225 	 3297 	 32.97	1656233621.3133037 
16	0	 4	 32	Col	96	 12	221 	 3293 	 32.93	1656233621.3133037 
16	0	 4	 12	Row	105	 7	14 	 1806 	 18.06	1656233621.3133037 
16	0	 4	 10	Col	105	 6	254 	 1790 	 17.9	1656233621.3133037 
16	0	 4	 26	Row	95	 8	120 	 2168 	 21.68	1656233621.3133037 
16	0	 4	 24	Col	95	 8	88 	 2136 	 21.36	1656233621.3133037 
16	0	 4	 33	Row	96	 12	188 	 3260 	 32.6	1656233621.3133037 
16	0	 4	 18	Col	96	 12	185 	 3257 	 32.57	1656233621.3133037 

17	0	 4	 20	Row	91	 1	145 	 401 	 4.01	1656233628.1975286 
17	0	 4	 11	Col	91	 1	146 	 402 	 4.02	1656233628.1975286 
17	0	 4	 12	Row	32	 10	242 	 2802 	 28.02	1656233628.1975286 
17	0	 4	 29	Col	32	 10	235 	 2795 	 27.95	1656233628.1975286 
17	0	 4	 23	Row	33	 8	237 	 2285 	 22.85	1656233628.1975286 
17	0	 4	 26	Row	32	 5	174 	 1454 	 14.54	1656233628.1975286 
17	0	 4	 29	Row	32	 11	105 	 2921 	 29.21	1656233628.1975286 
17	0	 4	 18	Col	33	 8	252 	 2300 	 23.0	1656233628.1975286 
17	0	 4	 24	Col	32	 5	150 	 1430 	 14.3	1656233628.1975286 
17	0	 4	 33	Col	32	 11	97 	 2913 	 29.13	1656233628.1975286 
17	0	 4	 31	Row	33	 4	89 	 1113 	 11.13	1656233628.1975286 
17	0	 4	 26	Col	33	 4	88 	 1112 	 11.12	1656233628.1975286 

18	0	 4	 4	Row	23	 15	4 	 3844 	 38.44	1656233628.9435425 
18	0	 [0;31;40m6[0m	 4	Row	139	 15	4 	 3844 	 38.44	1656233628.9435425 
18	[0;31;40m4[0m	 [0;31;40m2[0m	 61	Row	61	 13	61 	 3389 	 33.89	1656233628.9435425 
18	0	 4	 6	Row	38	 6	65 	 1601 	 16.01	1656233628.9435425 
18	0	 4	 33	Col	38	 6	69 	 1605 	 16.05	1656233628.9435425 
18	0	 4	 23	Row	134	 9	126 	 2430 	 24.3	1656233628.9435425 
18	0	 4	 18	Col	134	 9	139 	 2443 	 24.43	1656233628.9435425 
18	0	 4	 21	Row	32	 13	30 	 3358 	 33.58	1656233628.9435425 
18	0	 4	 29	Col	31	 13	28 	 3356 	 33.56	1656233628.9435425 
18	0	 4	 7	Row	32	 4	180 	 1204 	 12.04	1656233628.9435425 
18	0	 4	 21	Col	32	 4	185 	 1209 	 12.09	1656233628.9435425 
18	0	 4	 19	Row	32	 6	94 	 1630 	 16.3	1656233628.9435425 
18	0	 4	 30	Col	32	 6	82 	 1618 	 16.18	1656233628.9435425 
18	0	 4	 9	Row	34	 6	203 	 1739 	 17.39	1656233628.9435425 
18	0	 4	 13	Row	34	 8	106 	 2154 	 21.54	1656233628.9435425 
18	0	 4	 24	Col	34	 8	101 	 2149 	 21.49	1656233628.9435425 
18	0	 4	 28	Col	34	 6	209 	 1745 	 17.45	1656233628.9435425 
18	0	 4	 26	Row	32	 10	26 	 2586 	 25.86	1656233628.9435425 
18	0	 4	 31	Col	32	 10	9 	 2569 	 25.69	1656233628.9435425 
18	0	 4	 12	Row	32	 5	185 	 1465 	 14.65	1656233628.9435425 
18	0	 4	 29	Col	32	 5	172 	 1452 	 14.52	1656233628.9435425 
18	0	 4	 14	Row	32	 6	225 	 1761 	 17.61	1656233628.9435425 
18	0	 4	 24	Col	32	 6	246 	 1782 	 17.82	1656233628.9435425 

19	0	 4	 3	Row	185	 3	61 	 829 	 8.29	1656233629.6905203 
19	0	 4	 4	Row	185	 0	187 	 187 	 1.87	1656233629.6905203 
19	0	 4	 1	Col	185	 0	185 	 185 	 1.85	1656233629.6905203 
19	0	 4	 2	Col	185	 3	56 	 824 	 8.24	1656233629.6905203 
19	0	 4	 22	Row	96	 1	169 	 425 	 4.25	1656233629.6905203 
19	0	 4	 15	Col	96	 1	190 	 446 	 4.46	1656233629.6905203 
19	0	 4	 21	Row	99	 4	226 	 1250 	 12.5	1656233629.6905203 
19	0	 4	 29	Col	99	 4	227 	 1251 	 12.51	1656233629.6905203 
19	0	 4	 21	Row	98	 3	191 	 959 	 9.59	1656233629.6905203 
19	0	 4	 29	Col	98	 3	192 	 960 	 9.6	1656233629.6905203 
19	0	 4	 23	Row	97	 5	208 	 1488 	 14.88	1656233629.6905203 
19	0	 4	 18	Col	97	 5	223 	 1503 	 15.03	1656233629.6905203 
19	0	 4	 1	Row	95	 10	89 	 2649 	 26.49	1656233629.6905203 
19	0	 4	 11	Row	96	 1	155 	 411 	 4.11	1656233629.6905203 
19	0	 4	 20	Row	107	 5	174 	 1454 	 14.54	1656233629.6905203 
19	0	 4	 29	Row	95	 12	63 	 3135 	 31.35	1656233629.6905203 
19	0	 4	 32	Row	95	 0	220 	 220 	 2.2	1656233629.6905203 
19	0	 4	 18	Col	96	 1	135 	 391 	 3.91	1656233629.6905203 
19	0	 4	 20	Col	95	 10	85 	 2645 	 26.45	1656233629.6905203 
19	0	 4	 21	Col	107	 5	169 	 1449 	 14.49	1656233629.6905203 
19	0	 4	 25	Col	95	 0	219 	 219 	 2.19	1656233629.6905203 
19	0	 4	 30	Col	95	 12	71 	 3143 	 31.43	1656233629.6905203 
19	0	 4	 24	Row	101	 5	42 	 1322 	 13.22	1656233629.6905203 
19	0	 4	 27	Col	101	 5	40 	 1320 	 13.2	1656233629.6905203 
19	0	 4	 13	Row	95	 4	1 	 1025 	 10.25	1656233629.6905203 
19	0	 4	 0	Col	95	 3	246 	 1014 	 10.14	1656233629.6905203 
19	0	 4	 29	Row	98	 3	64 	 832 	 8.32	1656233629.6905203 
19	0	 4	 34	Col	98	 3	63 	 831 	 8.31	1656233629.6905203 

20	0	 4	 0	Row	217	 15	108 	 3948 	 39.48	1656233630.449257 
20	0	 4	 1	Col	217	 15	105 	 3945 	 39.45	1656233630.449257 
20	0	 4	 16	Row	163	 6	81 	 1617 	 16.17	1656233630.449257 
20	0	 4	 28	Col	163	 6	88 	 1624 	 16.24	1656233630.449257 
20	0	 4	 1	Row	159	 9	72 	 2376 	 23.76	1656233630.449257 
20	0	 4	 6	Row	162	 12	199 	 3271 	 32.71	1656233630.449257 
20	0	 4	 14	Row	160	 10	209 	 2769 	 27.69	1656233630.449257 
20	0	 4	 22	Row	165	 11	21 	 2837 	 28.37	1656233630.449257 
20	0	 4	 23	Col	159	 10	246 	 2806 	 28.06	1656233630.449257 
20	0	 4	 24	Col	160	 8	134 	 2182 	 21.82	1656233630.449257 
20	0	 4	 30	Col	162	 12	162 	 3234 	 32.34	1656233630.449257 
20	0	 4	 33	Col	165	 11	23 	 2839 	 28.39	1656233630.449257 
20	0	 4	 14	Row	161	 4	219 	 1243 	 12.43	1656233630.449257 
20	0	 4	 24	Col	161	 4	241 	 1265 	 12.65	1656233630.449257 
20	0	 4	 27	Row	160	 4	109 	 1133 	 11.33	1656233630.449257 
20	0	 4	 0	Col	160	 4	105 	 1129 	 11.29	1656233630.449257 

21	0	 4	 7	Row	241	 7	114 	 1906 	 19.06	1656233632.9364393 
21	0	 4	 27	Col	101	 7	112 	 1904 	 19.04	1656233632.9364393 
21	0	 [0;31;40m3[0m	 37	Row	7	 0	4 	 4 	 0.04	1656233632.9364393 
21	0	 [0;31;40m0[0m	 31	Col	14	 3	4 	 772 	 7.72	1656233632.9364393 
21	[0;31;40m18[0m	 4	 31	Col	14	 11	4 	 2820 	 28.2	1656233632.9364393 
21	[0;31;40m19[0m	 [0;31;40m0[0m	 31	Col	8	 4	4 	 1028 	 10.28	1656233632.9364393 
21	[0;31;40m2[0m	 [0;31;40m5[0m	 34	Col	4	 11	4 	 2820 	 28.2	1656233632.9364393 
21	[0;31;40m19[0m	 [0;31;40m5[0m	 34	Col	4	 8	61 	 2109 	 21.09	1656233632.9364393 
21	0	 4	 26	Row	224	 3	120 	 888 	 8.88	1656233632.9364393 
21	0	 4	 24	Col	224	 3	99 	 867 	 8.67	1656233632.9364393 
21	0	 4	 14	Row	224	 5	103 	 1383 	 13.83	1656233632.9364393 
21	0	 4	 24	Col	224	 5	122 	 1402 	 14.02	1656233632.9364393 
21	0	 4	 32	Row	227	 5	155 	 1435 	 14.35	1656233632.9364393 
21	0	 4	 25	Col	227	 5	152 	 1432 	 14.32	1656233632.9364393 

22	0	 [0;31;40m3[0m	 4	Row	9	 4	0 	 1024 	 10.24	1656233633.6682737 
22	0	 [0;31;40m6[0m	 4	Row	20	 2	3 	 515 	 5.15	1656233633.6682737 
22	[0;31;40m14[0m	 [0;31;40m3[0m	 4	Row	2	 15	15 	 3855 	 38.55	1656233633.6682737 
22	0	 [0;31;40m3[0m	 4	Row	16	 4	5 	 1029 	 10.29	1656233633.6682737 
22	0	 4	 29	Row	160	 2	2 	 514 	 5.14	1656233633.6682737 
22	0	 4	 12	Row	0	 0	3 	 3 	 0.03	1656233633.6682737 
22	0	 4	 15	Row	164	 1	233 	 489 	 4.89	1656233633.6682737 
22	0	 4	 29	Row	160	 8	166 	 2214 	 22.14	1656233633.6682737 
22	0	 4	 1	Col	225	 6	188 	 1724 	 17.24	1656233633.6682737 
22	0	 4	 13	Row	159	 5	196 	 1476 	 14.76	1656233633.6682737 
22	0	 4	 0	Col	159	 5	189 	 1469 	 14.69	1656233633.6682737 
22	0	 4	 8	Col	226	 3	112 	 880 	 8.8	1656233633.6682737 
22	0	 4	 19	Col	52	 8	191 	 2239 	 22.39	1656233633.6682737 
22	0	 4	 13	Row	159	 14	108 	 3692 	 36.92	1656233633.6682737 
22	0	 4	 19	Row	159	 12	29 	 3101 	 31.01	1656233633.6682737 
22	0	 4	 26	Row	160	 5	161 	 1441 	 14.41	1656233633.6682737 
22	0	 4	 24	Col	160	 4	196 	 1220 	 12.2	1656233633.6682737 
22	0	 4	 25	Col	159	 3	17 	 785 	 7.85	1656233633.6682737 
22	0	 4	 28	Col	164	 5	65 	 1345 	 13.45	1656233633.6682737 
22	0	 4	 29	Col	160	 11	24 	 2840 	 28.4	1656233633.6682737 
22	0	 4	 30	Col	159	 10	61 	 2621 	 26.21	1656233633.6682737 
22	0	 4	 6	Row	160	 2	196 	 708 	 7.08	1656233633.6682737 
22	0	 4	 13	Row	165	 0	231 	 231 	 2.31	1656233633.6682737 
22	0	 4	 12	Row	161	 5	114 	 1394 	 13.94	1656233633.6682737 
22	0	 4	 19	Row	161	 3	227 	 995 	 9.95	1656233633.6682737 
22	0	 4	 21	Row	159	 9	10 	 2314 	 23.14	1656233633.6682737 
22	0	 4	 26	Row	162	 5	227 	 1507 	 15.07	1656233633.6682737 
22	0	 4	 29	Row	161	 5	245 	 1525 	 15.25	1656233633.6682737 
22	0	 4	 32	Row	160	 10	186 	 2746 	 27.46	1656233633.6682737 
22	0	 4	 12	Row	161	 4	57 	 1081 	 10.81	1656233633.6682737 
22	0	 4	 12	Col	162	 5	95 	 1375 	 13.75	1656233633.6682737 
22	0	 4	 15	Col	160	 2	192 	 704 	 7.04	1656233633.6682737 
22	0	 4	 25	Col	160	 10	185 	 2745 	 27.45	1656233633.6682737 
22	0	 4	 29	Col	161	 13	62 	 3390 	 33.9	1656233633.6682737 
22	0	 4	 30	Col	160	 5	251 	 1531 	 15.31	1656233633.6682737 
22	0	 4	 31	Col	165	 6	64 	 1600 	 16.0	1656233633.6682737 
22	0	 4	 13	Row	159	 4	2 	 1026 	 10.26	1656233633.6682737 
22	0	 4	 27	Row	160	 5	119 	 1399 	 13.99	1656233633.6682737 
22	0	 4	 0	Col	159	 3	245 	 1013 	 10.13	1656233633.6682737 
22	0	 4	 21	Col	160	 5	116 	 1396 	 13.96	1656233633.6682737 

23	0	 4	 24	Row	134	 7	136 	 1928 	 19.28	1656233634.418236 
23	0	 4	 32	Row	189	 6	56 	 1592 	 15.92	1656233634.418236 
23	0	 4	 0	Col	189	 6	50 	 1586 	 15.86	1656233634.418236 
23	0	 4	 16	Col	134	 7	117 	 1909 	 19.09	1656233634.418236 
23	0	 4	 13	Row	192	 5	205 	 1485 	 14.85	1656233634.418236 
23	0	 4	 25	Col	192	 5	200 	 1480 	 14.8	1656233634.418236 
23	0	 4	 27	Row	193	 4	213 	 1237 	 12.37	1656233634.418236 
23	0	 4	 19	Col	193	 4	198 	 1222 	 12.22	1656233634.418236 
23	0	 4	 2	Row	192	 7	52 	 1844 	 18.44	1656233634.418236 
23	0	 4	 9	Row	193	 6	225 	 1761 	 17.61	1656233634.418236 
23	0	 4	 19	Row	192	 5	176 	 1456 	 14.56	1656233634.418236 
23	0	 4	 0	Col	192	 7	40 	 1832 	 18.32	1656233634.418236 
23	0	 4	 28	Col	193	 6	226 	 1762 	 17.62	1656233634.418236 
23	0	 4	 30	Col	191	 5	165 	 1445 	 14.45	1656233634.418236 

24	0	 4	 24	Row	48	 1	217 	 473 	 4.73	1656233636.854453 
24	0	 4	 1	Col	48	 1	211 	 467 	 4.67	1656233636.854453 
24	0	 4	 29	Row	225	 7	73 	 1865 	 18.65	1656233636.854453 
24	0	 4	 34	Col	225	 7	74 	 1866 	 18.66	1656233636.854453 
24	0	 4	 13	Row	226	 3	82 	 850 	 8.5	1656233636.854453 
24	0	 4	 29	Row	224	 7	232 	 2024 	 20.24	1656233636.854453 
24	0	 4	 25	Col	226	 3	77 	 845 	 8.45	1656233636.854453 
24	0	 4	 30	Col	224	 7	236 	 2028 	 20.28	1656233636.854453 
24	0	 4	 21	Row	225	 2	10 	 522 	 5.22	1656233636.854453 
24	0	 4	 10	Col	225	 2	3 	 515 	 5.15	1656233636.854453 
24	0	 [0;31;40m2[0m	 33	Col	2	 3	4 	 772 	 7.72	1656233636.854453 
24	[0;31;40m2[0m	 [0;31;40m3[0m	 31	Col	2	 14	4 	 3588 	 35.88	1656233636.854453 
24	0	 [0;31;40m3[0m	 32	Col	6	 13	4 	 3332 	 33.32	1656233636.854453 
24	[0;31;40m3[0m	 [0;31;40m5[0m	 39	Col	6	 5	4 	 1284 	 12.84	1656233636.854453 
24	[0;31;40m18[0m	 [0;31;40m5[0m	 32	Col	6	 9	4 	 2308 	 23.08	1656233636.854453 
24	[0;31;40m19[0m	 [0;31;40m0[0m	 32	Col	3	 7	4 	 1796 	 17.96	1656233636.854453 
24	[0;31;40m19[0m	 [0;31;40m6[0m	 31	Col	10	 5	4 	 1284 	 12.84	1656233636.854453 
24	[0;31;40m20[0m	 [0;31;40m1[0m	 39	Col	6	 13	61 	 3389 	 33.89	1656233636.854453 

25	0	 4	 1	Row	198	 7	49 	 1841 	 18.41	1656233638.1477244 
25	0	 4	 24	Col	198	 7	37 	 1829 	 18.29	1656233638.1477244 
25	0	 4	 19	Row	65	 3	228 	 996 	 9.96	1656233638.1477244 
25	0	 4	 30	Col	223	 3	217 	 985 	 9.85	1656233638.1477244 
25	0	 4	 16	Row	66	 9	208 	 2512 	 25.12	1656233638.1477244 
25	0	 4	 27	Row	65	 5	164 	 1444 	 14.44	1656233638.1477244 
25	0	 4	 19	Col	65	 5	145 	 1425 	 14.25	1656233638.1477244 
25	0	 4	 34	Col	66	 9	208 	 2512 	 25.12	1656233638.1477244 
25	0	 4	 29	Row	65	 7	159 	 1951 	 19.51	1656233638.1477244 
25	0	 4	 30	Col	65	 7	166 	 1958 	 19.58	1656233638.1477244 
25	0	 4	 30	Row	65	 4	53 	 1077 	 10.77	1656233638.1477244 
25	0	 4	 17	Col	65	 4	57 	 1081 	 10.81	1656233638.1477244 

26	0	 4	 29	Row	32	 10	212 	 2772 	 27.72	1656233639.18923 
26	0	 4	 33	Col	32	 10	204 	 2764 	 27.64	1656233639.18923 
26	0	 4	 28	Row	32	 2	54 	 566 	 5.66	1656233639.18923 
26	0	 4	 0	Col	32	 2	45 	 557 	 5.57	1656233639.18923 
26	0	 4	 28	Row	38	 8	150 	 2198 	 21.98	1656233639.18923 
26	0	 4	 34	Col	38	 8	141 	 2189 	 21.89	1656233639.18923 
26	0	 4	 17	Row	32	 9	52 	 2356 	 23.56	1656233639.18923 
26	0	 4	 20	Col	32	 9	59 	 2363 	 23.63	1656233639.18923 
26	0	 4	 26	Row	35	 4	106 	 1130 	 11.3	1656233639.18923 
26	0	 4	 31	Col	35	 4	100 	 1124 	 11.24	1656233639.18923 
26	0	 4	 14	Row	32	 7	205 	 1997 	 19.97	1656233639.18923 
26	0	 4	 24	Col	32	 7	223 	 2015 	 20.15	1656233639.18923 
26	0	 4	 32	Row	33	 12	148 	 3220 	 32.2	1656233639.18923 
26	0	 4	 32	Col	33	 12	136 	 3208 	 32.08	1656233639.18923 
26	0	 4	 26	Row	31	 4	145 	 1169 	 11.69	1656233639.18923 
26	0	 4	 31	Col	31	 4	136 	 1160 	 11.6	1656233639.18923 
26	0	 4	 12	Row	34	 1	246 	 502 	 5.02	1656233639.18923 
26	0	 4	 21	Row	34	 2	164 	 676 	 6.76	1656233639.18923 
26	0	 4	 29	Col	34	 2	167 	 679 	 6.79	1656233639.18923 

27	0	 4	 31	Row	37	 2	97 	 609 	 6.09	1656233644.9867427 
27	0	 4	 61	Row	61	 4	13 	 1037 	 10.37	1656233644.9867427 
27	0	 4	 13	Row	224	 9	98 	 2402 	 24.02	1656233644.9867427 
27	0	 4	 19	Col	224	 9	87 	 2391 	 23.91	1656233644.9867427 
27	0	 4	 26	Row	160	 3	119 	 887 	 8.87	1656233644.9867427 
27	0	 4	 24	Col	160	 3	98 	 866 	 8.66	1656233644.9867427 
27	0	 4	 23	Row	161	 5	217 	 1497 	 14.97	1656233644.9867427 
27	0	 4	 0	Col	160	 5	221 	 1501 	 15.01	1656233644.9867427 
27	0	 4	 12	Row	160	 8	184 	 2232 	 22.32	1656233644.9867427 
27	0	 4	 29	Col	160	 8	174 	 2222 	 22.22	1656233644.9867427 
27	0	 4	 19	Row	161	 3	65 	 833 	 8.33	1656233644.9867427 
27	0	 4	 30	Col	161	 3	60 	 828 	 8.28	1656233644.9867427 
27	0	 4	 26	Row	161	 10	83 	 2643 	 26.43	1656233644.9867427 
27	0	 4	 31	Col	161	 10	66 	 2626 	 26.26	1656233644.9867427 
27	0	 4	 9	Row	161	 3	29 	 797 	 7.97	1656233644.9867427 
27	0	 4	 12	Col	161	 3	12 	 780 	 7.8	1656233644.9867427 
27	0	 4	 5	Row	163	 3	126 	 894 	 8.94	1656233644.9867427 
27	0	 4	 19	Row	166	 6	0 	 1536 	 15.36	1656233644.9867427 
27	0	 4	 1	Col	163	 3	100 	 868 	 8.68	1656233644.9867427 
27	0	 4	 32	Col	166	 5	251 	 1531 	 15.31	1656233644.9867427 

28	0	 4	 25	Row	6	 2	117 	 629 	 6.29	1656233645.7332096 
28	0	 4	 18	Col	5	 2	135 	 647 	 6.47	1656233645.7332096 
28	0	 4	 8	Row	1	 7	213 	 2005 	 20.05	1656233645.7332096 
28	0	 4	 28	Col	1	 7	188 	 1980 	 19.8	1656233645.7332096 
28	0	 4	 6	Row	255	 8	240 	 2288 	 22.88	1656233645.7332096 
28	0	 4	 32	Row	0	 14	88 	 3672 	 36.72	1656233645.7332096 
28	0	 4	 18	Col	255	 8	232 	 2280 	 22.8	1656233645.7332096 
28	0	 4	 32	Col	0	 14	72 	 3656 	 36.56	1656233645.7332096 
28	0	 4	 16	Row	6	 1	232 	 488 	 4.88	1656233645.7332096 
28	0	 4	 28	Col	5	 1	234 	 490 	 4.9	1656233645.7332096 
28	0	 4	 0	Row	255	 12	218 	 3290 	 32.9	1656233645.7332096 
28	0	 4	 6	Row	0	 13	20 	 3348 	 33.48	1656233645.7332096 
28	0	 4	 12	Col	255	 12	220 	 3292 	 32.92	1656233645.7332096 
28	0	 4	 30	Col	1	 12	242 	 3314 	 33.14	1656233645.7332096 
28	0	 [0;31;40m6[0m	 1	Row	12	 2	4 	 516 	 5.16	1656233645.7332096 
28	[0;31;40m1[0m	 [0;31;40m0[0m	 10	Row	7	 14	4 	 3588 	 35.88	1656233645.7332096 
28	[0;31;40m18[0m	 [0;31;40m5[0m	 10	Row	7	 10	4 	 2564 	 25.64	1656233645.7332096 
28	0	 [0;31;40m1[0m	 3	Row	3	 14	61 	 3645 	 36.45	1656233645.7332096 
28	0	 4	 0	Row	2	 5	207 	 1487 	 14.87	1656233645.7332096 
28	0	 4	 12	Row	0	 8	75 	 2123 	 21.23	1656233645.7332096 
28	0	 4	 13	Row	0	 4	221 	 1245 	 12.45	1656233645.7332096 
28	0	 4	 6	Row	0	 9	69 	 2373 	 23.73	1656233645.7332096 
28	0	 4	 8	Col	0	 9	108 	 2412 	 24.12	1656233645.7332096 
28	0	 4	 11	Col	0	 4	215 	 1239 	 12.39	1656233645.7332096 
28	0	 4	 20	Col	2	 5	219 	 1499 	 14.99	1656233645.7332096 
28	0	 4	 29	Col	0	 8	68 	 2116 	 21.16	1656233645.7332096 
28	0	 4	 13	Row	2	 3	105 	 873 	 8.73	1656233645.7332096 
28	0	 4	 25	Col	2	 3	100 	 868 	 8.68	1656233645.7332096 

29	0	 4	 33	Row	44	 15	138 	 3978 	 39.78	1656233646.4862392 
29	0	 4	 7	Col	44	 15	131 	 3971 	 39.71	1656233646.4862392 
29	0	 4	 7	Row	128	 11	52 	 2868 	 28.68	1656233646.4862392 
29	0	 4	 7	Col	128	 11	48 	 2864 	 28.64	1656233646.4862392 
29	0	 4	 27	Row	128	 8	196 	 2244 	 22.44	1656233646.4862392 
29	0	 4	 12	Row	127	 0	65 	 65 	 0.65	1656233646.4862392 
29	0	 4	 26	Row	127	 5	107 	 1387 	 13.87	1656233646.4862392 
29	0	 4	 21	Col	127	 8	192 	 2240 	 22.4	1656233646.4862392 
29	0	 4	 29	Col	127	 0	58 	 58 	 0.58	1656233646.4862392 
29	0	 4	 31	Col	127	 5	104 	 1384 	 13.84	1656233646.4862392 
29	0	 4	 21	Row	131	 5	216 	 1496 	 14.96	1656233646.4862392 
29	0	 4	 32	Row	131	 6	165 	 1701 	 17.01	1656233646.4862392 
29	0	 4	 25	Col	131	 6	163 	 1699 	 16.99	1656233646.4862392 
29	0	 4	 29	Col	130	 5	217 	 1497 	 14.97	1656233646.4862392 
29	0	 4	 29	Row	128	 4	2 	 1026 	 10.26	1656233646.4862392 
29	0	 4	 23	Col	128	 4	12 	 1036 	 10.36	1656233646.4862392 
29	0	 4	 7	Row	129	 3	42 	 810 	 8.1	1656233646.4862392 
29	0	 4	 29	Row	132	 3	137 	 905 	 9.05	1656233646.4862392 
29	0	 4	 21	Col	129	 3	46 	 814 	 8.14	1656233646.4862392 
29	0	 4	 30	Col	132	 3	142 	 910 	 9.1	1656233646.4862392 
29	0	 4	 22	Row	128	 7	180 	 1972 	 19.72	1656233646.4862392 
29	0	 4	 26	Col	128	 7	196 	 1988 	 19.88	1656233646.4862392 
29	0	 4	 23	Row	131	 2	66 	 578 	 5.78	1656233646.4862392 
29	0	 4	 26	Col	131	 2	86 	 598 	 5.98	1656233646.4862392 
29	0	 4	 26	Row	128	 5	44 	 1324 	 13.24	1656233646.4862392 
29	0	 4	 24	Col	128	 5	22 	 1302 	 13.02	1656233646.4862392 

30	0	 4	 23	Row	115	 4	232 	 1256 	 12.56	1656233647.2312214 
30	0	 4	 11	Col	115	 4	225 	 1249 	 12.49	1656233647.2312214 
30	0	 4	 13	Row	128	 5	77 	 1357 	 13.57	1656233647.2312214 
30	0	 4	 25	Col	128	 5	73 	 1353 	 13.53	1656233647.2312214 
30	0	 4	 9	Row	132	 4	106 	 1130 	 11.3	1656233647.2312214 
30	0	 4	 28	Col	132	 4	113 	 1137 	 11.37	1656233647.2312214 
30	0	 4	 12	Row	127	 8	39 	 2087 	 20.87	1656233647.2312214 
30	0	 4	 27	Row	128	 7	248 	 2040 	 20.4	1656233647.2312214 
30	0	 4	 21	Col	128	 7	243 	 2035 	 20.35	1656233647.2312214 
30	0	 4	 29	Col	127	 8	33 	 2081 	 20.81	1656233647.2312214 
30	0	 4	 7	Row	130	 0	227 	 227 	 2.27	1656233647.2312214 
30	0	 4	 21	Col	130	 0	242 	 242 	 2.42	1656233647.2312214 
30	0	 4	 7	Row	131	 9	39 	 2343 	 23.43	1656233647.2312214 
30	0	 4	 19	Row	128	 12	2 	 3074 	 30.74	1656233647.2312214 
30	0	 4	 27	Col	131	 9	32 	 2336 	 23.36	1656233647.2312214 
30	0	 4	 32	Col	128	 11	255 	 3071 	 30.71	1656233647.2312214 
30	0	 4	 26	Row	127	 9	26 	 2330 	 23.3	1656233647.2312214 
30	0	 4	 24	Col	127	 9	6 	 2310 	 23.1	1656233647.2312214 
30	0	 4	 23	Row	130	 5	248 	 1528 	 15.28	1656233647.2312214 
30	0	 4	 18	Col	130	 6	9 	 1545 	 15.45	1656233647.2312214 
30	0	 4	 14	Row	129	 7	25 	 1817 	 18.17	1656233647.2312214 
30	0	 4	 23	Col	129	 6	253 	 1789 	 17.89	1656233647.2312214 
30	0	 4	 29	Row	131	 4	137 	 1161 	 11.61	1656233647.2312214 
30	0	 4	 34	Col	131	 4	132 	 1156 	 11.56	1656233647.2312214 

31	0	 [0;31;40m7[0m	 1	Col	11	 15	4 	 3844 	 38.44	1656233648.7151031 
31	0	 [0;31;40m7[0m	 27	Row	10	 6	4 	 1540 	 15.4	1656233648.7151031 
31	[0;31;40m16[0m	 [0;31;40m5[0m	 27	Row	10	 15	61 	 3901 	 39.01	1656233648.7151031 
31	0	 4	 3	Row	65	 3	23 	 791 	 7.91	1656233648.7151031 
31	0	 4	 29	Row	64	 10	173 	 2733 	 27.33	1656233648.7151031 
31	0	 4	 30	Col	64	 10	179 	 2739 	 27.39	1656233648.7151031 
31	0	 4	 28	Row	64	 11	228 	 3044 	 30.44	1656233648.7151031 
31	0	 4	 34	Col	64	 11	218 	 3034 	 30.34	1656233648.7151031 
31	0	 4	 12	Row	63	 10	191 	 2751 	 27.51	1656233648.7151031 
31	0	 4	 29	Col	63	 10	183 	 2743 	 27.43	1656233648.7151031 
31	0	 4	 0	Row	64	 12	162 	 3234 	 32.34	1656233648.7151031 
31	0	 4	 20	Col	64	 12	168 	 3240 	 32.4	1656233648.7151031 
31	0	 4	 21	Row	66	 5	156 	 1436 	 14.36	1656233648.7151031 
31	0	 4	 29	Col	66	 5	157 	 1437 	 14.37	1656233648.7151031 

32	0	 4	 6	Row	142	 9	175 	 2479 	 24.79	1656233655.7919476 
32	0	 4	 14	Col	142	 9	166 	 2470 	 24.7	1656233655.7919476 
32	0	 4	 6	Row	130	 4	137 	 1161 	 11.61	1656233655.7919476 
32	0	 4	 14	Row	128	 10	197 	 2757 	 27.57	1656233655.7919476 
32	0	 4	 3	Col	130	 4	117 	 1141 	 11.41	1656233655.7919476 
32	0	 4	 23	Col	128	 10	174 	 2734 	 27.34	1656233655.7919476 
32	0	 4	 26	Row	128	 12	200 	 3272 	 32.72	1656233655.7919476 
32	0	 4	 31	Col	128	 12	194 	 3266 	 32.66	1656233655.7919476 
32	0	 4	 7	Row	129	 2	113 	 625 	 6.25	1656233655.7919476 
32	0	 4	 21	Col	129	 2	119 	 631 	 6.31	1656233655.7919476 
32	0	 4	 21	Row	128	 7	30 	 1822 	 18.22	1656233655.7919476 
32	0	 4	 29	Col	128	 7	30 	 1822 	 18.22	1656233655.7919476 
32	0	 4	 17	Row	130	 3	141 	 909 	 9.09	1656233655.7919476 
32	0	 4	 13	Col	130	 3	149 	 917 	 9.17	1656233655.7919476 
32	0	 4	 27	Col	136	 7	75 	 1867 	 18.67	1656233655.7919476 
32	0	 4	 12	Row	127	 2	253 	 765 	 7.65	1656233655.7919476 
32	0	 4	 29	Col	127	 2	242 	 754 	 7.54	1656233655.7919476 
32	0	 4	 6	Row	142	 2	241 	 753 	 7.53	1656233655.7919476 
32	0	 4	 12	Row	127	 5	158 	 1438 	 14.38	1656233655.7919476 
32	0	 4	 21	Row	128	 11	7 	 2823 	 28.23	1656233655.7919476 
32	0	 4	 29	Row	128	 5	72 	 1352 	 13.52	1656233655.7919476 
32	0	 4	 32	Row	134	 8	22 	 2070 	 20.7	1656233655.7919476 
32	0	 4	 29	Col	127	 5	152 	 1432 	 14.32	1656233655.7919476 
32	0	 4	 30	Col	128	 7	18 	 1810 	 18.1	1656233655.7919476 
32	0	 4	 32	Col	134	 8	8 	 2056 	 20.56	1656233655.7919476 
32	0	 4	 32	Row	129	 10	170 	 2730 	 27.3	1656233655.7919476 
32	0	 4	 25	Col	128	 10	168 	 2728 	 27.28	1656233655.7919476 
32	0	 4	 11	Row	128	 10	111 	 2671 	 26.71	1656233655.7919476 
32	0	 4	 9	Col	128	 10	109 	 2669 	 26.69	1656233655.7919476 

33	0	 4	 13	Row	129	 1	85 	 341 	 3.41	1656233657.0848935 
33	0	 4	 61	Row	61	 4	5 	 1029 	 10.29	1656233657.0848935 
33	0	 4	 5	Row	231	 11	222 	 3038 	 30.38	1656233657.0848935 
33	0	 4	 12	Col	231	 11	210 	 3026 	 30.26	1656233657.0848935 
33	0	 4	 21	Row	160	 9	93 	 2397 	 23.97	1656233657.0848935 
33	0	 4	 29	Col	160	 9	94 	 2398 	 23.98	1656233657.0848935 
33	0	 4	 16	Row	161	 7	110 	 1902 	 19.02	1656233657.0848935 
33	0	 4	 28	Col	161	 7	116 	 1908 	 19.08	1656233657.0848935 
33	0	 4	 8	Row	162	 5	191 	 1471 	 14.71	1656233657.0848935 
33	0	 4	 30	Col	162	 5	191 	 1471 	 14.71	1656233657.0848935 
33	0	 4	 12	Row	159	 14	165 	 3749 	 37.49	1656233657.0848935 
33	0	 4	 29	Col	159	 14	160 	 3744 	 37.44	1656233657.0848935 
33	0	 4	 12	Row	160	 7	198 	 1990 	 19.9	1656233657.0848935 
33	0	 4	 29	Col	160	 7	163 	 1955 	 19.55	1656233657.0848935 
33	0	 4	 30	Row	160	 7	103 	 1895 	 18.95	1656233657.0848935 
33	0	 4	 23	Col	160	 7	104 	 1896 	 18.96	1656233657.0848935 
33	0	 4	 14	Row	159	 1	156 	 412 	 4.12	1656233657.0848935 
33	0	 4	 23	Col	159	 1	134 	 390 	 3.9	1656233657.0848935 
33	0	 [0;31;40m7[0m	 31	Col	1	 6	4 	 1540 	 15.4	1656233657.0848935 
33	[0;31;40m3[0m	 [0;31;40m5[0m	 37	Col	12	 3	4 	 772 	 7.72	1656233657.0848935 
33	[0;31;40m19[0m	 [0;31;40m7[0m	 37	Col	3	 14	4 	 3588 	 35.88	1656233657.0848935 
33	[0;31;40m2[0m	 [0;31;40m2[0m	 3	Row	1	 1	4 	 260 	 2.6	1656233657.0848935 
33	0	 [0;31;40m5[0m	 35	Col	1	 15	61 	 3901 	 39.01	1656233657.0848935 

34	0	 4	 7	Row	178	 2	181 	 693 	 6.93	1656233658.5727324 
34	0	 4	 22	Col	178	 2	195 	 707 	 7.07	1656233658.5727324 
34	0	 4	 12	Row	33	 4	186 	 1210 	 12.1	1656233658.5727324 
34	0	 4	 29	Col	33	 4	175 	 1199 	 11.99	1656233658.5727324 
34	0	 4	 13	Row	31	 8	176 	 2224 	 22.24	1656233658.5727324 
34	0	 4	 0	Col	31	 8	159 	 2207 	 22.07	1656233658.5727324 
34	0	 4	 12	Row	32	 7	243 	 2035 	 20.35	1656233658.5727324 
34	0	 4	 29	Col	32	 7	233 	 2025 	 20.25	1656233658.5727324 
34	0	 4	 19	Row	32	 5	196 	 1476 	 14.76	1656233658.5727324 
34	0	 4	 27	Row	35	 2	3 	 515 	 5.15	1656233658.5727324 
34	0	 4	 29	Row	34	 5	56 	 1336 	 13.36	1656233658.5727324 
34	0	 4	 21	Col	35	 1	251 	 507 	 5.07	1656233658.5727324 
34	0	 4	 30	Col	32	 6	16 	 1552 	 15.52	1656233658.5727324 
34	0	 4	 3	Row	36	 4	131 	 1155 	 11.55	1656233658.5727324 
34	0	 4	 7	Row	32	 3	99 	 867 	 8.67	1656233658.5727324 
34	0	 4	 21	Col	32	 3	103 	 871 	 8.71	1656233658.5727324 
34	0	 4	 24	Col	36	 4	104 	 1128 	 11.28	1656233658.5727324 
34	0	 4	 12	Row	35	 1	220 	 476 	 4.76	1656233658.5727324 
34	0	 4	 29	Col	35	 1	213 	 469 	 4.69	1656233658.5727324 
34	0	 4	 29	Row	35	 4	206 	 1230 	 12.3	1656233658.5727324 
34	0	 4	 30	Col	35	 4	209 	 1233 	 12.33	1656233658.5727324 
34	0	 4	 19	Row	43	 4	145 	 1169 	 11.69	1656233658.5727324 
34	0	 4	 32	Col	43	 4	139 	 1163 	 11.63	1656233658.5727324 
34	0	 4	 13	Row	31	 9	69 	 2373 	 23.73	1656233658.5727324 
34	0	 4	 0	Col	31	 9	60 	 2364 	 23.64	1656233658.5727324 
34	0	 4	 13	Row	32	 8	87 	 2135 	 21.35	1656233658.5727324 
34	0	 4	 25	Col	32	 8	81 	 2129 	 21.29	1656233658.5727324 

35	0	 4	 15	Row	39	 7	113 	 1905 	 19.05	1656233659.320346 
35	0	 4	 11	Col	39	 7	120 	 1912 	 19.12	1656233659.320346 
35	0	 4	 28	Row	36	 8	137 	 2185 	 21.85	1656233659.320346 
35	0	 4	 34	Col	36	 8	125 	 2173 	 21.73	1656233659.320346 
35	0	 4	 13	Row	34	 4	35 	 1059 	 10.59	1656233659.320346 
35	0	 4	 25	Col	34	 4	30 	 1054 	 10.54	1656233659.320346 
35	0	 4	 19	Row	32	 8	95 	 2143 	 21.43	1656233659.320346 
35	0	 4	 0	Col	32	 8	91 	 2139 	 21.39	1656233659.320346 
35	0	 4	 6	Row	35	 3	2 	 770 	 7.7	1656233659.320346 
35	0	 4	 18	Col	35	 2	249 	 761 	 7.61	1656233659.320346 
35	0	 4	 29	Row	32	 10	51 	 2611 	 26.11	1656233659.320346 
35	0	 4	 33	Col	33	 9	227 	 2531 	 25.31	1656233659.320346 
35	0	 4	 34	Col	32	 7	153 	 1945 	 19.45	1656233659.320346 

36	0	 4	 21	Row	20	 13	202 	 3530 	 35.3	1656233661.189162 
36	0	 4	 13	Col	20	 13	206 	 3534 	 35.34	1656233661.189162 
36	0	 4	 9	Row	223	 8	130 	 2178 	 21.78	1656233661.189162 
36	0	 4	 12	Col	223	 8	116 	 2164 	 21.64	1656233661.189162 
36	0	 4	 19	Row	224	 8	70 	 2118 	 21.18	1656233661.189162 
36	0	 4	 25	Col	224	 8	78 	 2126 	 21.26	1656233661.189162 
36	0	 4	 30	Col	224	 4	193 	 1217 	 12.17	1656233661.189162 
36	0	 4	 19	Row	231	 6	234 	 1770 	 17.7	1656233661.189162 
36	0	 4	 32	Col	231	 6	228 	 1764 	 17.64	1656233661.189162 
36	0	 4	 31	Row	224	 7	11 	 1803 	 18.03	1656233661.189162 
36	0	 4	 26	Col	224	 7	8 	 1800 	 18.0	1656233661.189162 
36	0	 4	 19	Row	226	 1	10 	 266 	 2.66	1656233661.189162 
36	0	 4	 23	Row	223	 10	31 	 2591 	 25.91	1656233661.189162 
36	0	 4	 27	Row	223	 10	174 	 2734 	 27.34	1656233661.189162 
36	0	 4	 29	Row	224	 7	35 	 1827 	 18.27	1656233661.189162 
36	0	 4	 18	Col	223	 10	46 	 2606 	 26.06	1656233661.189162 
36	0	 4	 19	Col	223	 10	158 	 2718 	 27.18	1656233661.189162 
36	0	 4	 30	Col	224	 7	40 	 1832 	 18.32	1656233661.189162 
36	0	 4	 30	Row	225	 11	16 	 2832 	 28.32	1656233661.189162 
36	0	 4	 16	Col	224	 11	14 	 2830 	 28.3	1656233661.189162 
36	0	 4	 12	Row	226	 1	242 	 498 	 4.98	1656233661.189162 
36	0	 4	 9	Col	226	 1	236 	 492 	 4.92	1656233661.189162 
36	0	 4	 17	Row	224	 6	9 	 1545 	 15.45	1656233661.189162 
36	0	 4	 21	Row	225	 7	61 	 1853 	 18.53	1656233661.189162 
36	0	 4	 29	Row	224	 8	244 	 2292 	 22.92	1656233661.189162 
36	0	 4	 23	Row	224	 7	163 	 1955 	 19.55	1656233661.189162 
36	0	 4	 18	Col	224	 13	191 	 3519 	 35.19	1656233661.189162 
36	0	 4	 29	Col	225	 7	62 	 1854 	 18.54	1656233661.189162 
36	0	 4	 34	Col	224	 8	244 	 2292 	 22.92	1656233661.189162 

37	0	 4	 61	Row	7	 0	5 	 5 	 0.05	1656233662.4813983 
37	0	 [0;31;40m7[0m	 32	Col	5	 10	4 	 2564 	 25.64	1656233662.4813983 
37	[0;31;40m2[0m	 [0;31;40m1[0m	 46	Row	3	 2	4 	 516 	 5.16	1656233662.4813983 
37	[0;31;40m18[0m	 [0;31;40m1[0m	 6	Row	3	 0	61 	 61 	 0.61	1656233662.4813983 
37	0	 4	 3	Row	161	 6	0 	 1536 	 15.36	1656233662.4813983 
37	0	 4	 17	Col	161	 6	28 	 1564 	 15.64	1656233662.4813983 
37	0	 4	 19	Row	161	 3	200 	 968 	 9.68	1656233662.4813983 
37	0	 4	 30	Col	161	 3	192 	 960 	 9.6	1656233662.4813983 
37	0	 4	 0	Row	168	 1	99 	 355 	 3.55	1656233662.4813983 
37	0	 4	 12	Col	168	 1	103 	 359 	 3.59	1656233662.4813983 
37	0	 4	 12	Row	160	 6	147 	 1683 	 16.83	1656233662.4813983 
37	0	 4	 29	Col	160	 6	138 	 1674 	 16.74	1656233662.4813983 
37	0	 4	 29	Row	159	 10	45 	 2605 	 26.05	1656233662.4813983 
37	0	 4	 30	Col	159	 10	53 	 2613 	 26.13	1656233662.4813983 

38	0	 4	 7	Row	225	 14	140 	 3724 	 37.24	1656233672.414277 
38	0	 4	 27	Col	225	 14	134 	 3718 	 37.18	1656233672.414277 
38	0	 4	 13	Row	193	 1	118 	 374 	 3.74	1656233672.414277 
38	0	 4	 0	Col	193	 1	98 	 354 	 3.54	1656233672.414277 
38	0	 4	 11	Row	194	 7	130 	 1922 	 19.22	1656233672.414277 
38	0	 4	 32	Row	193	 4	42 	 1066 	 10.66	1656233672.414277 
38	0	 4	 18	Col	192	 8	5 	 2053 	 20.53	1656233672.414277 
38	0	 4	 12	Row	192	 6	7 	 1543 	 15.43	1656233672.414277 
38	0	 4	 29	Col	192	 5	230 	 1510 	 15.1	1656233672.414277 
38	0	 4	 13	Row	192	 5	248 	 1528 	 15.28	1656233672.414277 
38	0	 4	 25	Col	192	 5	244 	 1524 	 15.24	1656233672.414277 
38	0	 4	 12	Row	193	 4	107 	 1131 	 11.31	1656233672.414277 
38	0	 4	 17	Row	192	 4	145 	 1169 	 11.69	1656233672.414277 
38	0	 4	 19	Row	194	 4	95 	 1119 	 11.19	1656233672.414277 
38	0	 4	 18	Col	192	 4	151 	 1175 	 11.75	1656233672.414277 
38	0	 4	 25	Col	194	 4	101 	 1125 	 11.25	1656233672.414277 
38	0	 4	 29	Col	193	 4	90 	 1114 	 11.14	1656233672.414277 
38	0	 4	 6	Row	192	 6	59 	 1595 	 15.95	1656233672.414277 
38	0	 4	 26	Row	192	 3	123 	 891 	 8.91	1656233672.414277 
38	0	 4	 18	Col	192	 6	51 	 1587 	 15.87	1656233672.414277 
38	0	 4	 24	Col	192	 3	99 	 867 	 8.67	1656233672.414277 
38	0	 4	 6	Row	192	 10	229 	 2789 	 27.89	1656233672.414277 
38	0	 4	 30	Col	192	 10	198 	 2758 	 27.58	1656233672.414277 
38	0	 4	 8	Row	192	 9	179 	 2483 	 24.83	1656233672.414277 
38	0	 4	 28	Col	193	 9	161 	 2465 	 24.65	1656233672.414277 

39	0	 4	 30	Row	98	 3	96 	 864 	 8.64	1656233673.6444497 
39	0	 4	 18	Col	98	 3	99 	 867 	 8.67	1656233673.6444497 
39	0	 4	 0	Row	96	 2	220 	 732 	 7.32	1656233673.6444497 
39	0	 4	 13	Col	96	 2	221 	 733 	 7.33	1656233673.6444497 
39	0	 4	 10	Row	97	 2	137 	 649 	 6.49	1656233673.6444497 
39	0	 4	 22	Row	98	 9	162 	 2466 	 24.66	1656233673.6444497 
39	0	 4	 20	Col	97	 2	133 	 645 	 6.45	1656233673.6444497 
39	0	 4	 33	Col	98	 9	165 	 2469 	 24.69	1656233673.6444497 
39	0	 4	 13	Row	95	 7	131 	 1923 	 19.23	1656233673.6444497 
39	0	 4	 0	Col	95	 7	120 	 1912 	 19.12	1656233673.6444497 
39	0	 4	 16	Row	96	 5	62 	 1342 	 13.42	1656233673.6444497 
39	0	 4	 16	Col	96	 5	57 	 1337 	 13.37	1656233673.6444497 
39	0	 4	 7	Row	96	 0	244 	 244 	 2.44	1656233673.6444497 
39	0	 4	 27	Col	96	 0	244 	 244 	 2.44	1656233673.6444497 
39	0	 4	 13	Row	96	 2	142 	 654 	 6.54	1656233673.6444497 
39	0	 4	 0	Col	96	 2	132 	 644 	 6.44	1656233673.6444497 

40	0	 4	 28	Row	192	 11	111 	 2927 	 29.27	1656233675.4357224 
40	0	 4	 7	Col	192	 11	92 	 2908 	 29.08	1656233675.4357224 
40	0	 4	 29	Row	2	 13	87 	 3415 	 34.15	1656233675.4357224 
40	0	 4	 31	Col	2	 13	84 	 3412 	 34.12	1656233675.4357224 
40	0	 4	 9	Row	2	 5	184 	 1464 	 14.64	1656233675.4357224 
40	0	 4	 19	Row	0	 5	19 	 1299 	 12.99	1656233675.4357224 
40	0	 4	 28	Col	2	 5	189 	 1469 	 14.69	1656233675.4357224 
40	0	 4	 30	Col	0	 5	8 	 1288 	 12.88	1656233675.4357224 
40	0	 4	 16	Row	1	 8	86 	 2134 	 21.34	1656233675.4357224 
40	0	 4	 28	Col	1	 8	88 	 2136 	 21.36	1656233675.4357224 
40	0	 4	 19	Row	1	 3	138 	 906 	 9.06	1656233675.4357224 
40	0	 4	 23	Row	0	 10	188 	 2748 	 27.48	1656233675.4357224 
40	0	 4	 18	Col	0	 10	202 	 2762 	 27.62	1656233675.4357224 
40	0	 4	 30	Col	1	 3	127 	 895 	 8.95	1656233675.4357224 
40	0	 4	 13	Row	255	 4	86 	 1110 	 11.1	1656233675.4357224 
40	0	 4	 0	Col	255	 4	73 	 1097 	 10.97	1656233675.4357224 
40	0	 4	 32	Row	3	 7	179 	 1971 	 19.71	1656233675.4357224 
40	0	 4	 25	Col	3	 7	177 	 1969 	 19.69	1656233675.4357224 
40	0	 4	 21	Row	255	 14	251 	 3835 	 38.35	1656233675.4357224 
40	0	 4	 29	Col	255	 14	250 	 3834 	 38.34	1656233675.4357224 

41	0	 4	 5	Row	84	 4	93 	 1117 	 11.17	1656233678.2963724 
41	0	 4	 7	Row	81	 14	187 	 3771 	 37.71	1656233678.2963724 
41	0	 4	 24	Col	81	 14	182 	 3766 	 37.66	1656233678.2963724 
41	0	 4	 27	Col	84	 4	85 	 1109 	 11.09	1656233678.2963724 
41	0	 4	 19	Row	128	 5	44 	 1324 	 13.24	1656233678.2963724 
41	0	 4	 30	Col	128	 5	35 	 1315 	 13.15	1656233678.2963724 
41	0	 4	 12	Row	129	 4	5 	 1029 	 10.29	1656233678.2963724 
41	0	 4	 29	Col	129	 3	247 	 1015 	 10.15	1656233678.2963724 
41	0	 4	 13	Row	127	 9	162 	 2466 	 24.66	1656233678.2963724 
41	0	 4	 26	Row	127	 14	149 	 3733 	 37.33	1656233678.2963724 
41	0	 4	 0	Col	127	 9	152 	 2456 	 24.56	1656233678.2963724 
41	0	 4	 24	Col	127	 14	121 	 3705 	 37.05	1656233678.2963724 
41	0	 4	 32	Row	129	 5	195 	 1475 	 14.75	1656233678.2963724 
41	0	 4	 20	Col	129	 5	175 	 1455 	 14.55	1656233678.2963724 
41	0	 4	 21	Row	128	 5	243 	 1523 	 15.23	1656233678.2963724 
41	0	 4	 26	Row	132	 7	73 	 1865 	 18.65	1656233678.2963724 
41	0	 4	 10	Col	128	 5	242 	 1522 	 15.22	1656233678.2963724 
41	0	 4	 31	Col	132	 7	70 	 1862 	 18.62	1656233678.2963724 
41	0	 4	 21	Row	127	 11	100 	 2916 	 29.16	1656233678.2963724 
41	0	 4	 29	Col	127	 11	101 	 2917 	 29.17	1656233678.2963724 
41	0	 4	 14	Row	128	 8	93 	 2141 	 21.41	1656233678.2963724 
41	0	 4	 22	Row	127	 3	213 	 981 	 9.81	1656233678.2963724 
41	0	 4	 15	Col	127	 3	232 	 1000 	 10.0	1656233678.2963724 
41	0	 4	 24	Col	127	 8	112 	 2160 	 21.6	1656233678.2963724 
41	0	 4	 27	Row	128	 5	195 	 1475 	 14.75	1656233678.2963724 
41	0	 4	 0	Col	128	 5	198 	 1478 	 14.78	1656233678.2963724 
41	0	 4	 13	Row	128	 8	195 	 2243 	 22.43	1656233678.2963724 
41	0	 4	 25	Col	128	 8	190 	 2238 	 22.38	1656233678.2963724 

42	0	 4	 15	Row	105	 8	70 	 2118 	 21.18	1656233679.2288206 
42	0	 4	 17	Col	105	 8	58 	 2106 	 21.06	1656233679.2288206 
42	0	 4	 26	Row	161	 10	53 	 2613 	 26.13	1656233679.2288206 
42	0	 4	 31	Col	161	 10	46 	 2606 	 26.06	1656233679.2288206 
42	0	 4	 12	Row	159	 8	174 	 2222 	 22.22	1656233679.2288206 
42	0	 4	 21	Row	161	 4	21 	 1045 	 10.45	1656233679.2288206 
42	0	 4	 29	Col	159	 8	167 	 2215 	 22.15	1656233679.2288206 
42	0	 4	 12	Row	160	 7	157 	 1949 	 19.49	1656233679.2288206 
42	0	 4	 23	Row	160	 14	179 	 3763 	 37.63	1656233679.2288206 
42	0	 4	 32	Row	160	 11	178 	 2994 	 29.94	1656233679.2288206 
42	0	 4	 11	Col	160	 14	174 	 3758 	 37.58	1656233679.2288206 
42	0	 4	 25	Col	160	 11	176 	 2992 	 29.92	1656233679.2288206 
42	0	 4	 29	Col	160	 7	148 	 1940 	 19.4	1656233679.2288206 
42	0	 4	 29	Row	162	 4	218 	 1242 	 12.42	1656233679.2288206 
42	0	 4	 34	Col	161	 4	219 	 1243 	 12.43	1656233679.2288206 
42	0	 4	 9	Row	162	 3	91 	 859 	 8.59	1656233679.2288206 
42	0	 4	 28	Col	162	 3	100 	 868 	 8.68	1656233679.2288206 
42	0	 4	 23	Row	163	 4	197 	 1221 	 12.21	1656233679.2288206 
42	0	 4	 18	Col	163	 4	211 	 1235 	 12.35	1656233679.2288206 
42	0	 4	 13	Row	159	 3	43 	 811 	 8.11	1656233679.2288206 
42	0	 4	 0	Col	159	 3	31 	 799 	 7.99	1656233679.2288206 

43	0	 4	 2	Row	201	 7	223 	 2015 	 20.15	1656233679.977283 
43	0	 4	 1	Col	201	 7	172 	 1964 	 19.64	1656233679.977283 
43	0	 4	 2	Col	201	 7	209 	 2001 	 20.01	1656233679.977283 
43	0	 4	 26	Row	64	 12	139 	 3211 	 32.11	1656233679.977283 
43	0	 4	 31	Col	64	 12	133 	 3205 	 32.05	1656233679.977283 
43	0	 4	 26	Row	66	 1	153 	 409 	 4.09	1656233679.977283 
43	0	 4	 24	Col	66	 1	133 	 389 	 3.89	1656233679.977283 
43	0	 4	 17	Row	64	 7	24 	 1816 	 18.16	1656233679.977283 
43	0	 4	 20	Col	64	 7	30 	 1822 	 18.22	1656233679.977283 
43	0	 4	 12	Row	67	 0	128 	 128 	 1.28	1656233679.977283 
43	0	 4	 23	Row	65	 3	74 	 842 	 8.42	1656233679.977283 
43	0	 4	 26	Col	65	 3	98 	 866 	 8.66	1656233679.977283 
43	0	 4	 29	Col	67	 0	87 	 87 	 0.87	1656233679.977283 
43	0	 4	 6	Row	63	 5	183 	 1463 	 14.63	1656233679.977283 
43	0	 4	 30	Col	63	 5	139 	 1419 	 14.19	1656233679.977283 
43	0	 4	 28	Row	67	 3	167 	 935 	 9.35	1656233679.977283 
43	0	 4	 32	Col	67	 3	163 	 931 	 9.31	1656233679.977283 
43	0	 4	 3	Row	64	 12	175 	 3247 	 32.47	1656233679.977283 
43	0	 4	 24	Col	64	 12	146 	 3218 	 32.18	1656233679.977283 
43	0	 4	 0	Row	66	 1	1 	 257 	 2.57	1656233679.977283 
43	0	 4	 13	Col	65	 1	3 	 259 	 2.59	1656233679.977283 

44	0	 4	 28	Row	66	 3	196 	 964 	 9.64	1656233680.7363427 
44	0	 4	 61	Row	61	 4	1 	 1025 	 10.25	1656233680.7363427 
44	0	 4	 1	Row	63	 6	90 	 1626 	 16.26	1656233680.7363427 
44	0	 4	 15	Col	62	 6	95 	 1631 	 16.31	1656233680.7363427 
44	0	 4	 13	Row	128	 2	10 	 522 	 5.22	1656233680.7363427 
44	0	 4	 0	Col	128	 1	254 	 510 	 5.1	1656233680.7363427 
44	0	 4	 27	Row	128	 5	67 	 1347 	 13.47	1656233680.7363427 
44	0	 4	 0	Col	127	 5	67 	 1347 	 13.47	1656233680.7363427 
44	0	 4	 6	Row	128	 4	164 	 1188 	 11.88	1656233680.7363427 
44	0	 4	 18	Col	128	 4	153 	 1177 	 11.77	1656233680.7363427 
44	0	 4	 8	Row	130	 6	231 	 1767 	 17.67	1656233680.7363427 
44	0	 4	 28	Col	130	 6	207 	 1743 	 17.43	1656233680.7363427 
44	0	 4	 19	Row	128	 4	58 	 1082 	 10.82	1656233680.7363427 
44	0	 4	 21	Row	127	 14	206 	 3790 	 37.9	1656233680.7363427 
44	0	 4	 26	Row	133	 3	166 	 934 	 9.34	1656233680.7363427 
44	0	 4	 29	Col	127	 14	208 	 3792 	 37.92	1656233680.7363427 
44	0	 4	 30	Col	128	 4	52 	 1076 	 10.76	1656233680.7363427 
44	0	 4	 31	Col	133	 3	158 	 926 	 9.26	1656233680.7363427 
44	0	 4	 29	Row	128	 12	103 	 3175 	 31.75	1656233680.7363427 
44	0	 4	 33	Col	128	 12	96 	 3168 	 31.68	1656233680.7363427 
44	0	 4	 4	Row	129	 3	135 	 903 	 9.03	1656233680.7363427 
44	0	 4	 0	Col	129	 3	120 	 888 	 8.88	1656233680.7363427 
44	0	 4	 26	Row	129	 13	133 	 3461 	 34.61	1656233680.7363427 
44	0	 4	 31	Col	128	 13	117 	 3445 	 34.45	1656233680.7363427 
44	0	 4	 13	Row	128	 7	207 	 1999 	 19.99	1656233680.7363427 
44	0	 4	 25	Col	128	 7	202 	 1994 	 19.94	1656233680.7363427 

45	0	 4	 31	Row	48	 0	208 	 208 	 2.08	1656233681.482734 
45	0	 4	 30	Col	48	 0	221 	 221 	 2.21	1656233681.482734 
45	0	 4	 21	Row	224	 9	63 	 2367 	 23.67	1656233681.482734 
45	0	 4	 29	Col	224	 9	62 	 2366 	 23.66	1656233681.482734 
45	0	 4	 26	Row	223	 12	141 	 3213 	 32.13	1656233681.482734 
45	0	 4	 24	Col	223	 12	124 	 3196 	 31.96	1656233681.482734 
45	0	 4	 22	Row	230	 0	237 	 237 	 2.37	1656233681.482734 
45	0	 4	 29	Col	230	 0	161 	 161 	 1.61	1656233681.482734 
45	0	 [0;31;40m5[0m	 38	Col	0	 1	4 	 260 	 2.6	1656233681.482734 
45	[0;31;40m1[0m	 [0;31;40m6[0m	 0	Row	2	 15	4 	 3844 	 38.44	1656233681.482734 
45	0	 [0;31;40m1[0m	 31	Col	4	 6	4 	 1540 	 15.4	1656233681.482734 
45	[0;31;40m1[0m	 [0;31;40m6[0m	 33	Col	6	 6	4 	 1540 	 15.4	1656233681.482734 
45	[0;31;40m2[0m	 [0;31;40m7[0m	 31	Col	10	 14	4 	 3588 	 35.88	1656233681.482734 
45	[0;31;40m18[0m	 [0;31;40m2[0m	 31	Col	10	 13	4 	 3332 	 33.32	1656233681.482734 
45	[0;31;40m18[0m	 4	 31	Col	12	 12	4 	 3076 	 30.76	1656233681.482734 
45	[0;31;40m18[0m	 [0;31;40m7[0m	 32	Col	10	 12	4 	 3076 	 30.76	1656233681.482734 
45	[0;31;40m19[0m	 [0;31;40m0[0m	 32	Col	6	 10	4 	 2564 	 25.64	1656233681.482734 
45	[0;31;40m20[0m	 [0;31;40m2[0m	 34	Col	4	 3	61 	 829 	 8.29	1656233681.482734 

46	0	 4	 19	Row	35	 4	179 	 1203 	 12.03	1656233682.3862605 
46	0	 4	 1	Col	35	 4	151 	 1175 	 11.75	1656233682.3862605 
46	0	 4	 19	Row	33	 5	82 	 1362 	 13.62	1656233682.3862605 
46	0	 4	 25	Col	33	 5	90 	 1370 	 13.7	1656233682.3862605 
46	0	 4	 27	Col	33	 5	13 	 1293 	 12.93	1656233682.3862605 
46	0	 4	 27	Row	31	 13	59 	 3387 	 33.87	1656233682.3862605 
46	0	 4	 0	Col	31	 13	62 	 3390 	 33.9	1656233682.3862605 

47	0	 4	 26	Row	31	 10	174 	 2734 	 27.34	1656233683.3404653 
47	0	 4	 24	Col	61	 13	4 	 3332 	 33.32	1656233683.3404653 
47	0	 4	 7	Row	186	 6	25 	 1561 	 15.61	1656233683.3404653 
47	0	 4	 22	Col	185	 6	37 	 1573 	 15.73	1656233683.3404653 
47	0	 4	 29	Row	68	 3	42 	 810 	 8.1	1656233683.3404653 
47	0	 4	 34	Col	68	 3	38 	 806 	 8.06	1656233683.3404653 
47	0	 4	 27	Row	64	 4	156 	 1180 	 11.8	1656233683.3404653 
47	0	 4	 0	Col	64	 4	158 	 1182 	 11.82	1656233683.3404653 
47	0	 4	 32	Row	64	 7	11 	 1803 	 18.03	1656233683.3404653 
47	0	 4	 18	Col	64	 7	26 	 1818 	 18.18	1656233683.3404653 
47	0	 4	 12	Row	65	 4	57 	 1081 	 10.81	1656233683.3404653 
47	0	 4	 22	Row	65	 11	226 	 3042 	 30.42	1656233683.3404653 
47	0	 4	 18	Col	65	 11	228 	 3044 	 30.44	1656233683.3404653 
47	0	 4	 29	Col	65	 4	42 	 1066 	 10.66	1656233683.3404653 
47	0	 4	 29	Row	64	 10	150 	 2710 	 27.1	1656233683.3404653 
47	0	 4	 30	Col	64	 10	155 	 2715 	 27.15	1656233683.3404653 

48	0	 4	 18	Row	12	 10	220 	 2780 	 27.8	1656233685.339453 
48	0	 4	 18	Col	12	 10	215 	 2775 	 27.75	1656233685.339453 
48	0	 4	 21	Row	96	 9	130 	 2434 	 24.34	1656233685.339453 
48	0	 4	 29	Col	96	 9	128 	 2432 	 24.32	1656233685.339453 
48	0	 4	 13	Row	95	 5	215 	 1495 	 14.95	1656233685.339453 
48	0	 4	 0	Col	95	 5	198 	 1478 	 14.78	1656233685.339453 
48	0	 4	 19	Row	96	 12	216 	 3288 	 32.88	1656233685.339453 
48	0	 4	 32	Col	96	 12	212 	 3284 	 32.84	1656233685.339453 

49	0	 4	 20	Row	32	 13	130 	 3458 	 34.58	1656233691.082637 
49	0	 4	 25	Col	31	 13	122 	 3450 	 34.5	1656233691.082637 
49	0	 4	 0	Row	63	 9	16 	 2320 	 23.2	1656233691.082637 
49	0	 4	 13	Col	63	 9	18 	 2322 	 23.22	1656233691.082637 
49	0	 4	 12	Row	64	 6	169 	 1705 	 17.05	1656233691.082637 
49	0	 4	 29	Col	64	 6	162 	 1698 	 16.98	1656233691.082637 
49	0	 4	 29	Row	66	 4	199 	 1223 	 12.23	1656233691.082637 
49	0	 4	 30	Col	66	 4	206 	 1230 	 12.3	1656233691.082637 
49	0	 4	 13	Row	64	 2	225 	 737 	 7.37	1656233691.082637 
49	0	 4	 0	Col	64	 2	212 	 724 	 7.24	1656233691.082637 
49	0	 4	 27	Row	64	 5	168 	 1448 	 14.48	1656233691.082637 
49	0	 4	 27	Col	64	 5	172 	 1452 	 14.52	1656233691.082637 

50	0	 4	 20	Row	211	 13	52 	 3380 	 33.8	1656233693.9059656 
50	0	 4	 16	Col	211	 13	56 	 3384 	 33.84	1656233693.9059656 
50	0	 4	 17	Col	211	 10	80 	 2640 	 26.4	1656233693.9059656 
50	0	 4	 29	Row	230	 2	48 	 560 	 5.6	1656233693.9059656 
50	0	 4	 2	Col	230	 2	46 	 558 	 5.58	1656233693.9059656 
50	0	 4	 19	Row	225	 4	186 	 1210 	 12.1	1656233693.9059656 
50	0	 4	 25	Col	225	 4	192 	 1216 	 12.16	1656233693.9059656 
50	0	 4	 15	Row	227	 5	226 	 1506 	 15.06	1656233693.9059656 
50	0	 4	 24	Col	227	 6	3 	 1539 	 15.39	1656233693.9059656 
50	0	 4	 27	Row	224	 3	232 	 1000 	 10.0	1656233693.9059656 
50	0	 4	 0	Col	224	 3	232 	 1000 	 10.0	1656233693.9059656 

51	0	 4	 3	Row	148	 8	227 	 2275 	 22.75	1656233694.6369224 
51	0	 4	 5	Row	148	 11	93 	 2909 	 29.09	1656233694.6369224 
51	0	 4	 21	Row	2	 2	192 	 704 	 7.04	1656233694.6369224 
51	0	 4	 16	Col	148	 8	219 	 2267 	 22.67	1656233694.6369224 
51	0	 4	 23	Col	148	 11	91 	 2907 	 29.07	1656233694.6369224 
51	0	 4	 29	Col	2	 2	193 	 705 	 7.05	1656233694.6369224 
51	0	 4	 7	Row	6	 7	202 	 1994 	 19.94	1656233694.6369224 
51	0	 4	 9	Row	0	 5	176 	 1456 	 14.56	1656233694.6369224 
51	0	 4	 21	Row	5	 3	12 	 780 	 7.8	1656233694.6369224 
51	0	 4	 26	Row	2	 5	115 	 1395 	 13.95	1656233694.6369224 
51	0	 4	 12	Col	0	 5	163 	 1443 	 14.43	1656233694.6369224 
51	0	 4	 24	Col	2	 5	91 	 1371 	 13.71	1656233694.6369224 
51	0	 4	 27	Col	6	 7	206 	 1998 	 19.98	1656233694.6369224 
51	0	 4	 21	Row	255	 12	110 	 3182 	 31.82	1656233694.6369224 
51	0	 4	 29	Col	255	 15	123 	 3963 	 39.63	1656233694.6369224 
51	0	 4	 2	Row	2	 5	149 	 1429 	 14.29	1656233694.6369224 
51	0	 4	 13	Row	255	 3	22 	 790 	 7.9	1656233694.6369224 
51	0	 4	 27	Row	0	 4	145 	 1169 	 11.69	1656233694.6369224 
51	0	 4	 0	Col	255	 3	12 	 780 	 7.8	1656233694.6369224 
51	0	 4	 19	Col	0	 4	127 	 1151 	 11.51	1656233694.6369224 
51	0	 4	 20	Col	2	 5	136 	 1416 	 14.16	1656233694.6369224 
51	0	 4	 0	Row	3	 3	167 	 935 	 9.35	1656233694.6369224 
51	0	 4	 20	Col	3	 3	181 	 949 	 9.49	1656233694.6369224 
51	0	 4	 11	Row	0	 15	148 	 3988 	 39.88	1656233694.6369224 
51	0	 4	 12	Row	0	 12	33 	 3105 	 31.05	1656233694.6369224 
51	0	 4	 18	Col	0	 15	120 	 3960 	 39.6	1656233694.6369224 
51	0	 4	 26	Row	1	 7	40 	 1832 	 18.32	1656233694.6369224 
51	0	 4	 29	Col	0	 12	24 	 3096 	 30.96	1656233694.6369224 
51	0	 4	 31	Col	1	 7	38 	 1830 	 18.3	1656233694.6369224 
51	0	 4	 26	Row	2	 5	65 	 1345 	 13.45	1656233694.6369224 
51	0	 4	 31	Col	2	 5	58 	 1338 	 13.38	1656233694.6369224 

52	0	 4	 18	Row	246	 12	104 	 3176 	 31.76	1656233700.6930945 
52	0	 4	 3	Col	246	 12	106 	 3178 	 31.78	1656233700.6930945 
52	0	 4	 6	Row	68	 4	59 	 1083 	 10.83	1656233700.6930945 
52	0	 4	 29	Row	64	 13	66 	 3394 	 33.94	1656233700.6930945 
52	0	 4	 25	Col	67	 4	62 	 1086 	 10.86	1656233700.6930945 
52	0	 4	 8	Row	66	 3	73 	 841 	 8.41	1656233700.6930945 
52	0	 4	 16	Row	65	 10	232 	 2792 	 27.92	1656233700.6930945 
52	0	 4	 20	Col	66	 3	50 	 818 	 8.18	1656233700.6930945 
52	0	 4	 33	Col	64	 13	60 	 3388 	 33.88	1656233700.6930945 
52	0	 4	 34	Col	65	 10	234 	 2794 	 27.94	1656233700.6930945 
52	0	 4	 12	Row	63	 11	98 	 2914 	 29.14	1656233700.6930945 
52	0	 4	 32	Row	64	 8	67 	 2115 	 21.15	1656233700.6930945 
52	0	 4	 20	Col	64	 8	44 	 2092 	 20.92	1656233700.6930945 
52	0	 4	 29	Col	63	 11	89 	 2905 	 29.05	1656233700.6930945 
52	0	 4	 8	Row	66	 5	113 	 1393 	 13.93	1656233700.6930945 
52	0	 4	 12	Row	64	 8	223 	 2271 	 22.71	1656233700.6930945 
52	0	 4	 16	Row	65	 3	186 	 954 	 9.54	1656233700.6930945 
52	0	 4	 23	Row	66	 2	20 	 532 	 5.32	1656233700.6930945 
52	0	 4	 24	Row	64	 7	37 	 1829 	 18.29	1656233700.6930945 
52	0	 4	 26	Row	63	 7	166 	 1958 	 19.58	1656233700.6930945 
52	0	 4	 15	Col	65	 3	198 	 966 	 9.66	1656233700.6930945 
52	0	 4	 16	Col	64	 7	17 	 1809 	 18.09	1656233700.6930945 
52	0	 4	 24	Col	63	 7	144 	 1936 	 19.36	1656233700.6930945 
52	0	 4	 26	Col	66	 2	38 	 550 	 5.5	1656233700.6930945 
52	0	 4	 29	Col	63	 8	212 	 2260 	 22.6	1656233700.6930945 
52	0	 4	 30	Col	66	 5	117 	 1397 	 13.97	1656233700.6930945 
52	0	 4	 26	Row	65	 7	231 	 2023 	 20.23	1656233700.6930945 
52	0	 4	 31	Col	65	 7	217 	 2009 	 20.09	1656233700.6930945 
52	0	 4	 23	Row	64	 11	52 	 2868 	 28.68	1656233700.6930945 
52	0	 4	 18	Col	63	 11	66 	 2882 	 28.82	1656233700.6930945 

53	0	 4	 17	Row	185	 1	170 	 426 	 4.26	1656233705.1492293 
53	0	 4	 21	Col	185	 1	159 	 415 	 4.15	1656233705.1492293 
53	0	 4	 3	Row	224	 7	241 	 2033 	 20.33	1656233705.1492293 
53	0	 4	 24	Col	225	 7	205 	 1997 	 19.97	1656233705.1492293 
53	0	 4	 23	Row	225	 7	191 	 1983 	 19.83	1656233705.1492293 
53	0	 4	 26	Row	225	 10	25 	 2585 	 25.85	1656233705.1492293 
53	0	 4	 27	Row	225	 5	16 	 1296 	 12.96	1656233705.1492293 
53	0	 4	 18	Col	225	 7	206 	 1998 	 19.98	1656233705.1492293 
53	0	 4	 27	Col	225	 5	23 	 1303 	 13.03	1656233705.1492293 
53	0	 4	 31	Col	225	 10	21 	 2581 	 25.81	1656233705.1492293 
53	0	 4	 12	Row	225	 3	75 	 843 	 8.43	1656233705.1492293 
53	0	 4	 9	Col	225	 3	70 	 838 	 8.38	1656233705.1492293 
53	0	 4	 8	Row	229	 4	121 	 1145 	 11.45	1656233705.1492293 
53	0	 4	 30	Col	229	 4	123 	 1147 	 11.47	1656233705.1492293 
53	0	 4	 7	Row	223	 10	42 	 2602 	 26.02	1656233705.1492293 
53	0	 4	 21	Col	223	 10	43 	 2603 	 26.03	1656233705.1492293 
53	0	 4	 26	Row	223	 8	50 	 2098 	 20.98	1656233705.1492293 
53	0	 4	 24	Col	223	 8	27 	 2075 	 20.75	1656233705.1492293 

54	0	 4	 30	Row	20	 11	198 	 3014 	 30.14	1656233706.0113137 
54	0	 4	 5	Col	20	 11	183 	 2999 	 29.99	1656233706.0113137 
54	0	 4	 13	Row	128	 6	102 	 1638 	 16.38	1656233706.0113137 
54	0	 4	 0	Col	127	 6	88 	 1624 	 16.24	1656233706.0113137 
54	0	 4	 12	Row	128	 8	157 	 2205 	 22.05	1656233706.0113137 
54	0	 4	 29	Col	128	 8	141 	 2189 	 21.89	1656233706.0113137 
54	0	 4	 13	Row	128	 7	168 	 1960 	 19.6	1656233706.0113137 
54	0	 4	 11	Col	128	 5	163 	 1443 	 14.43	1656233706.0113137 
54	0	 4	 25	Col	128	 7	163 	 1955 	 19.55	1656233706.0113137 
54	0	 4	 22	Row	128	 9	65 	 2369 	 23.69	1656233706.0113137 
54	0	 4	 29	Row	128	 9	253 	 2557 	 25.57	1656233706.0113137 
54	0	 4	 29	Col	127	 9	48 	 2352 	 23.52	1656233706.0113137 
54	0	 4	 34	Col	128	 9	254 	 2558 	 25.58	1656233706.0113137 
54	0	 4	 12	Row	127	 10	237 	 2797 	 27.97	1656233706.0113137 
54	0	 4	 29	Col	127	 10	230 	 2790 	 27.9	1656233706.0113137 
54	0	 4	 12	Row	128	 5	166 	 1446 	 14.46	1656233706.0113137 
54	0	 4	 29	Col	128	 5	155 	 1435 	 14.35	1656233706.0113137 
54	0	 4	 26	Row	129	 7	36 	 1828 	 18.28	1656233706.0113137 
54	0	 4	 31	Col	129	 7	33 	 1825 	 18.25	1656233706.0113137 

