Col	Row	Count	Time
21	0	15	beam_20220621-181524
21	1	15	beam_20220621-181529
21	2	15	beam_20220621-181533
21	3	15	beam_20220621-181538
21	4	15	beam_20220621-181543
21	5	15	beam_20220621-181548
21	6	15	beam_20220621-181553
21	7	15	beam_20220621-181557
21	8	15	beam_20220621-181602
21	9	15	beam_20220621-181607
21	10	15	beam_20220621-181612
21	11	15	beam_20220621-181616
21	12	15	beam_20220621-181621
21	13	15	beam_20220621-181626
21	14	15	beam_20220621-181631
21	15	15	beam_20220621-181636
21	16	15	beam_20220621-181640
21	17	15	beam_20220621-181645
21	18	0	beam_20220621-181650
21	19	15	beam_20220621-181653
21	20	15	beam_20220621-181658
21	21	15	beam_20220621-181703
21	22	15	beam_20220621-181707
21	23	15	beam_20220621-181712
21	24	15	beam_20220621-181717
21	25	15	beam_20220621-181722
21	26	15	beam_20220621-181727
21	27	15	beam_20220621-181731
21	28	15	beam_20220621-181736
21	29	15	beam_20220621-181741
21	30	15	beam_20220621-181746
21	31	15	beam_20220621-181750
21	32	15	beam_20220621-181755
21	33	15	beam_20220621-181800
21	34	15	beam_20220621-181805
