Col	Row	Count	Time
4	0	15	beam_20220621-172919
4	2	0	beam_20220621-172924
4	3	15	beam_20220621-172927
4	4	15	beam_20220621-172932
4	5	15	beam_20220621-172937
4	6	15	beam_20220621-172941
4	7	15	beam_20220621-172946
4	8	15	beam_20220621-172951
4	9	15	beam_20220621-172956
4	10	15	beam_20220621-173000
4	11	15	beam_20220621-173005
4	12	15	beam_20220621-173010
4	13	15	beam_20220621-173015
4	14	15	beam_20220621-173020
4	15	15	beam_20220621-173024
4	16	15	beam_20220621-173029
4	17	15	beam_20220621-173034
4	18	15	beam_20220621-173039
4	19	15	beam_20220621-173043
4	20	15	beam_20220621-173048
4	21	15	beam_20220621-173053
4	22	15	beam_20220621-173058
4	23	15	beam_20220621-173103
4	24	15	beam_20220621-173107
4	25	15	beam_20220621-173112
4	26	15	beam_20220621-173117
4	27	15	beam_20220621-173122
4	28	15	beam_20220621-173127
4	29	15	beam_20220621-173131
4	30	15	beam_20220621-173136
4	31	15	beam_20220621-173141
4	32	15	beam_20220621-173146
4	33	15	beam_20220621-173150
4	34	15	beam_20220621-173155
