Col	Row	Count	Time
26	0	15	beam_20220621-182856
26	1	15	beam_20220621-182901
26	2	15	beam_20220621-182906
26	3	15	beam_20220621-182911
26	4	15	beam_20220621-182916
26	5	15	beam_20220621-182920
26	6	15	beam_20220621-182925
26	7	15	beam_20220621-182930
26	8	15	beam_20220621-182935
26	9	15	beam_20220621-182940
26	10	15	beam_20220621-182944
26	11	15	beam_20220621-182949
26	12	15	beam_20220621-182954
26	13	15	beam_20220621-182959
26	14	15	beam_20220621-183004
26	15	15	beam_20220621-183008
26	16	15	beam_20220621-183013
26	17	15	beam_20220621-183018
26	18	15	beam_20220621-183023
26	19	15	beam_20220621-183028
26	20	15	beam_20220621-183032
26	21	15	beam_20220621-183037
26	22	15	beam_20220621-183042
26	23	15	beam_20220621-183047
26	24	15	beam_20220621-183051
26	25	15	beam_20220621-183056
26	26	15	beam_20220621-183101
26	27	15	beam_20220621-183106
26	28	15	beam_20220621-183111
26	29	15	beam_20220621-183115
26	30	15	beam_20220621-183120
26	31	15	beam_20220621-183125
26	32	15	beam_20220621-183130
26	33	15	beam_20220621-183135
26	34	15	beam_20220621-183139
