Col	Row	Count	Time
3	0	15	beam_20220621-172631
3	1	15	beam_20220621-172636
3	2	15	beam_20220621-172641
3	3	15	beam_20220621-172646
3	4	15	beam_20220621-172651
3	5	15	beam_20220621-172655
3	6	15	beam_20220621-172700
3	7	15	beam_20220621-172705
3	8	15	beam_20220621-172710
3	9	15	beam_20220621-172715
3	10	15	beam_20220621-172719
3	11	15	beam_20220621-172724
3	12	15	beam_20220621-172729
3	13	15	beam_20220621-172734
3	14	15	beam_20220621-172738
3	15	15	beam_20220621-172743
3	16	15	beam_20220621-172748
3	17	15	beam_20220621-172753
3	18	15	beam_20220621-172758
3	19	15	beam_20220621-172802
3	20	15	beam_20220621-172807
3	21	15	beam_20220621-172812
3	22	15	beam_20220621-172817
3	23	15	beam_20220621-172822
3	24	15	beam_20220621-172826
3	25	15	beam_20220621-172831
3	26	15	beam_20220621-172836
3	27	15	beam_20220621-172841
3	28	15	beam_20220621-172845
3	29	15	beam_20220621-172850
3	30	15	beam_20220621-172855
3	31	15	beam_20220621-172900
3	32	15	beam_20220621-172905
3	33	15	beam_20220621-172909
3	34	15	beam_20220621-172914
