Col	Row	Count	Time
7	0	15	beam_20220621-173719
7	1	15	beam_20220621-173724
7	2	15	beam_20220621-173729
7	3	15	beam_20220621-173733
7	4	15	beam_20220621-173738
7	5	15	beam_20220621-173743
7	6	15	beam_20220621-173748
7	7	15	beam_20220621-173753
7	8	15	beam_20220621-173757
7	9	15	beam_20220621-173802
7	10	15	beam_20220621-173807
7	11	15	beam_20220621-173812
7	12	15	beam_20220621-173816
7	13	15	beam_20220621-173821
7	14	15	beam_20220621-173826
7	15	15	beam_20220621-173831
7	16	15	beam_20220621-173836
7	17	15	beam_20220621-173840
7	18	15	beam_20220621-173845
7	19	15	beam_20220621-173850
7	20	15	beam_20220621-173855
7	21	15	beam_20220621-173900
7	22	15	beam_20220621-173904
7	23	15	beam_20220621-173909
7	24	15	beam_20220621-173914
7	25	15	beam_20220621-173919
7	26	15	beam_20220621-173924
7	27	15	beam_20220621-173928
7	28	0	beam_20220621-173933
7	29	15	beam_20220621-173936
7	30	0	beam_20220621-173941
7	31	15	beam_20220621-173944
7	32	15	beam_20220621-173949
7	33	0	beam_20220621-173954
7	34	15	beam_20220621-173957
