Col	Row	Count	Time
10	0	15	beam_20220621-174532
10	1	0	beam_20220621-174537
10	2	15	beam_20220621-174540
10	3	15	beam_20220621-174545
10	4	15	beam_20220621-174549
10	5	15	beam_20220621-174554
10	6	15	beam_20220621-174559
10	7	15	beam_20220621-174604
10	8	15	beam_20220621-174609
10	9	15	beam_20220621-174613
10	10	15	beam_20220621-174618
10	11	15	beam_20220621-174623
10	12	15	beam_20220621-174628
10	13	15	beam_20220621-174633
10	16	15	beam_20220621-174637
10	17	15	beam_20220621-174642
10	18	15	beam_20220621-174647
10	19	15	beam_20220621-174652
10	20	15	beam_20220621-174657
10	21	15	beam_20220621-174701
10	22	15	beam_20220621-174706
10	23	15	beam_20220621-174711
10	24	0	beam_20220621-174716
10	25	15	beam_20220621-174719
10	26	15	beam_20220621-174724
10	27	15	beam_20220621-174728
10	28	15	beam_20220621-174733
10	29	15	beam_20220621-174738
10	30	15	beam_20220621-174743
10	31	15	beam_20220621-174747
10	32	15	beam_20220621-174752
10	33	15	beam_20220621-174757
10	34	15	beam_20220621-174802
