Col	Row	Count	Time
27	0	15	beam_20220621-183144
27	1	15	beam_20220621-183149
27	2	15	beam_20220621-183154
27	3	15	beam_20220621-183159
27	4	15	beam_20220621-183203
27	5	15	beam_20220621-183208
27	6	15	beam_20220621-183213
27	7	15	beam_20220621-183218
27	8	15	beam_20220621-183222
27	9	15	beam_20220621-183227
27	10	15	beam_20220621-183232
27	12	15	beam_20220621-183237
27	13	15	beam_20220621-183242
27	14	15	beam_20220621-183247
27	15	15	beam_20220621-183251
27	16	15	beam_20220621-183256
27	17	15	beam_20220621-183301
27	18	15	beam_20220621-183306
27	19	15	beam_20220621-183310
27	20	15	beam_20220621-183315
27	21	15	beam_20220621-183320
27	22	15	beam_20220621-183325
27	23	15	beam_20220621-183330
27	24	15	beam_20220621-183334
27	25	15	beam_20220621-183339
27	26	15	beam_20220621-183344
27	27	15	beam_20220621-183349
27	28	15	beam_20220621-183354
27	29	15	beam_20220621-183358
27	30	15	beam_20220621-183403
27	31	15	beam_20220621-183408
27	32	15	beam_20220621-183413
27	33	15	beam_20220621-183417
27	34	15	beam_20220621-183422
