Col	Row	Count	Time
30	0	15	beam_20220621-183954
30	1	15	beam_20220621-183959
30	2	15	beam_20220621-184004
30	3	15	beam_20220621-184009
30	4	15	beam_20220621-184013
30	5	15	beam_20220621-184018
30	6	15	beam_20220621-184023
30	7	15	beam_20220621-184028
30	8	15	beam_20220621-184033
30	9	15	beam_20220621-184037
30	10	15	beam_20220621-184042
30	11	15	beam_20220621-184047
30	12	15	beam_20220621-184052
30	13	15	beam_20220621-184057
30	14	15	beam_20220621-184101
30	15	15	beam_20220621-184106
30	16	15	beam_20220621-184111
30	17	15	beam_20220621-184116
30	18	15	beam_20220621-184120
30	19	15	beam_20220621-184125
30	20	15	beam_20220621-184130
30	21	15	beam_20220621-184135
30	22	15	beam_20220621-184140
30	23	15	beam_20220621-184144
30	24	15	beam_20220621-184149
30	25	15	beam_20220621-184154
30	26	15	beam_20220621-184159
30	27	15	beam_20220621-184204
30	28	15	beam_20220621-184208
30	29	15	beam_20220621-184213
30	30	15	beam_20220621-184218
30	31	15	beam_20220621-184223
30	32	15	beam_20220621-184228
30	33	15	beam_20220621-184232
30	34	15	beam_20220621-184237
