Col	Row	Count	Time
24	0	15	beam_20220621-182331
24	1	15	beam_20220621-182335
24	2	15	beam_20220621-182340
24	3	15	beam_20220621-182345
24	4	15	beam_20220621-182350
24	5	15	beam_20220621-182355
24	6	15	beam_20220621-182359
24	7	15	beam_20220621-182404
24	8	15	beam_20220621-182409
24	9	15	beam_20220621-182414
24	10	15	beam_20220621-182419
24	11	15	beam_20220621-182423
24	12	15	beam_20220621-182428
24	13	15	beam_20220621-182433
24	14	15	beam_20220621-182438
24	15	15	beam_20220621-182443
24	16	15	beam_20220621-182447
24	17	15	beam_20220621-182452
24	18	15	beam_20220621-182457
24	19	15	beam_20220621-182502
24	20	15	beam_20220621-182506
24	21	15	beam_20220621-182511
24	22	15	beam_20220621-182516
24	23	15	beam_20220621-182521
24	24	15	beam_20220621-182526
24	25	15	beam_20220621-182530
24	26	15	beam_20220621-182535
24	27	15	beam_20220621-182540
24	28	0	beam_20220621-182545
24	29	15	beam_20220621-182548
24	30	15	beam_20220621-182553
24	31	15	beam_20220621-182558
24	32	15	beam_20220621-182602
24	33	15	beam_20220621-182607
24	34	15	beam_20220621-182612
