Col	Row	Count	Time
8	0	15	beam_20220621-174002
8	1	15	beam_20220621-174006
8	2	15	beam_20220621-174011
8	3	15	beam_20220621-174016
8	4	15	beam_20220621-174021
8	5	15	beam_20220621-174026
8	6	15	beam_20220621-174030
8	7	15	beam_20220621-174035
8	8	15	beam_20220621-174040
8	9	0	beam_20220621-174045
8	10	15	beam_20220621-174048
8	11	15	beam_20220621-174053
8	12	15	beam_20220621-174058
8	13	15	beam_20220621-174102
8	14	15	beam_20220621-174107
8	15	0	beam_20220621-174112
8	16	15	beam_20220621-174115
8	17	15	beam_20220621-174120
8	18	15	beam_20220621-174125
8	19	15	beam_20220621-174129
8	20	15	beam_20220621-174134
8	21	15	beam_20220621-174139
8	22	15	beam_20220621-174144
8	23	15	beam_20220621-174148
8	24	15	beam_20220621-174153
8	25	15	beam_20220621-174158
8	26	15	beam_20220621-174203
8	27	15	beam_20220621-174208
8	28	15	beam_20220621-174212
8	29	15	beam_20220621-174217
8	30	15	beam_20220621-174222
8	31	15	beam_20220621-174227
8	32	0	beam_20220621-174232
8	33	15	beam_20220621-174235
8	34	15	beam_20220621-174239
