Col	Row	Count	Time
16	0	15	beam_20220621-180143
16	1	15	beam_20220621-180148
16	2	15	beam_20220621-180153
16	3	0	beam_20220621-180158
16	4	15	beam_20220621-180201
16	5	15	beam_20220621-180206
16	6	0	beam_20220621-180211
16	7	15	beam_20220621-180214
16	8	15	beam_20220621-180219
16	9	15	beam_20220621-180223
16	10	15	beam_20220621-180228
16	11	0	beam_20220621-180233
16	12	15	beam_20220621-180236
16	13	15	beam_20220621-180241
16	14	15	beam_20220621-180246
16	15	15	beam_20220621-180251
16	16	15	beam_20220621-180255
16	17	15	beam_20220621-180300
16	18	0	beam_20220621-180305
16	19	15	beam_20220621-180308
16	20	15	beam_20220621-180313
16	21	15	beam_20220621-180318
16	22	15	beam_20220621-180323
16	23	15	beam_20220621-180327
16	24	15	beam_20220621-180332
16	25	15	beam_20220621-180337
16	26	15	beam_20220621-180342
16	27	15	beam_20220621-180347
16	28	15	beam_20220621-180351
16	29	15	beam_20220621-180356
16	30	15	beam_20220621-180401
16	31	15	beam_20220621-180406
16	32	15	beam_20220621-180410
16	33	15	beam_20220621-180415
16	34	15	beam_20220621-180420
