Col	Row	Count	Time
14	0	15	beam_20220621-175618
14	1	15	beam_20220621-175623
14	2	15	beam_20220621-175628
14	3	15	beam_20220621-175632
14	4	15	beam_20220621-175637
14	5	15	beam_20220621-175642
14	6	15	beam_20220621-175647
14	7	15	beam_20220621-175651
14	8	0	beam_20220621-175656
14	9	15	beam_20220621-175659
14	10	15	beam_20220621-175704
14	11	15	beam_20220621-175709
14	12	15	beam_20220621-175714
14	13	0	beam_20220621-175719
14	14	0	beam_20220621-175722
14	15	15	beam_20220621-175725
14	16	15	beam_20220621-175730
14	17	0	beam_20220621-175734
14	18	15	beam_20220621-175738
14	19	15	beam_20220621-175742
14	20	15	beam_20220621-175747
14	21	15	beam_20220621-175752
14	22	15	beam_20220621-175757
14	23	15	beam_20220621-175802
14	24	15	beam_20220621-175806
14	25	15	beam_20220621-175811
14	26	15	beam_20220621-175816
14	27	15	beam_20220621-175821
14	28	15	beam_20220621-175826
14	29	15	beam_20220621-175830
14	30	15	beam_20220621-175835
14	31	15	beam_20220621-175840
14	32	15	beam_20220621-175845
14	33	15	beam_20220621-175849
14	34	15	beam_20220621-175854
