Col	Row	Count	Time
32	0	15	beam_20220621-184530
32	1	15	beam_20220621-184534
32	2	15	beam_20220621-184539
32	3	15	beam_20220621-184544
32	4	15	beam_20220621-184549
32	5	15	beam_20220621-184554
32	6	15	beam_20220621-184558
32	7	15	beam_20220621-184603
32	8	15	beam_20220621-184608
32	9	15	beam_20220621-184613
32	10	15	beam_20220621-184617
32	11	15	beam_20220621-184622
32	12	15	beam_20220621-184627
32	13	15	beam_20220621-184632
32	14	15	beam_20220621-184637
32	15	15	beam_20220621-184641
32	16	15	beam_20220621-184646
32	17	15	beam_20220621-184651
32	18	15	beam_20220621-184656
32	19	15	beam_20220621-184701
32	20	15	beam_20220621-184705
32	21	15	beam_20220621-184710
32	22	15	beam_20220621-184715
32	23	15	beam_20220621-184720
32	24	15	beam_20220621-184725
32	25	15	beam_20220621-184729
32	26	15	beam_20220621-184734
32	27	15	beam_20220621-184739
32	28	15	beam_20220621-184744
32	29	15	beam_20220621-184749
32	30	15	beam_20220621-184753
32	31	15	beam_20220621-184758
32	32	15	beam_20220621-184803
32	33	15	beam_20220621-184808
32	34	15	beam_20220621-184813
