Col	Row	Count	Time
25	0	15	beam_20220621-182617
25	1	15	beam_20220621-182621
25	2	15	beam_20220621-182626
25	3	15	beam_20220621-182631
25	4	15	beam_20220621-182636
25	5	15	beam_20220621-182641
25	6	15	beam_20220621-182645
25	7	15	beam_20220621-182650
25	8	15	beam_20220621-182655
25	9	15	beam_20220621-182700
25	10	15	beam_20220621-182705
25	11	15	beam_20220621-182709
25	12	15	beam_20220621-182714
25	13	15	beam_20220621-182719
25	14	15	beam_20220621-182724
25	15	15	beam_20220621-182729
25	16	15	beam_20220621-182733
25	17	15	beam_20220621-182738
25	18	15	beam_20220621-182743
25	19	15	beam_20220621-182748
25	20	0	beam_20220621-182753
25	21	15	beam_20220621-182756
25	22	15	beam_20220621-182800
25	23	15	beam_20220621-182805
25	25	15	beam_20220621-182810
25	26	15	beam_20220621-182815
25	27	15	beam_20220621-182820
25	28	15	beam_20220621-182825
25	29	0	beam_20220621-182829
25	30	15	beam_20220621-182832
25	31	15	beam_20220621-182837
25	32	15	beam_20220621-182842
25	33	15	beam_20220621-182847
25	34	15	beam_20220621-182852
