Col	Row	Count	Time
18	0	15	beam_20220621-180713
18	1	15	beam_20220621-180717
18	2	15	beam_20220621-180722
18	3	15	beam_20220621-180727
18	4	15	beam_20220621-180732
18	5	15	beam_20220621-180737
18	6	15	beam_20220621-180741
18	7	15	beam_20220621-180746
18	8	15	beam_20220621-180751
18	9	15	beam_20220621-180756
18	10	15	beam_20220621-180800
18	11	15	beam_20220621-180805
18	12	15	beam_20220621-180810
18	13	15	beam_20220621-180815
18	14	15	beam_20220621-180820
18	15	15	beam_20220621-180824
18	16	15	beam_20220621-180829
18	17	15	beam_20220621-180834
18	18	15	beam_20220621-180839
18	19	15	beam_20220621-180844
18	20	15	beam_20220621-180848
18	21	15	beam_20220621-180853
18	22	15	beam_20220621-180858
18	23	15	beam_20220621-180903
18	24	15	beam_20220621-180908
18	25	15	beam_20220621-180912
18	26	15	beam_20220621-180917
18	27	15	beam_20220621-180922
18	28	15	beam_20220621-180927
18	29	15	beam_20220621-180931
18	30	15	beam_20220621-180936
18	31	15	beam_20220621-180941
18	32	15	beam_20220621-180946
18	33	15	beam_20220621-180950
18	34	15	beam_20220621-180955
