Col	Row	Count	Time
13	0	15	beam_20220621-175330
13	1	15	beam_20220621-175335
13	2	15	beam_20220621-175340
13	3	15	beam_20220621-175345
13	4	15	beam_20220621-175349
13	5	15	beam_20220621-175354
13	6	15	beam_20220621-175359
13	7	15	beam_20220621-175404
13	8	15	beam_20220621-175409
13	9	15	beam_20220621-175413
13	10	15	beam_20220621-175418
13	11	15	beam_20220621-175423
13	12	15	beam_20220621-175428
13	13	15	beam_20220621-175433
13	14	15	beam_20220621-175437
13	15	15	beam_20220621-175442
13	16	15	beam_20220621-175447
13	17	15	beam_20220621-175452
13	18	15	beam_20220621-175457
13	19	15	beam_20220621-175501
13	20	15	beam_20220621-175506
13	21	15	beam_20220621-175511
13	22	15	beam_20220621-175516
13	23	15	beam_20220621-175520
13	24	15	beam_20220621-175525
13	25	15	beam_20220621-175530
13	26	15	beam_20220621-175535
13	27	15	beam_20220621-175540
13	28	15	beam_20220621-175544
13	29	15	beam_20220621-175549
13	30	15	beam_20220621-175554
13	31	15	beam_20220621-175559
13	32	15	beam_20220621-175604
13	33	15	beam_20220621-175608
13	34	15	beam_20220621-175613
