Col	Row	Count	Time
5	0	15	beam_20220621-173200
5	1	15	beam_20220621-173205
5	2	15	beam_20220621-173210
5	3	15	beam_20220621-173214
5	4	15	beam_20220621-173219
5	5	15	beam_20220621-173224
5	6	15	beam_20220621-173229
5	7	15	beam_20220621-173233
5	8	15	beam_20220621-173238
5	9	0	beam_20220621-173243
5	10	0	beam_20220621-173246
5	11	15	beam_20220621-173249
5	12	15	beam_20220621-173254
5	13	15	beam_20220621-173259
5	14	15	beam_20220621-173304
5	15	15	beam_20220621-173308
5	16	15	beam_20220621-173313
5	17	15	beam_20220621-173318
5	18	15	beam_20220621-173323
5	19	15	beam_20220621-173327
5	20	15	beam_20220621-173332
5	21	15	beam_20220621-173337
5	22	15	beam_20220621-173342
5	23	15	beam_20220621-173347
5	24	15	beam_20220621-173351
5	25	15	beam_20220621-173356
5	26	15	beam_20220621-173401
5	27	15	beam_20220621-173406
5	28	15	beam_20220621-173411
5	29	15	beam_20220621-173415
5	30	15	beam_20220621-173420
5	31	15	beam_20220621-173425
5	32	15	beam_20220621-173430
5	33	15	beam_20220621-173435
5	34	15	beam_20220621-173439
