Col	Row	Count	Time
20	0	0	beam_20220601-183331
20	1	0	beam_20220601-183335
20	2	0	beam_20220601-183339
20	3	0	beam_20220601-183344
20	4	0	beam_20220601-183348
20	5	0	beam_20220601-183352
20	6	0	beam_20220601-183356
20	7	0	beam_20220601-183400
20	8	0	beam_20220601-183404
20	9	0	beam_20220601-183408
20	10	0	beam_20220601-183412
20	11	0	beam_20220601-183416
20	12	0	beam_20220601-183421
20	13	500	beam_20220601-183425
20	14	0	beam_20220601-183522
20	15	0	beam_20220601-183526
20	16	0	beam_20220601-183531
20	17	0	beam_20220601-183535
20	18	500	beam_20220601-183539
20	19	0	beam_20220601-183637
20	20	0	beam_20220601-183641
20	21	0	beam_20220601-183645
20	22	0	beam_20220601-183649
20	23	0	beam_20220601-183653
20	24	0	beam_20220601-183657
20	25	0	beam_20220601-183701
20	26	0	beam_20220601-183705
20	27	0	beam_20220601-183710
20	28	0	beam_20220601-183714
20	29	0	beam_20220601-183718
20	30	0	beam_20220601-183722
20	31	0	beam_20220601-183726
20	32	0	beam_20220601-183730
20	33	0	beam_20220601-183734
20	34	0	beam_20220601-183738
