Col	Row	Count	Time
32	0	0	beam_20220601-191010
32	1	0	beam_20220601-191014
32	2	0	beam_20220601-191018
32	3	0	beam_20220601-191022
32	4	0	beam_20220601-191027
32	5	0	beam_20220601-191031
32	6	0	beam_20220601-191035
32	7	0	beam_20220601-191039
32	8	0	beam_20220601-191043
32	9	0	beam_20220601-191047
32	10	0	beam_20220601-191051
32	11	0	beam_20220601-191055
32	12	0	beam_20220601-191059
32	13	0	beam_20220601-191104
32	14	0	beam_20220601-191108
32	15	0	beam_20220601-191112
32	16	0	beam_20220601-191116
32	18	0	beam_20220601-191120
32	19	0	beam_20220601-191124
32	20	0	beam_20220601-191128
32	21	0	beam_20220601-191133
32	22	0	beam_20220601-191137
32	23	0	beam_20220601-191141
32	24	0	beam_20220601-191145
32	25	0	beam_20220601-191149
32	26	0	beam_20220601-191153
32	27	0	beam_20220601-191157
32	28	0	beam_20220601-191201
32	29	0	beam_20220601-191206
32	30	0	beam_20220601-191210
32	31	0	beam_20220601-191214
32	32	0	beam_20220601-191218
32	33	0	beam_20220601-191222
32	34	0	beam_20220601-191226
