Col	Row	Count	Time
17	0	0	beam_20220601-182533
17	1	0	beam_20220601-182537
17	2	0	beam_20220601-182541
17	3	0	beam_20220601-182545
17	4	0	beam_20220601-182549
17	5	0	beam_20220601-182553
17	6	0	beam_20220601-182557
17	7	0	beam_20220601-182601
17	8	0	beam_20220601-182606
17	9	0	beam_20220601-182610
17	10	500	beam_20220601-182614
17	11	0	beam_20220601-182711
17	12	0	beam_20220601-182716
17	13	0	beam_20220601-182720
17	14	0	beam_20220601-182724
17	15	0	beam_20220601-182728
17	16	0	beam_20220601-182732
17	17	0	beam_20220601-182736
17	18	0	beam_20220601-182740
17	19	0	beam_20220601-182745
17	20	0	beam_20220601-182749
17	21	0	beam_20220601-182753
17	22	0	beam_20220601-182757
17	23	0	beam_20220601-182801
17	24	0	beam_20220601-182805
17	25	0	beam_20220601-182809
17	26	0	beam_20220601-182813
17	27	0	beam_20220601-182817
17	28	0	beam_20220601-182822
17	29	0	beam_20220601-182826
17	30	0	beam_20220601-182830
17	31	0	beam_20220601-182834
17	32	0	beam_20220601-182838
17	33	0	beam_20220601-182842
17	34	0	beam_20220601-182846
