Col	Row	Count	Time
9	0	0	beam_20220601-180035
9	1	0	beam_20220601-180039
9	2	0	beam_20220601-180043
9	3	0	beam_20220601-180047
9	4	0	beam_20220601-180051
9	5	0	beam_20220601-180056
9	6	0	beam_20220601-180100
9	7	0	beam_20220601-180104
9	8	0	beam_20220601-180108
9	9	0	beam_20220601-180112
9	10	0	beam_20220601-180116
9	11	0	beam_20220601-180120
9	12	0	beam_20220601-180124
9	13	0	beam_20220601-180129
9	14	0	beam_20220601-180133
9	15	0	beam_20220601-180137
9	16	0	beam_20220601-180141
9	17	0	beam_20220601-180145
9	18	0	beam_20220601-180149
9	19	0	beam_20220601-180153
9	20	0	beam_20220601-180157
9	21	0	beam_20220601-180202
9	22	0	beam_20220601-180206
9	23	0	beam_20220601-180210
9	24	0	beam_20220601-180214
9	25	0	beam_20220601-180218
9	26	0	beam_20220601-180222
9	27	0	beam_20220601-180226
9	28	0	beam_20220601-180230
9	29	0	beam_20220601-180235
9	30	0	beam_20220601-180239
9	31	0	beam_20220601-180243
9	32	0	beam_20220601-180247
9	33	0	beam_20220601-180251
9	34	0	beam_20220601-180255
