Col	Row	Count	Time
31	0	0	beam_20220601-190746
31	1	0	beam_20220601-190750
31	2	0	beam_20220601-190754
31	3	0	beam_20220601-190758
31	4	0	beam_20220601-190802
31	5	0	beam_20220601-190806
31	6	0	beam_20220601-190810
31	7	0	beam_20220601-190814
31	8	0	beam_20220601-190819
31	9	0	beam_20220601-190823
31	10	0	beam_20220601-190827
31	11	0	beam_20220601-190831
31	12	0	beam_20220601-190835
31	13	0	beam_20220601-190839
31	14	0	beam_20220601-190843
31	15	0	beam_20220601-190847
31	16	0	beam_20220601-190852
31	17	0	beam_20220601-190856
31	18	0	beam_20220601-190900
31	19	0	beam_20220601-190904
31	20	0	beam_20220601-190908
31	21	0	beam_20220601-190912
31	22	0	beam_20220601-190916
31	23	0	beam_20220601-190921
31	24	0	beam_20220601-190925
31	25	0	beam_20220601-190929
31	26	0	beam_20220601-190933
31	27	0	beam_20220601-190937
31	28	0	beam_20220601-190941
31	29	0	beam_20220601-190945
31	30	0	beam_20220601-190949
31	31	0	beam_20220601-190953
31	32	0	beam_20220601-190958
31	33	0	beam_20220601-191002
31	34	0	beam_20220601-191006
