Col	Row	Count	Time
24	0	0	beam_20220601-184737
24	1	0	beam_20220601-184741
24	2	0	beam_20220601-184745
24	3	0	beam_20220601-184749
24	4	0	beam_20220601-184753
24	5	0	beam_20220601-184757
24	6	0	beam_20220601-184801
24	7	0	beam_20220601-184806
24	8	0	beam_20220601-184810
24	9	0	beam_20220601-184814
24	10	0	beam_20220601-184818
24	11	0	beam_20220601-184822
24	12	0	beam_20220601-184826
24	13	0	beam_20220601-184830
24	14	0	beam_20220601-184834
24	15	0	beam_20220601-184839
24	16	0	beam_20220601-184843
24	17	0	beam_20220601-184847
24	18	0	beam_20220601-184851
24	19	0	beam_20220601-184855
24	20	0	beam_20220601-184859
24	21	0	beam_20220601-184903
24	22	0	beam_20220601-184908
24	23	0	beam_20220601-184912
24	24	0	beam_20220601-184916
24	25	0	beam_20220601-184920
24	26	0	beam_20220601-184924
24	27	0	beam_20220601-184928
24	28	0	beam_20220601-184932
24	29	0	beam_20220601-184936
24	30	0	beam_20220601-184940
24	31	0	beam_20220601-184945
24	32	0	beam_20220601-184949
24	33	0	beam_20220601-184953
24	34	0	beam_20220601-184957
