Col	Row	Count	Time
14	0	0	beam_20220601-181359
14	1	0	beam_20220601-181404
14	2	0	beam_20220601-181408
14	3	0	beam_20220601-181412
14	4	0	beam_20220601-181416
14	5	0	beam_20220601-181420
14	6	0	beam_20220601-181424
14	7	0	beam_20220601-181428
14	8	0	beam_20220601-181433
14	9	0	beam_20220601-181437
14	10	0	beam_20220601-181441
14	11	0	beam_20220601-181445
14	12	0	beam_20220601-181449
14	13	0	beam_20220601-181453
14	14	0	beam_20220601-181457
14	15	500	beam_20220601-181502
14	16	500	beam_20220601-181559
14	17	0	beam_20220601-181657
14	18	0	beam_20220601-181701
14	19	0	beam_20220601-181705
14	20	0	beam_20220601-181709
14	21	0	beam_20220601-181713
14	22	0	beam_20220601-181718
14	23	0	beam_20220601-181722
14	24	0	beam_20220601-181726
14	25	0	beam_20220601-181730
14	26	0	beam_20220601-181734
14	27	0	beam_20220601-181738
14	28	0	beam_20220601-181742
14	29	0	beam_20220601-181746
14	30	0	beam_20220601-181751
14	31	0	beam_20220601-181755
14	32	0	beam_20220601-181759
14	33	0	beam_20220601-181803
14	34	0	beam_20220601-181807
