Col	Row	Count	Time
7	0	0	beam_20220601-175546
7	1	0	beam_20220601-175550
7	2	0	beam_20220601-175555
7	3	0	beam_20220601-175559
7	4	0	beam_20220601-175603
7	5	0	beam_20220601-175607
7	6	0	beam_20220601-175611
7	7	0	beam_20220601-175615
7	8	0	beam_20220601-175619
7	9	0	beam_20220601-175623
7	10	0	beam_20220601-175628
7	11	0	beam_20220601-175632
7	12	0	beam_20220601-175636
7	13	0	beam_20220601-175640
7	14	0	beam_20220601-175644
7	15	0	beam_20220601-175648
7	16	0	beam_20220601-175652
7	17	0	beam_20220601-175656
7	18	0	beam_20220601-175701
7	19	0	beam_20220601-175705
7	20	0	beam_20220601-175709
7	21	0	beam_20220601-175713
7	22	0	beam_20220601-175717
7	23	0	beam_20220601-175721
7	24	0	beam_20220601-175725
7	25	0	beam_20220601-175729
7	26	0	beam_20220601-175734
7	27	0	beam_20220601-175738
7	28	0	beam_20220601-175742
7	29	0	beam_20220601-175746
7	30	0	beam_20220601-175750
7	31	0	beam_20220601-175754
7	32	0	beam_20220601-175758
7	33	0	beam_20220601-175802
7	34	0	beam_20220601-175807
