Col	Row	Count	Time
25	0	500	beam_20220601-185001
25	1	0	beam_20220601-185059
25	2	0	beam_20220601-185103
25	3	0	beam_20220601-185107
25	4	0	beam_20220601-185111
25	5	0	beam_20220601-185115
25	6	0	beam_20220601-185119
25	7	0	beam_20220601-185124
25	8	0	beam_20220601-185128
25	9	0	beam_20220601-185132
25	10	0	beam_20220601-185136
25	11	0	beam_20220601-185140
25	12	0	beam_20220601-185144
25	13	0	beam_20220601-185148
25	14	0	beam_20220601-185152
25	15	0	beam_20220601-185156
25	16	0	beam_20220601-185201
25	17	0	beam_20220601-185205
25	18	0	beam_20220601-185209
25	19	0	beam_20220601-185213
25	20	0	beam_20220601-185217
25	21	0	beam_20220601-185221
25	22	0	beam_20220601-185225
25	23	0	beam_20220601-185229
25	24	0	beam_20220601-185233
25	25	0	beam_20220601-185238
25	26	0	beam_20220601-185242
25	27	0	beam_20220601-185246
25	28	0	beam_20220601-185250
25	29	0	beam_20220601-185254
25	30	0	beam_20220601-185258
25	31	0	beam_20220601-185302
25	32	0	beam_20220601-185306
25	33	0	beam_20220601-185311
25	34	0	beam_20220601-185315
