Col	Row	Count	Time
13	0	0	beam_20220601-181058
13	1	0	beam_20220601-181102
13	2	0	beam_20220601-181106
13	3	0	beam_20220601-181110
13	4	0	beam_20220601-181114
13	5	0	beam_20220601-181119
13	6	0	beam_20220601-181123
13	7	0	beam_20220601-181127
13	8	0	beam_20220601-181131
13	9	0	beam_20220601-181135
13	10	0	beam_20220601-181139
13	11	0	beam_20220601-181143
13	12	0	beam_20220601-181147
13	13	0	beam_20220601-181152
13	14	500	beam_20220601-181156
13	17	0	beam_20220601-181253
13	18	0	beam_20220601-181258
13	19	0	beam_20220601-181302
13	20	0	beam_20220601-181306
13	21	0	beam_20220601-181310
13	22	0	beam_20220601-181314
13	23	0	beam_20220601-181318
13	24	0	beam_20220601-181322
13	25	0	beam_20220601-181326
13	26	0	beam_20220601-181331
13	27	0	beam_20220601-181335
13	28	0	beam_20220601-181339
13	31	0	beam_20220601-181343
13	32	0	beam_20220601-181347
13	33	0	beam_20220601-181351
13	34	0	beam_20220601-181355
