Col	Row	Count	Time
33	0	0	beam_20220601-191230
33	1	0	beam_20220601-191234
33	2	0	beam_20220601-191239
33	3	0	beam_20220601-191243
33	4	0	beam_20220601-191247
33	5	0	beam_20220601-191251
33	6	0	beam_20220601-191255
33	7	0	beam_20220601-191259
33	8	0	beam_20220601-191303
33	9	0	beam_20220601-191307
33	10	0	beam_20220601-191312
33	11	0	beam_20220601-191316
33	12	0	beam_20220601-191320
33	13	0	beam_20220601-191324
33	14	0	beam_20220601-191328
33	15	0	beam_20220601-191332
33	16	0	beam_20220601-191336
33	17	0	beam_20220601-191340
33	18	0	beam_20220601-191345
33	19	0	beam_20220601-191349
33	20	0	beam_20220601-191353
33	21	0	beam_20220601-191357
33	22	0	beam_20220601-191401
33	23	0	beam_20220601-191405
33	24	0	beam_20220601-191409
33	25	0	beam_20220601-191414
33	26	0	beam_20220601-191418
33	27	0	beam_20220601-191422
33	28	0	beam_20220601-191426
33	29	0	beam_20220601-191430
33	30	0	beam_20220601-191434
33	31	0	beam_20220601-191438
33	32	0	beam_20220601-191443
33	33	0	beam_20220601-191447
33	34	0	beam_20220601-191451
