Col	Row	Count	Time
10	0	0	beam_20220601-180259
10	1	0	beam_20220601-180303
10	2	0	beam_20220601-180307
10	3	0	beam_20220601-180312
10	6	0	beam_20220601-180316
10	7	0	beam_20220601-180320
10	8	0	beam_20220601-180324
10	9	0	beam_20220601-180328
10	10	0	beam_20220601-180332
10	11	0	beam_20220601-180336
10	12	0	beam_20220601-180341
10	13	0	beam_20220601-180345
10	14	0	beam_20220601-180349
10	15	0	beam_20220601-180353
10	16	0	beam_20220601-180357
10	17	0	beam_20220601-180401
10	18	0	beam_20220601-180405
10	19	0	beam_20220601-180409
10	20	0	beam_20220601-180414
10	21	0	beam_20220601-180418
10	22	0	beam_20220601-180422
10	23	0	beam_20220601-180426
10	24	0	beam_20220601-180430
10	25	0	beam_20220601-180434
10	26	0	beam_20220601-180438
10	27	0	beam_20220601-180443
10	28	0	beam_20220601-180447
10	29	0	beam_20220601-180451
10	30	0	beam_20220601-180455
10	31	0	beam_20220601-180459
10	32	0	beam_20220601-180503
10	33	0	beam_20220601-180507
10	34	0	beam_20220601-180511
