Col	Row	Count	Time
30	0	0	beam_20220601-190521
30	1	0	beam_20220601-190525
30	2	0	beam_20220601-190529
30	3	0	beam_20220601-190533
30	4	0	beam_20220601-190537
30	5	0	beam_20220601-190542
30	6	0	beam_20220601-190546
30	7	0	beam_20220601-190550
30	8	0	beam_20220601-190554
30	9	0	beam_20220601-190558
30	10	0	beam_20220601-190602
30	11	0	beam_20220601-190606
30	12	0	beam_20220601-190610
30	13	0	beam_20220601-190615
30	14	0	beam_20220601-190619
30	15	0	beam_20220601-190623
30	16	0	beam_20220601-190627
30	17	0	beam_20220601-190631
30	18	0	beam_20220601-190635
30	19	0	beam_20220601-190639
30	20	0	beam_20220601-190644
30	21	0	beam_20220601-190648
30	22	0	beam_20220601-190652
30	23	0	beam_20220601-190656
30	24	0	beam_20220601-190700
30	25	0	beam_20220601-190704
30	26	0	beam_20220601-190708
30	27	0	beam_20220601-190713
30	28	0	beam_20220601-190717
30	29	0	beam_20220601-190721
30	30	0	beam_20220601-190725
30	31	0	beam_20220601-190729
30	32	0	beam_20220601-190733
30	33	0	beam_20220601-190737
30	34	0	beam_20220601-190741
