Col	Row	Count	Time
3	0	0	beam_20220601-174235
3	1	0	beam_20220601-174239
3	2	0	beam_20220601-174243
3	3	0	beam_20220601-174247
3	4	0	beam_20220601-174252
3	5	0	beam_20220601-174256
3	6	0	beam_20220601-174300
3	7	0	beam_20220601-174304
3	8	0	beam_20220601-174308
3	9	0	beam_20220601-174312
3	10	0	beam_20220601-174316
3	11	0	beam_20220601-174320
3	12	0	beam_20220601-174324
3	13	0	beam_20220601-174329
3	14	0	beam_20220601-174333
3	15	0	beam_20220601-174337
3	16	0	beam_20220601-174341
3	17	0	beam_20220601-174345
3	18	0	beam_20220601-174349
3	19	0	beam_20220601-174353
3	20	0	beam_20220601-174357
3	21	0	beam_20220601-174401
3	22	500	beam_20220601-174406
3	23	0	beam_20220601-174503
3	24	0	beam_20220601-174507
3	25	0	beam_20220601-174511
3	26	0	beam_20220601-174516
3	27	0	beam_20220601-174520
3	28	0	beam_20220601-174524
3	29	0	beam_20220601-174528
3	30	0	beam_20220601-174532
3	31	0	beam_20220601-174536
3	32	0	beam_20220601-174540
3	33	0	beam_20220601-174544
3	34	0	beam_20220601-174549
