Col	Row	Count	Time
28	0	0	beam_20220608-115347
28	1	0	beam_20220608-115351
28	2	0	beam_20220608-115355
28	3	0	beam_20220608-115359
28	4	0	beam_20220608-115403
28	5	500	beam_20220608-115407
28	6	0	beam_20220608-115506
28	7	500	beam_20220608-115510
28	8	500	beam_20220608-115609
28	9	0	beam_20220608-115708
28	10	500	beam_20220608-115712
28	11	500	beam_20220608-115811
28	12	0	beam_20220608-115909
28	13	500	beam_20220608-115913
28	14	0	beam_20220608-120012
28	15	0	beam_20220608-120016
28	16	500	beam_20220608-120020
28	17	0	beam_20220608-120118
28	18	500	beam_20220608-120122
28	19	0	beam_20220608-120221
28	20	500	beam_20220608-120225
28	21	500	beam_20220608-120323
28	22	0	beam_20220608-120422
28	23	0	beam_20220608-120426
28	24	500	beam_20220608-120430
28	25	0	beam_20220608-120528
28	26	500	beam_20220608-120532
28	27	0	beam_20220608-120631
28	28	0	beam_20220608-120635
28	29	0	beam_20220608-120639
28	30	500	beam_20220608-120643
28	31	0	beam_20220608-120742
28	32	0	beam_20220608-120746
28	33	500	beam_20220608-120750
28	34	500	beam_20220608-120848
