Col	Row	Count	Time
11	0	0	beam_20220607-143928
11	1	0	beam_20220607-143933
11	2	0	beam_20220607-143937
11	3	0	beam_20220607-143941
11	4	0	beam_20220607-143945
11	5	500	beam_20220607-143949
11	6	500	beam_20220607-144048
11	7	500	beam_20220607-144147
11	8	500	beam_20220607-144246
11	9	0	beam_20220607-144344
11	10	500	beam_20220607-144348
11	11	0	beam_20220607-144447
11	12	0	beam_20220607-144451
11	13	0	beam_20220607-144456
11	14	500	beam_20220607-144500
11	15	500	beam_20220607-144558
11	16	0	beam_20220607-144657
11	17	500	beam_20220607-144701
11	18	0	beam_20220607-144800
11	19	500	beam_20220607-144804
11	20	0	beam_20220607-144903
11	21	0	beam_20220607-144907
11	22	500	beam_20220607-144911
11	23	0	beam_20220607-145010
11	24	0	beam_20220607-145014
11	25	0	beam_20220607-145018
11	28	0	beam_20220607-145023
11	29	0	beam_20220607-145027
11	30	500	beam_20220607-145031
11	31	0	beam_20220607-145130
11	32	0	beam_20220607-145134
11	33	0	beam_20220607-145138
11	34	0	beam_20220607-145142
