Col	Row	Count	Time
15	0	0	beam_20220603-132325
15	1	0	beam_20220603-132329
15	2	0	beam_20220603-132333
15	3	0	beam_20220603-132337
15	4	0	beam_20220603-132342
15	5	0	beam_20220603-132346
15	6	0	beam_20220603-132350
15	7	500	beam_20220603-132354
15	8	0	beam_20220603-132452
15	9	500	beam_20220603-132456
15	10	0	beam_20220603-132554
15	11	0	beam_20220603-132558
15	12	0	beam_20220603-132602
15	13	0	beam_20220603-132606
15	14	0	beam_20220603-132610
15	15	0	beam_20220603-132614
15	16	0	beam_20220603-132618
15	17	0	beam_20220603-132622
15	18	0	beam_20220603-132627
15	19	0	beam_20220603-132631
15	20	0	beam_20220603-132635
15	21	0	beam_20220603-132639
15	22	0	beam_20220603-132643
15	23	0	beam_20220603-132647
15	24	0	beam_20220603-132651
15	25	0	beam_20220603-132656
15	26	0	beam_20220603-132700
15	27	0	beam_20220603-132704
15	28	0	beam_20220603-132708
15	29	0	beam_20220603-132712
15	30	0	beam_20220603-132716
15	31	0	beam_20220603-132720
15	32	0	beam_20220603-132724
15	33	0	beam_20220603-132728
15	34	0	beam_20220603-132733
