Col	Row	Count	Time
21	0	0	beam_20220603-140103
21	1	0	beam_20220603-140107
21	2	0	beam_20220603-140111
21	5	500	beam_20220603-140115
21	6	0	beam_20220603-140213
21	7	0	beam_20220603-140217
21	8	0	beam_20220603-140221
21	9	0	beam_20220603-140225
21	10	0	beam_20220603-140229
21	11	0	beam_20220603-140233
21	12	0	beam_20220603-140238
21	13	0	beam_20220603-140242
21	14	0	beam_20220603-140246
21	15	0	beam_20220603-140250
21	16	0	beam_20220603-140254
21	17	0	beam_20220603-140258
21	18	0	beam_20220603-140302
21	19	0	beam_20220603-140307
21	20	0	beam_20220603-140311
21	21	0	beam_20220603-140315
21	22	0	beam_20220603-140319
21	23	500	beam_20220603-140323
21	24	0	beam_20220603-140421
21	25	0	beam_20220603-140425
21	26	0	beam_20220603-140429
21	27	0	beam_20220603-140433
21	28	0	beam_20220603-140437
21	29	500	beam_20220603-140441
21	30	0	beam_20220603-140539
21	31	0	beam_20220603-140543
21	32	0	beam_20220603-140547
21	34	500	beam_20220603-140551
