Col	Row	Count	Time
9	0	0	beam_20220603-125504
9	1	0	beam_20220603-125508
9	2	0	beam_20220603-125512
9	3	0	beam_20220603-125516
9	4	0	beam_20220603-125520
9	5	0	beam_20220603-125524
9	6	0	beam_20220603-125528
9	7	0	beam_20220603-125533
9	8	0	beam_20220603-125537
9	9	0	beam_20220603-125541
9	10	0	beam_20220603-125545
9	11	0	beam_20220603-125549
9	12	0	beam_20220603-125553
9	13	0	beam_20220603-125557
9	14	0	beam_20220603-125601
9	15	0	beam_20220603-125606
9	16	0	beam_20220603-125610
9	17	0	beam_20220603-125614
9	18	0	beam_20220603-125618
9	19	0	beam_20220603-125622
9	20	0	beam_20220603-125626
9	21	500	beam_20220603-125630
9	22	0	beam_20220603-125728
9	23	0	beam_20220603-125732
9	24	0	beam_20220603-125736
9	25	0	beam_20220603-125740
9	26	0	beam_20220603-125745
9	27	0	beam_20220603-125749
9	28	0	beam_20220603-125753
9	29	0	beam_20220603-125757
9	30	0	beam_20220603-125801
9	31	0	beam_20220603-125805
9	32	0	beam_20220603-125809
9	33	0	beam_20220603-125813
9	34	0	beam_20220603-125818
