Col	Row	Count	Time
18	0	0	beam_20220603-134200
18	1	0	beam_20220603-134204
18	2	0	beam_20220603-134208
18	3	0	beam_20220603-134212
18	4	0	beam_20220603-134216
18	5	0	beam_20220603-134220
18	6	0	beam_20220603-134224
18	7	0	beam_20220603-134228
18	8	0	beam_20220603-134232
18	9	0	beam_20220603-134237
18	10	0	beam_20220603-134241
18	11	0	beam_20220603-134245
18	12	0	beam_20220603-134249
18	13	0	beam_20220603-134253
18	14	0	beam_20220603-134257
18	15	0	beam_20220603-134301
18	16	0	beam_20220603-134305
18	17	0	beam_20220603-134310
18	18	0	beam_20220603-134314
18	19	0	beam_20220603-134318
18	20	0	beam_20220603-134322
18	21	0	beam_20220603-134326
18	22	0	beam_20220603-134330
18	23	0	beam_20220603-134334
18	24	0	beam_20220603-134338
18	25	0	beam_20220603-134343
18	26	0	beam_20220603-134347
18	27	0	beam_20220603-134351
18	28	0	beam_20220603-134355
18	29	0	beam_20220603-134359
18	30	0	beam_20220603-134403
18	31	500	beam_20220603-134407
18	32	0	beam_20220603-134505
18	33	0	beam_20220603-134509
18	34	0	beam_20220603-134513
