Col	Row	Count	Time
32	0	0	beam_20220603-150438
32	1	0	beam_20220603-150442
32	2	0	beam_20220603-150446
32	3	0	beam_20220603-150450
32	4	0	beam_20220603-150454
32	5	500	beam_20220603-150458
32	6	0	beam_20220603-150556
32	7	0	beam_20220603-150600
32	8	0	beam_20220603-150604
32	9	0	beam_20220603-150608
32	10	500	beam_20220603-150613
32	11	0	beam_20220603-150710
32	12	0	beam_20220603-150714
32	13	0	beam_20220603-150718
32	14	0	beam_20220603-150723
32	15	0	beam_20220603-150727
32	16	0	beam_20220603-150731
32	17	0	beam_20220603-150735
32	18	0	beam_20220603-150739
32	19	0	beam_20220603-150743
32	20	0	beam_20220603-150747
32	21	0	beam_20220603-150752
32	22	0	beam_20220603-150756
32	23	0	beam_20220603-150800
32	24	0	beam_20220603-150804
32	25	0	beam_20220603-150808
32	26	0	beam_20220603-150812
32	27	0	beam_20220603-150816
32	28	0	beam_20220603-150821
32	29	0	beam_20220603-150825
32	30	500	beam_20220603-150829
32	31	0	beam_20220603-150926
32	32	0	beam_20220603-150931
32	33	0	beam_20220603-150935
32	34	0	beam_20220603-150939
