Col	Row	Count	Time
29	0	0	beam_20220603-144809
29	1	0	beam_20220603-144813
29	2	0	beam_20220603-144817
29	3	0	beam_20220603-144822
29	4	0	beam_20220603-144826
29	5	0	beam_20220603-144830
29	6	0	beam_20220603-144834
29	7	0	beam_20220603-144838
29	8	0	beam_20220603-144842
29	9	0	beam_20220603-144846
29	10	0	beam_20220603-144850
29	11	0	beam_20220603-144855
29	12	0	beam_20220603-144859
29	13	0	beam_20220603-144903
29	14	0	beam_20220603-144907
29	15	0	beam_20220603-144911
29	16	0	beam_20220603-144915
29	17	0	beam_20220603-144919
29	18	0	beam_20220603-144923
29	19	0	beam_20220603-144928
29	21	0	beam_20220603-144932
29	22	0	beam_20220603-144936
29	23	0	beam_20220603-144940
29	24	0	beam_20220603-144944
29	25	0	beam_20220603-144948
29	26	0	beam_20220603-144952
29	27	0	beam_20220603-144957
29	28	0	beam_20220603-145001
29	29	0	beam_20220603-145005
29	30	0	beam_20220603-145009
29	31	0	beam_20220603-145013
29	32	500	beam_20220603-145017
29	33	0	beam_20220603-145115
29	34	0	beam_20220603-145119
