Col	Row	Count	Time
2	0	0	beam_20220603-121701
2	1	0	beam_20220603-121705
2	2	0	beam_20220603-121709
2	3	0	beam_20220603-121713
2	4	0	beam_20220603-121717
2	5	0	beam_20220603-121722
2	6	0	beam_20220603-121726
2	7	0	beam_20220603-121730
2	8	0	beam_20220603-121734
2	9	0	beam_20220603-121738
2	10	500	beam_20220603-121742
2	11	0	beam_20220603-121840
2	12	0	beam_20220603-121844
2	13	0	beam_20220603-121848
2	14	0	beam_20220603-121852
2	15	0	beam_20220603-121856
2	16	0	beam_20220603-121900
2	17	0	beam_20220603-121905
2	18	0	beam_20220603-121909
2	19	0	beam_20220603-121913
2	20	0	beam_20220603-121917
2	21	0	beam_20220603-121921
2	22	0	beam_20220603-121925
2	23	0	beam_20220603-121929
2	24	0	beam_20220603-121933
2	25	0	beam_20220603-121938
2	26	0	beam_20220603-121942
2	27	0	beam_20220603-121946
2	28	0	beam_20220603-121950
2	29	0	beam_20220603-121954
2	30	0	beam_20220603-121958
2	31	0	beam_20220603-122002
2	32	0	beam_20220603-122007
2	33	0	beam_20220603-122011
2	34	0	beam_20220603-122015
