Col	Row	Count	Time
22	0	0	beam_20220603-140649
22	1	0	beam_20220603-140653
22	2	0	beam_20220603-140657
22	3	500	beam_20220603-140701
22	4	0	beam_20220603-140759
22	5	0	beam_20220603-140803
22	6	0	beam_20220603-140807
22	7	0	beam_20220603-140812
22	8	0	beam_20220603-140816
22	9	0	beam_20220603-140820
22	10	0	beam_20220603-140824
22	12	0	beam_20220603-140828
22	13	0	beam_20220603-140832
22	14	500	beam_20220603-140836
22	15	0	beam_20220603-140934
22	16	0	beam_20220603-140938
22	17	0	beam_20220603-140942
22	18	0	beam_20220603-140946
22	19	0	beam_20220603-140951
22	20	0	beam_20220603-140955
22	21	0	beam_20220603-140959
22	22	0	beam_20220603-141003
22	23	0	beam_20220603-141007
22	24	0	beam_20220603-141011
22	25	0	beam_20220603-141015
22	26	0	beam_20220603-141019
22	27	0	beam_20220603-141024
22	28	0	beam_20220603-141028
22	29	0	beam_20220603-141032
22	32	0	beam_20220603-141036
22	33	0	beam_20220603-141040
22	34	0	beam_20220603-141044
