Col	Row	Count	Time
30	0	0	beam_20220603-145123
30	1	0	beam_20220603-145127
30	2	0	beam_20220603-145132
30	3	0	beam_20220603-145136
30	4	0	beam_20220603-145140
30	5	500	beam_20220603-145144
30	6	0	beam_20220603-145242
30	7	0	beam_20220603-145246
30	8	0	beam_20220603-145250
30	9	0	beam_20220603-145254
30	10	0	beam_20220603-145258
30	11	0	beam_20220603-145302
30	12	0	beam_20220603-145306
30	13	0	beam_20220603-145311
30	14	0	beam_20220603-145315
30	15	0	beam_20220603-145319
30	16	0	beam_20220603-145323
30	17	0	beam_20220603-145327
30	18	0	beam_20220603-145331
30	19	0	beam_20220603-145335
30	20	0	beam_20220603-145339
30	21	0	beam_20220603-145344
30	22	500	beam_20220603-145348
30	23	0	beam_20220603-145445
30	24	500	beam_20220603-145450
30	25	0	beam_20220603-145547
30	26	0	beam_20220603-145551
30	27	500	beam_20220603-145555
30	28	0	beam_20220603-145653
30	29	0	beam_20220603-145657
30	30	0	beam_20220603-145701
30	31	0	beam_20220603-145706
30	32	0	beam_20220603-145710
30	33	0	beam_20220603-145714
30	34	0	beam_20220603-145718
