Col	Row	Count	Time
13	0	0	beam_20220603-131113
13	1	0	beam_20220603-131117
13	2	0	beam_20220603-131121
13	3	500	beam_20220603-131126
13	4	0	beam_20220603-131223
13	5	0	beam_20220603-131227
13	6	0	beam_20220603-131231
13	7	0	beam_20220603-131236
13	8	0	beam_20220603-131240
13	9	500	beam_20220603-131244
13	10	0	beam_20220603-131342
13	11	0	beam_20220603-131346
13	12	0	beam_20220603-131350
13	13	0	beam_20220603-131354
13	14	500	beam_20220603-131358
13	16	0	beam_20220603-131456
13	17	0	beam_20220603-131500
13	18	0	beam_20220603-131504
13	19	0	beam_20220603-131508
13	20	0	beam_20220603-131512
13	21	0	beam_20220603-131516
13	22	0	beam_20220603-131521
13	23	0	beam_20220603-131525
13	24	0	beam_20220603-131529
13	25	500	beam_20220603-131533
13	26	0	beam_20220603-131631
13	27	0	beam_20220603-131635
13	28	0	beam_20220603-131639
13	29	0	beam_20220603-131643
13	30	0	beam_20220603-131647
13	31	0	beam_20220603-131652
13	32	500	beam_20220603-131656
13	33	0	beam_20220603-131753
13	34	0	beam_20220603-131758
