Col	Row	Count	Time
1	0	0	beam_20220603-121231
1	1	0	beam_20220603-121235
1	2	0	beam_20220603-121239
1	3	0	beam_20220603-121244
1	4	0	beam_20220603-121248
1	5	500	beam_20220603-121252
1	6	500	beam_20220603-121350
1	7	0	beam_20220603-121447
1	8	0	beam_20220603-121451
1	9	0	beam_20220603-121455
1	10	0	beam_20220603-121500
1	11	0	beam_20220603-121504
1	12	0	beam_20220603-121508
1	13	0	beam_20220603-121512
1	14	0	beam_20220603-121516
1	15	0	beam_20220603-121520
1	16	0	beam_20220603-121524
1	17	170	beam_20220603-121528
1	18	0	beam_20220603-121551
1	19	0	beam_20220603-121555
1	20	0	beam_20220603-121559
1	21	0	beam_20220603-121603
1	22	0	beam_20220603-121607
1	23	0	beam_20220603-121611
1	24	0	beam_20220603-121616
1	25	0	beam_20220603-121620
1	26	0	beam_20220603-121624
1	27	0	beam_20220603-121628
1	28	0	beam_20220603-121632
1	29	0	beam_20220603-121636
1	30	0	beam_20220603-121640
1	31	0	beam_20220603-121644
1	32	0	beam_20220603-121649
1	33	0	beam_20220603-121653
1	34	0	beam_20220603-121657
