Col	Row	Count	Time
9	0	0	beam_20220622-101841
9	1	15	beam_20220622-101843
9	2	0	beam_20220622-101845
9	3	0	beam_20220622-101846
9	4	0	beam_20220622-101848
9	5	15	beam_20220622-101849
9	6	0	beam_20220622-101852
9	7	0	beam_20220622-101853
9	9	0	beam_20220622-101854
9	10	0	beam_20220622-101855
9	11	0	beam_20220622-101856
9	12	0	beam_20220622-101857
9	13	15	beam_20220622-101858
9	14	15	beam_20220622-101901
9	15	0	beam_20220622-101904
9	16	0	beam_20220622-101905
9	17	15	beam_20220622-101906
9	18	0	beam_20220622-101909
9	19	0	beam_20220622-101910
9	20	15	beam_20220622-101911
9	21	0	beam_20220622-101914
9	22	0	beam_20220622-101915
9	23	15	beam_20220622-101916
9	24	0	beam_20220622-101919
9	25	15	beam_20220622-101920
9	26	15	beam_20220622-101923
9	27	0	beam_20220622-101926
9	28	15	beam_20220622-101927
9	29	0	beam_20220622-101929
9	30	0	beam_20220622-101931
9	31	0	beam_20220622-101932
9	32	0	beam_20220622-101933
9	33	0	beam_20220622-101934
9	34	15	beam_20220622-101935
