Col	Row	Count	Time
29	0	0	beam_20220622-103732
29	1	0	beam_20220622-103733
29	2	15	beam_20220622-103734
29	3	0	beam_20220622-103737
29	4	0	beam_20220622-103738
29	5	0	beam_20220622-103739
29	6	15	beam_20220622-103740
29	7	0	beam_20220622-103743
29	8	0	beam_20220622-103744
29	9	0	beam_20220622-103745
29	10	15	beam_20220622-103746
29	11	15	beam_20220622-103749
29	12	0	beam_20220622-103752
29	13	0	beam_20220622-103753
29	14	0	beam_20220622-103754
29	17	15	beam_20220622-103755
29	18	0	beam_20220622-103758
29	19	0	beam_20220622-103759
29	20	0	beam_20220622-103800
29	21	0	beam_20220622-103802
29	22	0	beam_20220622-103803
29	23	15	beam_20220622-103804
29	24	0	beam_20220622-103807
29	25	15	beam_20220622-103808
29	26	15	beam_20220622-103810
29	27	0	beam_20220622-103813
29	28	0	beam_20220622-103814
29	29	15	beam_20220622-103815
29	30	0	beam_20220622-103818
29	31	0	beam_20220622-103819
29	32	0	beam_20220622-103820
29	33	0	beam_20220622-103822
29	34	15	beam_20220622-103823
