Col	Row	Count	Time
27	0	0	beam_20220622-103540
27	1	0	beam_20220622-103541
27	2	0	beam_20220622-103542
27	3	15	beam_20220622-103543
27	4	0	beam_20220622-103546
27	5	0	beam_20220622-103547
27	6	0	beam_20220622-103548
27	7	0	beam_20220622-103549
27	8	0	beam_20220622-103550
27	9	0	beam_20220622-103552
27	10	0	beam_20220622-103553
27	11	0	beam_20220622-103554
27	12	0	beam_20220622-103555
27	13	0	beam_20220622-103556
27	14	15	beam_20220622-103557
27	15	15	beam_20220622-103600
27	16	0	beam_20220622-103603
27	17	15	beam_20220622-103604
27	18	0	beam_20220622-103607
27	19	0	beam_20220622-103608
27	20	0	beam_20220622-103609
27	21	0	beam_20220622-103610
27	22	0	beam_20220622-103611
27	23	0	beam_20220622-103612
27	24	0	beam_20220622-103613
27	25	0	beam_20220622-103615
27	26	15	beam_20220622-103616
27	27	0	beam_20220622-103619
27	28	0	beam_20220622-103620
27	29	0	beam_20220622-103621
27	30	15	beam_20220622-103622
27	31	15	beam_20220622-103625
27	32	0	beam_20220622-103627
27	33	12	beam_20220622-103629
27	34	0	beam_20220622-103631
