Col	Row	Count	Time
1	0	0	beam_20220622-101134
1	1	0	beam_20220622-101135
1	2	0	beam_20220622-101136
1	3	0	beam_20220622-101137
1	4	0	beam_20220622-101139
1	5	0	beam_20220622-101140
1	6	15	beam_20220622-101141
1	7	15	beam_20220622-101143
1	8	15	beam_20220622-101146
1	9	0	beam_20220622-101149
1	10	15	beam_20220622-101150
1	11	0	beam_20220622-101153
1	12	0	beam_20220622-101154
1	13	15	beam_20220622-101155
1	14	0	beam_20220622-101158
1	15	0	beam_20220622-101159
1	16	15	beam_20220622-101200
1	17	0	beam_20220622-101203
1	18	0	beam_20220622-101204
1	19	0	beam_20220622-101205
1	20	0	beam_20220622-101206
1	21	0	beam_20220622-101207
1	22	0	beam_20220622-101208
1	23	0	beam_20220622-101210
1	24	0	beam_20220622-101211
1	25	0	beam_20220622-101212
1	26	15	beam_20220622-101213
1	27	15	beam_20220622-101216
1	28	0	beam_20220622-101218
1	29	0	beam_20220622-101220
1	30	0	beam_20220622-101221
1	31	0	beam_20220622-101222
1	32	0	beam_20220622-101223
1	33	0	beam_20220622-101224
1	34	0	beam_20220622-101225
