Col	Row	Count	Time
25	0	0	beam_20220622-103350
25	1	0	beam_20220622-103351
25	2	0	beam_20220622-103352
25	3	0	beam_20220622-103353
25	4	0	beam_20220622-103354
25	5	0	beam_20220622-103355
25	6	0	beam_20220622-103356
25	7	15	beam_20220622-103358
25	8	0	beam_20220622-103400
25	9	0	beam_20220622-103401
25	10	0	beam_20220622-103403
25	11	0	beam_20220622-103404
25	12	0	beam_20220622-103405
25	13	0	beam_20220622-103406
25	14	0	beam_20220622-103407
25	15	15	beam_20220622-103408
25	16	0	beam_20220622-103411
25	17	0	beam_20220622-103412
25	18	15	beam_20220622-103413
25	19	0	beam_20220622-103416
25	20	0	beam_20220622-103417
25	21	15	beam_20220622-103418
25	22	0	beam_20220622-103421
25	23	0	beam_20220622-103422
25	24	0	beam_20220622-103423
25	25	0	beam_20220622-103424
25	26	0	beam_20220622-103426
25	27	15	beam_20220622-103427
25	28	0	beam_20220622-103429
25	29	0	beam_20220622-103431
25	30	15	beam_20220622-103432
25	31	0	beam_20220622-103434
25	32	0	beam_20220622-103436
25	33	0	beam_20220622-103437
25	34	15	beam_20220622-103438
