Col	Row	Count	Time
28	0	15	beam_20220622-103632
28	1	0	beam_20220622-103635
28	2	15	beam_20220622-103636
28	3	0	beam_20220622-103639
28	5	15	beam_20220622-103640
28	6	0	beam_20220622-103643
28	7	0	beam_20220622-103644
28	8	0	beam_20220622-103645
28	9	0	beam_20220622-103646
28	10	0	beam_20220622-103647
28	11	0	beam_20220622-103648
28	12	0	beam_20220622-103649
28	13	15	beam_20220622-103651
28	14	0	beam_20220622-103653
28	15	0	beam_20220622-103655
28	16	0	beam_20220622-103656
28	17	15	beam_20220622-103657
28	18	15	beam_20220622-103700
28	19	15	beam_20220622-103702
28	20	0	beam_20220622-103705
28	21	15	beam_20220622-103706
28	22	15	beam_20220622-103709
28	23	0	beam_20220622-103712
28	24	15	beam_20220622-103713
28	25	15	beam_20220622-103716
28	26	15	beam_20220622-103718
28	27	0	beam_20220622-103721
28	28	0	beam_20220622-103722
28	29	0	beam_20220622-103723
28	30	0	beam_20220622-103725
28	31	0	beam_20220622-103726
28	32	15	beam_20220622-103727
28	33	0	beam_20220622-103730
28	34	0	beam_20220622-103731
