Col	Row	Count	Time
32	0	0	beam_20220622-104006
32	1	15	beam_20220622-104007
32	2	15	beam_20220622-104010
32	3	0	beam_20220622-104013
32	4	0	beam_20220622-104014
32	5	15	beam_20220622-104015
32	6	0	beam_20220622-104018
32	7	0	beam_20220622-104019
32	10	15	beam_20220622-104020
32	11	0	beam_20220622-104023
32	12	0	beam_20220622-104024
32	13	0	beam_20220622-104025
32	14	0	beam_20220622-104026
32	15	15	beam_20220622-104027
32	16	0	beam_20220622-104030
32	17	0	beam_20220622-104031
32	18	0	beam_20220622-104032
32	19	0	beam_20220622-104034
32	20	0	beam_20220622-104035
32	21	15	beam_20220622-104036
32	22	0	beam_20220622-104039
32	23	0	beam_20220622-104040
32	24	15	beam_20220622-104041
32	25	0	beam_20220622-104044
32	26	0	beam_20220622-104045
32	27	0	beam_20220622-104046
32	28	0	beam_20220622-104047
32	29	15	beam_20220622-104048
32	30	0	beam_20220622-104051
32	31	0	beam_20220622-104052
32	32	0	beam_20220622-104053
32	33	0	beam_20220622-104054
32	34	0	beam_20220622-104056
