Col	Row	Count	Time
33	0	0	beam_20220622-104057
33	1	0	beam_20220622-104058
33	2	0	beam_20220622-104059
33	3	0	beam_20220622-104100
33	4	0	beam_20220622-104101
33	5	0	beam_20220622-104102
33	6	0	beam_20220622-104103
33	7	0	beam_20220622-104105
33	8	0	beam_20220622-104106
33	9	0	beam_20220622-104107
33	10	0	beam_20220622-104108
33	11	0	beam_20220622-104109
33	12	0	beam_20220622-104110
33	13	15	beam_20220622-104111
33	14	0	beam_20220622-104114
33	15	0	beam_20220622-104115
33	16	0	beam_20220622-104116
33	17	0	beam_20220622-104118
33	18	0	beam_20220622-104119
33	19	15	beam_20220622-104120
33	20	15	beam_20220622-104123
33	21	0	beam_20220622-104125
33	22	0	beam_20220622-104127
33	23	0	beam_20220622-104128
33	24	0	beam_20220622-104129
33	25	0	beam_20220622-104130
33	26	15	beam_20220622-104131
33	27	0	beam_20220622-104134
33	28	0	beam_20220622-104135
33	29	0	beam_20220622-104136
33	30	0	beam_20220622-104137
33	31	15	beam_20220622-104138
33	32	0	beam_20220622-104141
33	33	0	beam_20220622-104142
33	34	0	beam_20220622-104143
