Col	Row	Count	Time
22	0	0	beam_20220622-103057
22	1	0	beam_20220622-103058
22	2	15	beam_20220622-103100
22	3	0	beam_20220622-103102
22	4	0	beam_20220622-103103
22	5	0	beam_20220622-103105
22	6	0	beam_20220622-103106
22	7	0	beam_20220622-103107
22	8	0	beam_20220622-103108
22	9	15	beam_20220622-103109
22	10	0	beam_20220622-103112
22	11	0	beam_20220622-103113
22	12	0	beam_20220622-103114
22	13	15	beam_20220622-103115
22	14	15	beam_20220622-103118
22	15	0	beam_20220622-103121
22	16	0	beam_20220622-103122
22	17	0	beam_20220622-103123
22	18	15	beam_20220622-103124
22	19	0	beam_20220622-103127
22	20	0	beam_20220622-103128
22	21	0	beam_20220622-103129
22	22	0	beam_20220622-103130
22	23	0	beam_20220622-103131
22	24	0	beam_20220622-103133
22	25	0	beam_20220622-103134
22	26	0	beam_20220622-103135
22	27	0	beam_20220622-103136
22	28	0	beam_20220622-103137
22	29	0	beam_20220622-103138
22	30	0	beam_20220622-103139
22	31	0	beam_20220622-103141
22	32	15	beam_20220622-103142
22	33	0	beam_20220622-103145
22	34	15	beam_20220622-103146
