Col	Row	Count	Time
8	0	15	beam_20220622-101747
8	1	15	beam_20220622-101750
8	2	0	beam_20220622-101753
8	3	0	beam_20220622-101754
8	4	0	beam_20220622-101755
8	5	0	beam_20220622-101756
8	6	0	beam_20220622-101757
8	7	0	beam_20220622-101758
8	8	15	beam_20220622-101800
8	9	0	beam_20220622-101802
8	10	15	beam_20220622-101803
8	11	0	beam_20220622-101806
8	12	0	beam_20220622-101807
8	13	0	beam_20220622-101808
8	14	0	beam_20220622-101810
8	15	0	beam_20220622-101811
8	16	0	beam_20220622-101812
8	17	0	beam_20220622-101813
8	18	0	beam_20220622-101814
8	19	0	beam_20220622-101815
8	20	0	beam_20220622-101816
8	21	0	beam_20220622-101817
8	22	0	beam_20220622-101819
8	23	0	beam_20220622-101820
8	24	0	beam_20220622-101821
8	25	15	beam_20220622-101822
8	26	0	beam_20220622-101825
8	27	15	beam_20220622-101826
8	28	15	beam_20220622-101829
8	29	15	beam_20220622-101831
8	30	0	beam_20220622-101834
8	31	0	beam_20220622-101835
8	32	0	beam_20220622-101836
8	33	15	beam_20220622-101838
8	34	0	beam_20220622-101840
