Col	Row	Count	Time
7	0	0	beam_20220622-101653
7	1	0	beam_20220622-101654
7	2	0	beam_20220622-101655
7	3	0	beam_20220622-101656
7	4	15	beam_20220622-101657
7	5	15	beam_20220622-101700
7	6	0	beam_20220622-101703
7	7	0	beam_20220622-101704
7	8	15	beam_20220622-101705
7	9	15	beam_20220622-101708
7	10	15	beam_20220622-101711
7	11	0	beam_20220622-101713
7	12	0	beam_20220622-101714
7	13	0	beam_20220622-101716
7	14	0	beam_20220622-101717
7	15	15	beam_20220622-101718
7	16	0	beam_20220622-101721
7	17	0	beam_20220622-101722
7	18	0	beam_20220622-101723
7	19	0	beam_20220622-101724
7	20	0	beam_20220622-101725
7	21	15	beam_20220622-101726
7	22	15	beam_20220622-101729
7	23	0	beam_20220622-101732
7	24	0	beam_20220622-101733
7	25	0	beam_20220622-101734
7	26	0	beam_20220622-101735
7	27	0	beam_20220622-101737
7	28	0	beam_20220622-101738
7	29	0	beam_20220622-101739
7	30	0	beam_20220622-101740
7	31	15	beam_20220622-101741
7	32	0	beam_20220622-101744
7	33	0	beam_20220622-101745
7	34	0	beam_20220622-101746
