Col	Row	Count	Time
0	0	15	beam_20220622-101026
0	1	15	beam_20220622-101029
0	2	15	beam_20220622-101031
0	3	15	beam_20220622-101034
0	4	15	beam_20220622-101037
0	5	15	beam_20220622-101040
0	6	15	beam_20220622-101042
0	7	15	beam_20220622-101045
0	8	15	beam_20220622-101048
0	9	15	beam_20220622-101051
0	10	15	beam_20220622-101053
0	11	15	beam_20220622-101056
0	12	15	beam_20220622-101059
0	13	15	beam_20220622-101102
0	14	15	beam_20220622-101104
0	15	15	beam_20220622-101107
0	16	15	beam_20220622-101110
0	17	15	beam_20220622-101113
0	18	15	beam_20220622-101115
0	19	0	beam_20220622-101118
0	20	0	beam_20220622-101119
0	21	0	beam_20220622-101120
0	22	0	beam_20220622-101121
0	25	0	beam_20220622-101123
0	26	0	beam_20220622-101124
0	27	0	beam_20220622-101125
0	28	0	beam_20220622-101126
0	29	0	beam_20220622-101127
0	30	0	beam_20220622-101128
0	31	0	beam_20220622-101130
0	32	0	beam_20220622-101131
0	33	0	beam_20220622-101132
0	34	0	beam_20220622-101133
