Col	Row	Count	Time
32	0	0	beam_20220608-125602
32	1	0	beam_20220608-125606
32	4	0	beam_20220608-125610
32	5	500	beam_20220608-125615
32	6	0	beam_20220608-125713
32	7	0	beam_20220608-125718
32	8	0	beam_20220608-125722
32	9	500	beam_20220608-125726
32	10	500	beam_20220608-125825
32	11	0	beam_20220608-125923
32	12	0	beam_20220608-125928
32	13	0	beam_20220608-125932
32	14	500	beam_20220608-125936
32	15	0	beam_20220608-130035
32	16	0	beam_20220608-130039
32	17	500	beam_20220608-130043
32	18	0	beam_20220608-130142
32	19	500	beam_20220608-130146
32	20	0	beam_20220608-130245
32	21	0	beam_20220608-130249
32	22	500	beam_20220608-130253
32	23	0	beam_20220608-130352
32	24	500	beam_20220608-130356
32	25	500	beam_20220608-130455
32	26	0	beam_20220608-130554
32	27	0	beam_20220608-130558
32	28	0	beam_20220608-130602
32	29	0	beam_20220608-130606
32	30	500	beam_20220608-130610
32	31	0	beam_20220608-130709
32	32	0	beam_20220608-130713
32	33	0	beam_20220608-130717
32	34	0	beam_20220608-130721
