Col	Row	Count	Time
29	0	0	beam_20220608-120947
29	1	0	beam_20220608-120951
29	2	0	beam_20220608-120955
29	3	500	beam_20220608-120959
29	4	500	beam_20220608-121057
29	5	0	beam_20220608-121156
29	6	0	beam_20220608-121200
29	7	500	beam_20220608-121204
29	8	0	beam_20220608-121302
29	9	0	beam_20220608-121307
29	10	0	beam_20220608-121311
29	11	0	beam_20220608-121315
29	12	500	beam_20220608-121319
29	13	500	beam_20220608-121418
29	14	500	beam_20220608-121516
29	15	500	beam_20220608-121615
29	18	0	beam_20220608-121714
29	19	500	beam_20220608-121718
29	20	0	beam_20220608-121817
29	21	0	beam_20220608-121821
29	22	0	beam_20220608-121825
29	23	0	beam_20220608-121830
29	24	500	beam_20220608-121834
29	25	500	beam_20220608-121932
29	26	500	beam_20220608-122031
29	27	0	beam_20220608-122130
29	28	0	beam_20220608-122134
29	29	0	beam_20220608-122138
29	30	0	beam_20220608-122142
29	31	0	beam_20220608-122147
29	32	500	beam_20220608-122151
29	33	500	beam_20220608-122250
29	34	500	beam_20220608-122348
