Col	Row	Count	Time
29	0	15	beam_20220621-183708
29	1	15	beam_20220621-183713
29	2	15	beam_20220621-183718
29	3	15	beam_20220621-183723
29	4	15	beam_20220621-183728
29	5	15	beam_20220621-183732
29	6	15	beam_20220621-183737
29	7	15	beam_20220621-183742
29	8	15	beam_20220621-183747
29	9	15	beam_20220621-183751
29	10	15	beam_20220621-183756
29	11	15	beam_20220621-183801
29	12	15	beam_20220621-183806
29	13	15	beam_20220621-183811
29	14	15	beam_20220621-183815
29	15	15	beam_20220621-183820
29	16	15	beam_20220621-183825
29	17	15	beam_20220621-183830
29	18	15	beam_20220621-183835
29	19	15	beam_20220621-183839
29	20	15	beam_20220621-183844
29	21	15	beam_20220621-183849
29	22	15	beam_20220621-183854
29	23	15	beam_20220621-183858
29	24	15	beam_20220621-183903
29	25	15	beam_20220621-183908
29	26	15	beam_20220621-183913
29	27	15	beam_20220621-183918
29	28	15	beam_20220621-183922
29	29	15	beam_20220621-183927
29	30	15	beam_20220621-183932
29	31	15	beam_20220621-183937
29	32	0	beam_20220621-183942
29	33	15	beam_20220621-183945
29	34	15	beam_20220621-183950
