Col	Row	Count	Time
34	0	15	beam_20220621-185105
34	1	15	beam_20220621-185110
34	2	15	beam_20220621-185114
34	3	15	beam_20220621-185119
34	4	15	beam_20220621-185124
34	5	15	beam_20220621-185129
34	6	15	beam_20220621-185134
34	7	15	beam_20220621-185138
34	8	15	beam_20220621-185143
34	9	15	beam_20220621-185148
34	10	15	beam_20220621-185153
34	11	15	beam_20220621-185158
34	12	15	beam_20220621-185202
34	13	15	beam_20220621-185207
34	14	15	beam_20220621-185212
34	15	15	beam_20220621-185217
34	16	15	beam_20220621-185221
34	17	15	beam_20220621-185226
34	18	15	beam_20220621-185231
34	19	15	beam_20220621-185236
34	20	15	beam_20220621-185241
34	21	15	beam_20220621-185245
34	22	15	beam_20220621-185250
34	23	15	beam_20220621-185255
34	24	15	beam_20220621-185300
34	25	15	beam_20220621-185304
34	26	15	beam_20220621-185309
34	27	15	beam_20220621-185314
34	28	15	beam_20220621-185319
34	29	15	beam_20220621-185324
34	30	15	beam_20220621-185328
34	31	15	beam_20220621-185333
34	32	15	beam_20220621-185338
34	33	15	beam_20220621-185343
34	34	15	beam_20220621-185348
