Col	Row	Count	Time
12	0	15	beam_20220621-175048
12	1	15	beam_20220621-175052
12	2	15	beam_20220621-175057
12	3	0	beam_20220621-175102
12	4	15	beam_20220621-175105
12	5	15	beam_20220621-175110
12	6	15	beam_20220621-175115
12	7	15	beam_20220621-175120
12	8	15	beam_20220621-175124
12	9	15	beam_20220621-175129
12	10	15	beam_20220621-175134
12	11	15	beam_20220621-175139
12	12	15	beam_20220621-175144
12	13	15	beam_20220621-175148
12	14	15	beam_20220621-175153
12	15	0	beam_20220621-175158
12	16	15	beam_20220621-175201
12	17	15	beam_20220621-175206
12	18	15	beam_20220621-175211
12	19	15	beam_20220621-175215
12	20	15	beam_20220621-175220
12	21	15	beam_20220621-175225
12	22	15	beam_20220621-175230
12	23	15	beam_20220621-175234
12	24	15	beam_20220621-175239
12	25	15	beam_20220621-175244
12	26	15	beam_20220621-175249
12	27	15	beam_20220621-175254
12	28	15	beam_20220621-175258
12	29	15	beam_20220621-175303
12	30	15	beam_20220621-175308
12	31	15	beam_20220621-175313
12	32	15	beam_20220621-175318
12	33	0	beam_20220621-175322
12	34	15	beam_20220621-175326
