Col	Row	Count	Time
20	0	15	beam_20220621-181241
20	1	15	beam_20220621-181246
20	2	15	beam_20220621-181251
20	3	15	beam_20220621-181255
20	4	15	beam_20220621-181300
20	5	15	beam_20220621-181305
20	6	15	beam_20220621-181310
20	7	15	beam_20220621-181315
20	8	15	beam_20220621-181319
20	9	15	beam_20220621-181324
20	10	15	beam_20220621-181329
20	11	15	beam_20220621-181334
20	12	15	beam_20220621-181339
20	13	15	beam_20220621-181343
20	14	15	beam_20220621-181348
20	15	15	beam_20220621-181353
20	16	15	beam_20220621-181358
20	17	15	beam_20220621-181402
20	18	15	beam_20220621-181407
20	19	15	beam_20220621-181412
20	20	15	beam_20220621-181417
20	21	15	beam_20220621-181422
20	22	15	beam_20220621-181426
20	23	15	beam_20220621-181431
20	24	15	beam_20220621-181436
20	26	15	beam_20220621-181441
20	27	15	beam_20220621-181446
20	28	15	beam_20220621-181450
20	29	15	beam_20220621-181455
20	30	15	beam_20220621-181500
20	31	15	beam_20220621-181505
20	32	15	beam_20220621-181509
20	33	15	beam_20220621-181514
20	34	15	beam_20220621-181519
