Col	Row	Count	Time
6	0	15	beam_20220621-173444
6	1	15	beam_20220621-173449
6	2	15	beam_20220621-173454
6	3	15	beam_20220621-173458
6	4	15	beam_20220621-173503
6	5	15	beam_20220621-173508
6	6	0	beam_20220621-173513
6	7	15	beam_20220621-173516
6	8	15	beam_20220621-173521
6	9	15	beam_20220621-173526
6	10	15	beam_20220621-173530
6	11	15	beam_20220621-173535
6	12	15	beam_20220621-173540
6	13	15	beam_20220621-173545
6	15	0	beam_20220621-173550
6	17	15	beam_20220621-173553
6	18	15	beam_20220621-173558
6	19	15	beam_20220621-173602
6	20	15	beam_20220621-173607
6	21	15	beam_20220621-173612
6	22	15	beam_20220621-173617
6	23	15	beam_20220621-173621
6	24	15	beam_20220621-173626
6	25	15	beam_20220621-173631
6	26	15	beam_20220621-173636
6	27	15	beam_20220621-173641
6	28	15	beam_20220621-173645
6	29	15	beam_20220621-173650
6	30	15	beam_20220621-173655
6	31	15	beam_20220621-173700
6	32	15	beam_20220621-173705
6	33	15	beam_20220621-173709
6	34	15	beam_20220621-173714
