Col	Row	Count	Time
15	0	15	beam_20220621-175859
15	1	15	beam_20220621-175904
15	2	0	beam_20220621-175909
15	3	15	beam_20220621-175912
15	4	15	beam_20220621-175917
15	5	15	beam_20220621-175921
15	6	15	beam_20220621-175926
15	7	15	beam_20220621-175931
15	8	15	beam_20220621-175936
15	9	15	beam_20220621-175941
15	10	15	beam_20220621-175945
15	11	15	beam_20220621-175950
15	12	15	beam_20220621-175955
15	13	15	beam_20220621-180000
15	14	15	beam_20220621-180004
15	15	15	beam_20220621-180009
15	16	15	beam_20220621-180014
15	17	15	beam_20220621-180019
15	18	15	beam_20220621-180024
15	19	15	beam_20220621-180028
15	20	15	beam_20220621-180033
15	21	15	beam_20220621-180038
15	22	15	beam_20220621-180043
15	23	15	beam_20220621-180048
15	24	15	beam_20220621-180052
15	25	15	beam_20220621-180057
15	26	0	beam_20220621-180102
15	27	15	beam_20220621-180105
15	28	15	beam_20220621-180110
15	29	15	beam_20220621-180115
15	30	15	beam_20220621-180120
15	31	15	beam_20220621-180124
15	32	15	beam_20220621-180129
15	33	15	beam_20220621-180134
15	34	15	beam_20220621-180139
