Col	Row	Count	Time
1	0	15	beam_20220621-172106
1	1	15	beam_20220621-172111
1	2	15	beam_20220621-172116
1	3	15	beam_20220621-172121
1	4	15	beam_20220621-172126
1	5	15	beam_20220621-172130
1	6	15	beam_20220621-172135
1	7	15	beam_20220621-172140
1	8	15	beam_20220621-172145
1	9	15	beam_20220621-172149
1	10	15	beam_20220621-172154
1	11	0	beam_20220621-172159
1	12	15	beam_20220621-172202
1	13	15	beam_20220621-172207
1	14	15	beam_20220621-172212
1	15	15	beam_20220621-172217
1	16	15	beam_20220621-172221
1	17	15	beam_20220621-172226
1	18	15	beam_20220621-172231
1	19	15	beam_20220621-172236
1	20	0	beam_20220621-172240
1	21	15	beam_20220621-172244
1	22	15	beam_20220621-172248
1	23	15	beam_20220621-172253
1	24	15	beam_20220621-172258
1	25	15	beam_20220621-172303
1	26	15	beam_20220621-172307
1	27	15	beam_20220621-172312
1	28	15	beam_20220621-172317
1	29	15	beam_20220621-172322
1	30	15	beam_20220621-172327
1	31	15	beam_20220621-172331
1	32	15	beam_20220621-172336
1	33	15	beam_20220621-172341
1	34	15	beam_20220621-172346
