Col	Row	Count	Time
23	0	15	beam_20220621-182043
23	1	15	beam_20220621-182048
23	2	15	beam_20220621-182053
23	3	15	beam_20220621-182057
23	4	15	beam_20220621-182102
23	5	15	beam_20220621-182107
23	6	15	beam_20220621-182112
23	7	15	beam_20220621-182116
23	8	15	beam_20220621-182121
23	9	15	beam_20220621-182126
23	10	15	beam_20220621-182131
23	11	15	beam_20220621-182136
23	12	15	beam_20220621-182140
23	13	15	beam_20220621-182145
23	14	15	beam_20220621-182150
23	15	15	beam_20220621-182155
23	16	15	beam_20220621-182200
23	17	15	beam_20220621-182204
23	18	15	beam_20220621-182209
23	19	15	beam_20220621-182214
23	20	15	beam_20220621-182219
23	21	15	beam_20220621-182223
23	22	15	beam_20220621-182228
23	23	15	beam_20220621-182233
23	24	15	beam_20220621-182238
23	25	15	beam_20220621-182243
23	26	15	beam_20220621-182247
23	27	15	beam_20220621-182252
23	28	15	beam_20220621-182257
23	29	15	beam_20220621-182302
23	30	15	beam_20220621-182307
23	31	15	beam_20220621-182311
23	32	15	beam_20220621-182316
23	33	15	beam_20220621-182321
23	34	15	beam_20220621-182326
