Col	Row	Count	Time
9	0	15	beam_20220621-174244
9	1	15	beam_20220621-174249
9	2	15	beam_20220621-174254
9	3	15	beam_20220621-174259
9	4	15	beam_20220621-174303
9	5	15	beam_20220621-174308
9	6	15	beam_20220621-174313
9	7	15	beam_20220621-174318
9	8	15	beam_20220621-174323
9	9	15	beam_20220621-174327
9	10	15	beam_20220621-174332
9	11	15	beam_20220621-174337
9	12	15	beam_20220621-174342
9	13	15	beam_20220621-174347
9	14	15	beam_20220621-174351
9	15	15	beam_20220621-174356
9	16	15	beam_20220621-174401
9	17	15	beam_20220621-174406
9	18	15	beam_20220621-174410
9	19	15	beam_20220621-174415
9	20	15	beam_20220621-174420
9	21	15	beam_20220621-174425
9	22	15	beam_20220621-174430
9	23	15	beam_20220621-174434
9	24	15	beam_20220621-174439
9	25	15	beam_20220621-174444
9	26	15	beam_20220621-174449
9	27	15	beam_20220621-174454
9	28	15	beam_20220621-174458
9	29	15	beam_20220621-174503
9	30	15	beam_20220621-174508
9	31	15	beam_20220621-174513
9	32	15	beam_20220621-174517
9	33	15	beam_20220621-174522
9	34	15	beam_20220621-174527
