Col	Row	Count	Time
11	0	15	beam_20220621-174807
11	1	0	beam_20220621-174811
11	2	15	beam_20220621-174815
11	3	15	beam_20220621-174819
11	4	15	beam_20220621-174824
11	5	15	beam_20220621-174829
11	6	15	beam_20220621-174834
11	7	15	beam_20220621-174838
11	8	15	beam_20220621-174843
11	9	15	beam_20220621-174848
11	10	15	beam_20220621-174853
11	11	15	beam_20220621-174858
11	12	15	beam_20220621-174902
11	13	15	beam_20220621-174907
11	14	15	beam_20220621-174912
11	15	15	beam_20220621-174917
11	16	0	beam_20220621-174922
11	17	15	beam_20220621-174925
11	18	15	beam_20220621-174930
11	19	15	beam_20220621-174934
11	20	15	beam_20220621-174939
11	21	15	beam_20220621-174944
11	22	15	beam_20220621-174949
11	23	15	beam_20220621-174954
11	24	15	beam_20220621-174958
11	25	15	beam_20220621-175003
11	26	15	beam_20220621-175008
11	27	0	beam_20220621-175013
11	28	15	beam_20220621-175016
11	29	0	beam_20220621-175021
11	30	15	beam_20220621-175024
11	31	15	beam_20220621-175029
11	32	15	beam_20220621-175033
11	33	15	beam_20220621-175038
11	34	15	beam_20220621-175043
