Col	Row	Count	Time
33	0	15	beam_20220621-184817
33	1	15	beam_20220621-184822
33	2	15	beam_20220621-184827
33	3	15	beam_20220621-184832
33	4	15	beam_20220621-184836
33	5	15	beam_20220621-184841
33	6	15	beam_20220621-184846
33	7	15	beam_20220621-184851
33	8	15	beam_20220621-184856
33	9	15	beam_20220621-184900
33	10	15	beam_20220621-184905
33	11	15	beam_20220621-184910
33	12	15	beam_20220621-184915
33	13	15	beam_20220621-184920
33	14	15	beam_20220621-184924
33	15	15	beam_20220621-184929
33	16	15	beam_20220621-184934
33	17	15	beam_20220621-184939
33	18	15	beam_20220621-184943
33	19	15	beam_20220621-184948
33	20	15	beam_20220621-184953
33	21	15	beam_20220621-184958
33	22	15	beam_20220621-185003
33	23	15	beam_20220621-185007
33	24	15	beam_20220621-185012
33	25	15	beam_20220621-185017
33	26	15	beam_20220621-185022
33	27	15	beam_20220621-185027
33	28	15	beam_20220621-185031
33	29	15	beam_20220621-185036
33	30	15	beam_20220621-185041
33	31	15	beam_20220621-185046
33	32	15	beam_20220621-185050
33	33	15	beam_20220621-185055
33	34	15	beam_20220621-185100
