Col	Row	Count	Time
31	0	15	beam_20220621-184242
31	1	15	beam_20220621-184247
31	2	15	beam_20220621-184252
31	3	15	beam_20220621-184256
31	4	15	beam_20220621-184301
31	5	15	beam_20220621-184306
31	6	15	beam_20220621-184311
31	7	15	beam_20220621-184316
31	8	15	beam_20220621-184320
31	9	15	beam_20220621-184325
31	10	15	beam_20220621-184330
31	11	15	beam_20220621-184335
31	12	15	beam_20220621-184339
31	13	15	beam_20220621-184344
31	14	15	beam_20220621-184349
31	15	15	beam_20220621-184354
31	16	15	beam_20220621-184359
31	17	15	beam_20220621-184403
31	18	15	beam_20220621-184408
31	19	15	beam_20220621-184413
31	20	15	beam_20220621-184418
31	21	15	beam_20220621-184423
31	22	15	beam_20220621-184427
31	23	15	beam_20220621-184432
31	24	15	beam_20220621-184437
31	25	15	beam_20220621-184442
31	26	15	beam_20220621-184446
31	27	15	beam_20220621-184451
31	28	15	beam_20220621-184456
31	29	15	beam_20220621-184501
31	30	15	beam_20220621-184506
31	31	15	beam_20220621-184510
31	32	15	beam_20220621-184515
31	33	15	beam_20220621-184520
31	34	15	beam_20220621-184525
