Col	Row	Count	Time
20	0	0	beam_20220622-102902
20	1	0	beam_20220622-102903
20	2	0	beam_20220622-102904
20	3	15	beam_20220622-102905
20	4	0	beam_20220622-102908
20	5	0	beam_20220622-102909
20	6	0	beam_20220622-102910
20	7	15	beam_20220622-102911
20	8	0	beam_20220622-102914
20	9	0	beam_20220622-102915
20	10	0	beam_20220622-102917
20	11	15	beam_20220622-102918
20	12	15	beam_20220622-102920
20	13	0	beam_20220622-102923
20	14	0	beam_20220622-102924
20	15	15	beam_20220622-102926
20	16	15	beam_20220622-102928
20	17	0	beam_20220622-102931
20	18	15	beam_20220622-102932
20	19	0	beam_20220622-102935
20	20	0	beam_20220622-102936
20	21	15	beam_20220622-102937
20	22	15	beam_20220622-102940
20	23	15	beam_20220622-102943
20	24	0	beam_20220622-102945
20	25	0	beam_20220622-102947
20	26	0	beam_20220622-102948
20	27	15	beam_20220622-102949
20	28	0	beam_20220622-102952
20	29	0	beam_20220622-102953
20	30	0	beam_20220622-102954
20	31	0	beam_20220622-102955
20	32	0	beam_20220622-102956
20	33	0	beam_20220622-102957
20	34	0	beam_20220622-102959
