Col	Row	Count	Time
30	0	0	beam_20220622-103825
30	1	0	beam_20220622-103827
30	2	0	beam_20220622-103828
30	3	0	beam_20220622-103829
30	4	0	beam_20220622-103830
30	5	0	beam_20220622-103831
30	6	0	beam_20220622-103832
30	7	0	beam_20220622-103833
30	8	0	beam_20220622-103835
30	9	0	beam_20220622-103836
30	10	15	beam_20220622-103837
30	11	15	beam_20220622-103840
30	12	0	beam_20220622-103842
30	13	15	beam_20220622-103843
30	14	0	beam_20220622-103846
30	15	0	beam_20220622-103847
30	16	0	beam_20220622-103849
30	17	0	beam_20220622-103850
30	18	0	beam_20220622-103851
30	19	0	beam_20220622-103852
30	20	0	beam_20220622-103853
30	21	15	beam_20220622-103854
30	22	0	beam_20220622-103857
30	23	0	beam_20220622-103858
30	24	0	beam_20220622-103859
30	25	15	beam_20220622-103900
30	26	15	beam_20220622-103903
30	27	15	beam_20220622-103906
30	28	0	beam_20220622-103909
30	29	0	beam_20220622-103910
30	30	15	beam_20220622-103911
30	31	0	beam_20220622-103914
30	32	0	beam_20220622-103915
30	33	0	beam_20220622-103916
30	34	0	beam_20220622-103917
