Col	Row	Count	Time
11	0	0	beam_20220622-102036
11	1	0	beam_20220622-102037
11	2	0	beam_20220622-102038
11	3	0	beam_20220622-102040
11	4	0	beam_20220622-102041
11	5	0	beam_20220622-102042
11	6	15	beam_20220622-102043
11	7	0	beam_20220622-102046
11	8	15	beam_20220622-102047
11	9	0	beam_20220622-102050
11	10	0	beam_20220622-102051
11	11	15	beam_20220622-102052
11	12	15	beam_20220622-102055
11	13	0	beam_20220622-102057
11	14	0	beam_20220622-102058
11	15	0	beam_20220622-102100
11	16	0	beam_20220622-102101
11	17	0	beam_20220622-102102
11	18	15	beam_20220622-102103
11	19	0	beam_20220622-102106
11	20	0	beam_20220622-102107
11	21	0	beam_20220622-102108
11	22	15	beam_20220622-102109
11	23	0	beam_20220622-102112
11	24	15	beam_20220622-102113
11	25	15	beam_20220622-102116
11	26	15	beam_20220622-102119
11	27	0	beam_20220622-102121
11	28	0	beam_20220622-102122
11	29	0	beam_20220622-102124
11	30	0	beam_20220622-102125
11	31	15	beam_20220622-102126
11	32	15	beam_20220622-102129
11	33	0	beam_20220622-102131
11	34	0	beam_20220622-102133
