Col	Row	Count	Time
26	0	0	beam_20220622-103441
26	1	0	beam_20220622-103442
26	2	15	beam_20220622-103443
26	3	0	beam_20220622-103446
26	4	15	beam_20220622-103447
26	5	0	beam_20220622-103450
26	6	0	beam_20220622-103451
26	7	0	beam_20220622-103452
26	8	0	beam_20220622-103453
26	9	0	beam_20220622-103454
26	10	0	beam_20220622-103455
26	11	15	beam_20220622-103456
26	12	0	beam_20220622-103459
26	13	0	beam_20220622-103500
26	14	15	beam_20220622-103501
26	15	0	beam_20220622-103504
26	16	15	beam_20220622-103505
26	17	15	beam_20220622-103508
26	18	0	beam_20220622-103511
26	19	0	beam_20220622-103512
26	20	15	beam_20220622-103513
26	21	15	beam_20220622-103516
26	22	0	beam_20220622-103519
26	23	0	beam_20220622-103520
26	24	0	beam_20220622-103521
26	25	0	beam_20220622-103522
26	26	0	beam_20220622-103523
26	27	0	beam_20220622-103524
26	28	15	beam_20220622-103525
26	29	15	beam_20220622-103528
26	30	0	beam_20220622-103531
26	31	0	beam_20220622-103532
26	32	0	beam_20220622-103533
26	33	15	beam_20220622-103534
26	34	15	beam_20220622-103537
