Col	Row	Count	Time
12	0	0	beam_20220622-102134
12	1	0	beam_20220622-102135
12	2	0	beam_20220622-102136
12	3	0	beam_20220622-102137
12	4	0	beam_20220622-102138
12	5	0	beam_20220622-102139
12	6	0	beam_20220622-102140
12	7	0	beam_20220622-102142
12	8	0	beam_20220622-102143
12	9	0	beam_20220622-102144
12	10	0	beam_20220622-102145
12	11	0	beam_20220622-102146
12	12	0	beam_20220622-102147
12	13	0	beam_20220622-102148
12	14	15	beam_20220622-102150
12	15	0	beam_20220622-102152
12	16	0	beam_20220622-102153
12	17	0	beam_20220622-102155
12	18	0	beam_20220622-102156
12	19	15	beam_20220622-102157
12	20	15	beam_20220622-102200
12	21	0	beam_20220622-102202
12	22	0	beam_20220622-102203
12	23	0	beam_20220622-102205
12	24	15	beam_20220622-102206
12	25	0	beam_20220622-102209
12	26	0	beam_20220622-102210
12	27	15	beam_20220622-102211
12	28	0	beam_20220622-102214
12	29	15	beam_20220622-102215
12	30	0	beam_20220622-102218
12	31	0	beam_20220622-102219
12	32	0	beam_20220622-102220
12	33	0	beam_20220622-102221
12	34	15	beam_20220622-102222
