Col	Row	Count	Time
15	0	0	beam_20220622-102416
15	1	0	beam_20220622-102417
15	2	0	beam_20220622-102418
15	3	0	beam_20220622-102419
15	4	15	beam_20220622-102420
15	5	0	beam_20220622-102423
15	6	0	beam_20220622-102424
15	7	0	beam_20220622-102425
15	8	15	beam_20220622-102426
15	9	15	beam_20220622-102429
15	10	0	beam_20220622-102432
15	11	0	beam_20220622-102433
15	12	0	beam_20220622-102434
15	13	0	beam_20220622-102435
15	14	0	beam_20220622-102437
15	15	0	beam_20220622-102438
15	17	0	beam_20220622-102439
15	18	15	beam_20220622-102440
15	19	15	beam_20220622-102443
15	20	15	beam_20220622-102446
15	21	0	beam_20220622-102448
15	22	0	beam_20220622-102449
15	23	15	beam_20220622-102451
15	24	0	beam_20220622-102453
15	25	0	beam_20220622-102454
15	26	0	beam_20220622-102456
15	27	15	beam_20220622-102457
15	28	0	beam_20220622-102500
15	29	0	beam_20220622-102501
15	30	15	beam_20220622-102502
15	31	15	beam_20220622-102505
15	33	0	beam_20220622-102507
15	34	15	beam_20220622-102509
