Col	Row	Count	Time
32	0	0	beam_20220601-170905
32	1	0	beam_20220601-170909
32	2	0	beam_20220601-170913
32	3	0	beam_20220601-170917
32	4	0	beam_20220601-170921
32	5	500	beam_20220601-170926
32	6	0	beam_20220601-171024
32	7	0	beam_20220601-171028
32	8	0	beam_20220601-171032
32	9	0	beam_20220601-171036
32	10	500	beam_20220601-171040
32	11	0	beam_20220601-171138
32	12	0	beam_20220601-171142
32	13	0	beam_20220601-171146
32	14	500	beam_20220601-171150
32	15	0	beam_20220601-171248
32	16	0	beam_20220601-171252
32	17	0	beam_20220601-171256
32	18	0	beam_20220601-171300
32	19	0	beam_20220601-171304
32	20	0	beam_20220601-171309
32	21	0	beam_20220601-171313
32	22	0	beam_20220601-171317
32	23	0	beam_20220601-171321
32	24	500	beam_20220601-171325
32	25	500	beam_20220601-171423
32	26	0	beam_20220601-171521
32	27	0	beam_20220601-171525
32	28	0	beam_20220601-171529
32	31	0	beam_20220601-171533
32	32	0	beam_20220601-171537
32	33	0	beam_20220601-171541
32	34	0	beam_20220601-171545
