Col	Row	Count	Time
2	0	0	beam_20220531-195404
2	1	0	beam_20220531-195503
2	2	0	beam_20220531-195602
2	3	0	beam_20220531-195701
2	4	0	beam_20220531-195759
2	7	0	beam_20220531-195858
2	8	0	beam_20220531-195957
2	9	0	beam_20220531-200056
2	10	500	beam_20220531-200155
2	11	0	beam_20220531-200254
2	12	0	beam_20220531-200353
2	13	0	beam_20220531-200451
2	14	0	beam_20220531-200550
2	15	0	beam_20220531-200649
2	16	0	beam_20220531-200748
2	17	0	beam_20220531-200847
2	18	441	beam_20220531-200945
2	19	0	beam_20220531-201044
2	20	0	beam_20220531-201143
2	21	0	beam_20220531-201242
2	22	500	beam_20220531-201341
2	23	0	beam_20220531-201440
2	24	0	beam_20220531-201538
2	25	442	beam_20220531-201637
2	26	0	beam_20220531-201736
2	27	0	beam_20220531-201835
2	28	0	beam_20220531-201934
2	29	0	beam_20220531-202033
2	30	0	beam_20220531-202131
2	31	0	beam_20220531-202230
2	32	0	beam_20220531-202329
2	33	0	beam_20220531-202428
2	34	0	beam_20220531-202527
