Col	Row	Count	Time
11	0	0	beam_20220601-005548
11	1	0	beam_20220601-005646
11	4	0	beam_20220601-005743
11	5	496	beam_20220601-005841
11	6	395	beam_20220601-005939
11	7	500	beam_20220601-010037
11	8	0	beam_20220601-010135
11	9	0	beam_20220601-010233
11	10	500	beam_20220601-010331
11	11	0	beam_20220601-010429
11	12	0	beam_20220601-010527
11	13	0	beam_20220601-010625
11	14	500	beam_20220601-010723
11	15	500	beam_20220601-010821
11	16	0	beam_20220601-010919
11	17	262	beam_20220601-011017
11	18	0	beam_20220601-011115
11	19	0	beam_20220601-011213
11	20	0	beam_20220601-011310
11	21	0	beam_20220601-011408
11	22	9	beam_20220601-011506
11	23	0	beam_20220601-011604
11	24	0	beam_20220601-011702
11	25	0	beam_20220601-011800
11	26	0	beam_20220601-011859
11	27	0	beam_20220601-011958
11	28	0	beam_20220601-012057
11	29	0	beam_20220601-012155
11	30	13	beam_20220601-012254
11	31	0	beam_20220601-012353
11	32	0	beam_20220601-012452
11	33	0	beam_20220601-012551
11	34	0	beam_20220601-012649
