Col	Row	Count	Time
10	0	0	beam_20220601-002435
10	1	0	beam_20220601-002534
10	2	0	beam_20220601-002632
10	3	500	beam_20220601-002731
10	4	0	beam_20220601-002830
10	5	500	beam_20220601-002929
10	6	0	beam_20220601-003028
10	7	0	beam_20220601-003126
10	8	0	beam_20220601-003225
10	9	0	beam_20220601-003324
10	10	0	beam_20220601-003423
10	11	0	beam_20220601-003522
10	12	500	beam_20220601-003621
10	13	0	beam_20220601-003719
10	14	500	beam_20220601-003818
10	15	447	beam_20220601-003917
10	18	500	beam_20220601-004016
10	19	497	beam_20220601-004115
10	20	0	beam_20220601-004213
10	21	0	beam_20220601-004312
10	22	500	beam_20220601-004411
10	23	0	beam_20220601-004510
10	24	500	beam_20220601-004608
10	25	0	beam_20220601-004706
10	26	392	beam_20220601-004804
10	27	0	beam_20220601-004902
10	28	0	beam_20220601-005000
10	30	141	beam_20220601-005058
10	31	0	beam_20220601-005156
10	32	0	beam_20220601-005254
10	33	0	beam_20220601-005352
10	34	500	beam_20220601-005450
