Col	Row	Count	Time
25	0	500	beam_20220603-012228
25	1	500	beam_20220603-012327
25	2	500	beam_20220603-012425
25	3	500	beam_20220603-012524
25	6	500	beam_20220603-012623
25	7	500	beam_20220603-012722
25	8	0	beam_20220603-012821
25	9	0	beam_20220603-012825
25	10	0	beam_20220603-012829
25	11	500	beam_20220603-012833
25	12	500	beam_20220603-012932
25	13	0	beam_20220603-013030
25	14	500	beam_20220603-013035
25	15	500	beam_20220603-013133
25	16	500	beam_20220603-013232
25	17	500	beam_20220603-013331
25	18	500	beam_20220603-013430
25	19	0	beam_20220603-013529
25	20	500	beam_20220603-013533
25	21	500	beam_20220603-013632
25	22	500	beam_20220603-013730
25	23	500	beam_20220603-013829
25	24	500	beam_20220603-013928
25	25	500	beam_20220603-014027
25	26	500	beam_20220603-014125
25	27	500	beam_20220603-014224
25	28	500	beam_20220603-014323
25	29	0	beam_20220603-014422
25	30	500	beam_20220603-014426
25	31	500	beam_20220603-014525
25	32	0	beam_20220603-014623
25	33	500	beam_20220603-014628
25	34	128	beam_20220603-014726
