Voltageboard settings: [1.125, 1, 0, 0, 1, 1.1, 0, 0]
Digital: {'interrupt_pushpull': 1, 'En_Inj1': 0, 'En_Inj2': 0, 'En_Inj3': 0, 'En_Inj4': 0, 'En_Inj5': 0, 'En_Inj6': 0, 'En_Inj7': 0, 'En_Inj8': 0, 'En_Inj9': 0, 'En_Inj10': 0, 'En_Inj11': 0, 'En_Inj12': 0, 'En_Inj13': 0, 'En_Inj14': 0, 'En_Inj15': 0, 'En_Inj16': 0, 'En_Inj17': 0, 'En_Inj18': 0, 'ResetB': 0, 'Extrabit0': 1, 'Extrabit1': 1, 'Extrabit2': 1, 'Extrabit3': 1, 'Extrabit4': 1, 'Extrabit5': 1, 'Extrabit6': 1, 'Extrabit7': 1, 'Extrabit8': 0, 'Extrabit9': 0, 'Extrabit10': 0, 'Extrabit11': 0, 'Extrabit12': 0, 'Extrabit13': 0, 'Extrabit14': 0}
Biasblock: {'DisHiDR': 0, 'q01': 0, 'qon0': 0, 'qon1': 1, 'qon2': 0, 'qon3': 1}
DAC: {'blres': 0, 'nu1': 0, 'vn1': 20, 'vnfb': 1, 'vnfoll': 10, 'nu5': 0, 'nu6': 0, 'nu7': 0, 'nu8': 0, 'vn2': 0, 'vnfoll2': 1, 'vnbias': 0, 'vpload': 5, 'nu13': 0, 'vncomp': 2, 'vpfoll': 60, 'nu16': 0, 'vprec': 30, 'vnrec': 30}
Receiver: {'ColConfig0': 274877906941, 'ColConfig1': 68719476734, 'ColConfig2': 68719476734, 'ColConfig3': 68719476734, 'ColConfig4': 68719476734, 'ColConfig5': 68719476734, 'ColConfig6': 68719476734, 'ColConfig7': 68719476734, 'ColConfig8': 68719476734, 'ColConfig9': 68719476734, 'ColConfig10': 68719476734, 'ColConfig11': 68719476734, 'ColConfig12': 68719476734, 'ColConfig13': 68719476734, 'ColConfig14': 68719476734, 'ColConfig15': 68719476734, 'ColConfig16': 68719476734, 'ColConfig17': 68719476734, 'ColConfig18': 68719476734, 'ColConfig19': 68719476734, 'ColConfig20': 68719476734, 'ColConfig21': 68719476734, 'ColConfig22': 68719476734, 'ColConfig23': 68719476734, 'ColConfig24': 68719476734, 'ColConfig25': 68719476734, 'ColConfig26': 68719476734, 'ColConfig27': 68719476734, 'ColConfig28': 68719476734, 'ColConfig29': 68719476734, 'ColConfig30': 68719476734, 'ColConfig31': 68719476734, 'ColConfig32': 68719476734, 'ColConfig33': 68719476734, 'ColConfig34': 68719476734}

NEvent	ChipId	Payload	Locatn	Row/Col	tStamp	MSB	LSB	ToT	ToT(us)	RealTime
0	0	 4	 0	Row	6	 6	188 	 1724 	 17.24	1656535612.3399014 
0	0	 4	 0	Col	6	 6	208 	 1744 	 17.44	1656535612.3399014 
1	0	 4	 0	Row	131	 13	27 	 3355 	 33.55	1656535612.8856723 
1	0	 4	 0	Col	131	 13	89 	 3417 	 34.17	1656535612.8856723 
2	0	 4	 0	Row	127	 8	15 	 2063 	 20.63	1656535613.3681092 
2	0	 4	 0	Col	127	 8	67 	 2115 	 21.15	1656535613.3681092 
3	0	 4	 0	Row	251	 1	239 	 495 	 4.95	1656535613.8507054 
3	0	 4	 0	Col	251	 2	43 	 555 	 5.55	1656535613.8507054 
4	0	 4	 0	Row	249	 11	140 	 2956 	 29.56	1656535614.3358557 
4	0	 4	 0	Col	249	 11	196 	 3012 	 30.12	1656535614.3358557 
5	0	 4	 0	Row	246	 4	184 	 1208 	 12.08	1656535614.8036897 
5	0	 4	 0	Col	246	 4	238 	 1262 	 12.62	1656535614.8036897 
6	0	 4	 0	Row	243	 10	167 	 2727 	 27.27	1656535615.2743583 
6	0	 4	 0	Col	243	 10	223 	 2783 	 27.83	1656535615.2743583 
7	0	 4	 0	Row	240	 8	20 	 2068 	 20.68	1656535615.7601042 
7	0	 4	 0	Col	240	 8	74 	 2122 	 21.22	1656535615.7601042 
8	0	 4	 0	Row	238	 11	197 	 3013 	 30.13	1656535616.230739 
8	0	 4	 0	Col	238	 11	250 	 3066 	 30.66	1656535616.230739 
9	0	 4	 0	Row	107	 8	119 	 2167 	 21.67	1656535616.7134447 
9	0	 4	 0	Col	106	 8	176 	 2224 	 22.24	1656535616.7134447 
10	0	 4	 0	Row	104	 12	3 	 3075 	 30.75	1656535617.1838057 
10	0	 4	 0	Col	104	 12	53 	 3125 	 31.25	1656535617.1838057 
11	0	 4	 0	Row	101	 12	211 	 3283 	 32.83	1656535617.655749 
11	0	 4	 0	Col	101	 13	3 	 3331 	 33.31	1656535617.655749 
12	0	 4	 0	Row	98	 8	237 	 2285 	 22.85	1656535618.126533 
12	0	 4	 0	Col	98	 9	35 	 2339 	 23.39	1656535618.126533 
13	0	 4	 0	Row	96	 10	12 	 2572 	 25.72	1656535618.6082768 
13	0	 4	 0	Col	96	 10	64 	 2624 	 26.24	1656535618.6082768 
14	0	 4	 0	Row	93	 8	128 	 2176 	 21.76	1656535619.081611 
14	0	 4	 0	Col	93	 8	178 	 2226 	 22.26	1656535619.081611 
15	0	 4	 0	Row	90	 12	14 	 3086 	 30.86	1656535619.562964 
15	0	 4	 0	Col	90	 12	56 	 3128 	 31.28	1656535619.562964 
16	0	 4	 0	Row	215	 9	127 	 2431 	 24.31	1656535620.041523 
16	0	 4	 0	Col	215	 9	186 	 2490 	 24.9	1656535620.041523 
17	0	 4	 0	Row	213	 10	7 	 2567 	 25.67	1656535620.5235739 
17	0	 4	 0	Col	212	 10	55 	 2615 	 26.15	1656535620.5235739 
18	0	 4	 0	Row	210	 8	108 	 2156 	 21.56	1656535621.0049443 
18	0	 4	 0	Col	210	 8	155 	 2203 	 22.03	1656535621.0049443 
19	0	 4	 0	Row	207	 10	207 	 2767 	 27.67	1656535621.47075 
19	0	 4	 0	Col	207	 11	2 	 2818 	 28.18	1656535621.47075 
20	0	 4	 0	Row	204	 13	53 	 3381 	 33.81	1656535621.9414253 
20	0	 4	 0	Col	204	 13	101 	 3429 	 34.29	1656535621.9414253 
21	0	 4	 0	Row	202	 9	213 	 2517 	 25.17	1656535622.409086 
21	0	 4	 0	Col	202	 10	5 	 2565 	 25.65	1656535622.409086 
22	0	 4	 0	Row	199	 9	53 	 2357 	 23.57	1656535622.8734808 
22	0	 4	 0	Col	199	 9	108 	 2412 	 24.12	1656535622.8734808 
23	0	 4	 0	Row	196	 7	2 	 1794 	 17.94	1656535623.3593388 
23	0	 4	 0	Col	196	 7	55 	 1847 	 18.47	1656535623.3593388 
24	0	 4	 0	Row	65	 3	158 	 926 	 9.26	1656535623.8445876 
24	0	 4	 0	Col	65	 3	219 	 987 	 9.87	1656535623.8445876 
25	0	 4	 0	Row	62	 8	78 	 2126 	 21.26	1656535624.326059 
25	0	 4	 0	Col	62	 8	129 	 2177 	 21.77	1656535624.326059 
26	0	 4	 0	Row	60	 7	44 	 1836 	 18.36	1656535624.8113186 
26	0	 4	 0	Col	60	 7	96 	 1888 	 18.88	1656535624.8113186 
27	0	 4	 0	Row	57	 8	197 	 2245 	 22.45	1656535625.2764475 
27	0	 4	 0	Col	57	 8	247 	 2295 	 22.95	1656535625.2764475 
28	0	 4	 0	Row	54	 13	42 	 3370 	 33.7	1656535625.742459 
28	0	 4	 0	Col	54	 13	94 	 3422 	 34.22	1656535625.742459 
29	0	 4	 0	Row	179	 4	249 	 1273 	 12.73	1656535626.2234118 
29	0	 4	 0	Col	179	 5	53 	 1333 	 13.33	1656535626.2234118 
30	0	 4	 0	Row	49	 12	149 	 3221 	 32.21	1656535626.7063708 
30	0	 4	 0	Col	176	 12	200 	 3272 	 32.72	1656535626.7063708 
31	0	 4	 0	Row	174	 8	220 	 2268 	 22.68	1656535627.1886978 
31	0	 4	 0	Col	174	 9	16 	 2320 	 23.2	1656535627.1886978 
32	0	 4	 0	Row	171	 10	191 	 2751 	 27.51	1656535627.6564407 
32	0	 4	 0	Col	171	 10	242 	 2802 	 28.02	1656535627.6564407 
33	0	 4	 0	Row	168	 9	161 	 2465 	 24.65	1656535628.1419861 
33	0	 4	 0	Col	168	 9	215 	 2519 	 25.19	1656535628.1419861 
34	0	 4	 0	Row	166	 11	232 	 3048 	 30.48	1656535628.61024 
34	0	 4	 0	Col	166	 12	28 	 3100 	 31.0	1656535628.61024 
35	0	 4	 0	Row	35	 8	175 	 2223 	 22.23	1656535629.094388 
35	0	 4	 0	Col	34	 8	240 	 2288 	 22.88	1656535629.094388 
36	0	 4	 0	Row	32	 8	42 	 2090 	 20.9	1656535629.5791326 
36	0	 4	 0	Col	32	 8	96 	 2144 	 21.44	1656535629.5791326 
37	0	 4	 0	Row	29	 14	168 	 3752 	 37.52	1656535630.044245 
37	0	 4	 0	Col	29	 14	217 	 3801 	 38.01	1656535630.044245 
38	0	 4	 0	Row	26	 12	65 	 3137 	 31.37	1656535630.5292609 
38	0	 4	 0	Col	26	 12	118 	 3190 	 31.9	1656535630.5292609 
39	0	 4	 0	Row	24	 10	94 	 2654 	 26.54	1656535631.0154438 
39	0	 4	 0	Col	24	 10	144 	 2704 	 27.04	1656535631.0154438 
40	0	 4	 0	Row	21	 14	157 	 3741 	 37.41	1656535631.4853315 
40	0	 4	 0	Col	21	 14	211 	 3795 	 37.95	1656535631.4853315 
41	0	 4	 0	Row	146	 6	15 	 1551 	 15.51	1656535631.956273 
41	0	 4	 0	Col	146	 6	75 	 1611 	 16.11	1656535631.956273 
42	0	 4	 0	Row	143	 5	206 	 1486 	 14.86	1656535632.4255667 
42	0	 4	 0	Col	143	 5	249 	 1529 	 15.29	1656535632.4255667 
43	0	 4	 0	Row	141	 14	42 	 3626 	 36.26	1656535632.8922944 
43	0	 4	 0	Col	140	 14	93 	 3677 	 36.77	1656535632.8922944 
44	0	 4	 0	Row	138	 12	125 	 3197 	 31.97	1656535633.3732886 
44	0	 4	 0	Col	138	 12	178 	 3250 	 32.5	1656535633.3732886 
45	0	 4	 0	Row	135	 10	224 	 2784 	 27.84	1656535633.8421283 
45	0	 4	 0	Col	135	 11	18 	 2834 	 28.34	1656535633.8421283 
46	0	 4	 0	Row	132	 11	238 	 3054 	 30.54	1656535634.313153 
46	0	 4	 0	Col	132	 12	32 	 3104 	 31.04	1656535634.313153 
47	0	 4	 0	Row	130	 8	184 	 2232 	 22.32	1656535634.7843554 
47	0	 4	 0	Col	130	 8	237 	 2285 	 22.85	1656535634.7843554 
48	0	 4	 0	Row	127	 10	237 	 2797 	 27.97	1656535635.2527852 
48	0	 4	 0	Col	127	 11	30 	 2846 	 28.46	1656535635.2527852 
49	0	 4	 0	Row	124	 6	184 	 1720 	 17.2	1656535635.717355 
49	0	 4	 0	Col	124	 6	230 	 1766 	 17.66	1656535635.717355 
50	0	 4	 0	Row	122	 10	118 	 2678 	 26.78	1656535636.1682208 
50	0	 4	 0	Col	121	 10	173 	 2733 	 27.33	1656535636.1682208 
51	0	 4	 0	Row	119	 8	90 	 2138 	 21.38	1656535636.6566315 
51	0	 4	 0	Col	119	 8	141 	 2189 	 21.89	1656535636.6566315 
52	0	 4	 0	Row	244	 8	97 	 2145 	 21.45	1656535637.140353 
52	0	 4	 0	Col	244	 8	161 	 2209 	 22.09	1656535637.140353 
53	0	 4	 0	Row	241	 12	92 	 3164 	 31.64	1656535637.6271687 
53	0	 4	 0	Col	241	 12	142 	 3214 	 32.14	1656535637.6271687 
54	0	 4	 0	Row	238	 5	121 	 1401 	 14.01	1656535638.0932603 
54	0	 4	 0	Col	238	 5	177 	 1457 	 14.57	1656535638.0932603 
55	0	 4	 0	Row	236	 10	91 	 2651 	 26.51	1656535638.5599446 
55	0	 4	 0	Col	235	 10	143 	 2703 	 27.03	1656535638.5599446 
56	0	 4	 0	Row	233	 14	147 	 3731 	 37.31	1656535639.0436876 
56	0	 4	 0	Col	233	 14	194 	 3778 	 37.78	1656535639.0436876 
57	0	 4	 0	Row	230	 10	197 	 2757 	 27.57	1656535639.5073774 
57	0	 4	 0	Col	230	 10	253 	 2813 	 28.13	1656535639.5073774 
58	0	 4	 0	Row	228	 10	212 	 2772 	 27.72	1656535639.9890456 
58	0	 4	 0	Col	227	 11	10 	 2826 	 28.26	1656535639.9890456 
59	0	 4	 0	Row	225	 7	166 	 1958 	 19.58	1656535640.4581492 
59	0	 4	 0	Col	225	 7	213 	 2005 	 20.05	1656535640.4581492 
60	0	 4	 0	Row	94	 7	33 	 1825 	 18.25	1656535640.9415426 
60	0	 4	 0	Col	94	 7	99 	 1891 	 18.91	1656535640.9415426 
61	0	 4	 0	Row	91	 7	125 	 1917 	 19.17	1656535641.4083095 
61	0	 4	 0	Col	91	 7	175 	 1967 	 19.67	1656535641.4083095 
62	0	 4	 0	Row	88	 9	249 	 2553 	 25.53	1656535641.9070926 
62	0	 4	 0	Col	88	 10	39 	 2599 	 25.99	1656535641.9070926 
63	0	 4	 0	Row	86	 11	32 	 2848 	 28.48	1656535642.387124 
63	0	 4	 0	Col	85	 11	81 	 2897 	 28.97	1656535642.387124 
64	0	 4	 0	Row	210	 8	235 	 2283 	 22.83	1656535642.8679872 
64	0	 4	 0	Col	210	 9	46 	 2350 	 23.5	1656535642.8679872 
65	0	 4	 0	Row	208	 9	38 	 2342 	 23.42	1656535643.350353 
65	0	 4	 0	Col	208	 9	91 	 2395 	 23.95	1656535643.350353 
66	0	 4	 0	Row	205	 7	146 	 1938 	 19.38	1656535643.800306 
66	0	 4	 0	Col	205	 7	195 	 1987 	 19.87	1656535643.800306 
67	0	 4	 0	Row	202	 14	101 	 3685 	 36.85	1656535644.2670825 
67	0	 4	 0	Col	202	 14	154 	 3738 	 37.38	1656535644.2670825 
68	0	 4	 0	Row	200	 9	230 	 2534 	 25.34	1656535644.7512903 
68	0	 4	 0	Col	199	 10	29 	 2589 	 25.89	1656535644.7512903 
69	0	 4	 0	Row	197	 1	181 	 437 	 4.37	1656535645.220483 
69	0	 4	 0	Col	197	 1	227 	 483 	 4.83	1656535645.220483 
70	0	 4	 0	Row	194	 10	32 	 2592 	 25.92	1656535645.6852787 
70	0	 4	 0	Col	194	 10	89 	 2649 	 26.49	1656535645.6852787 
71	0	 4	 0	Row	192	 8	44 	 2092 	 20.92	1656535646.172054 
71	0	 4	 0	Col	191	 8	89 	 2137 	 21.37	1656535646.172054 
72	0	 4	 0	Row	60	 9	117 	 2421 	 24.21	1656535646.6529477 
72	0	 4	 0	Col	60	 9	173 	 2477 	 24.77	1656535646.6529477 
73	0	 4	 0	Row	58	 6	234 	 1770 	 17.7	1656535647.1345897 
73	0	 4	 0	Col	58	 7	27 	 1819 	 18.19	1656535647.1345897 
74	0	 4	 0	Row	55	 6	254 	 1790 	 17.9	1656535647.6193078 
74	0	 4	 0	Col	55	 7	47 	 1839 	 18.39	1656535647.6193078 
75	0	 4	 0	Row	52	 9	164 	 2468 	 24.68	1656535648.100471 
75	0	 4	 0	Col	52	 9	212 	 2516 	 25.16	1656535648.100471 
76	0	 4	 0	Row	177	 8	73 	 2121 	 21.21	1656535648.5836837 
76	0	 4	 0	Col	177	 8	131 	 2179 	 21.79	1656535648.5836837 
77	0	 4	 0	Row	174	 8	119 	 2167 	 21.67	1656535649.0797029 
77	0	 4	 0	Col	174	 8	167 	 2215 	 22.15	1656535649.0797029 
78	0	 4	 0	Row	172	 8	118 	 2166 	 21.66	1656535649.5612986 
78	0	 4	 0	Col	172	 8	167 	 2215 	 22.15	1656535649.5612986 
79	0	 4	 0	Row	169	 7	139 	 1931 	 19.31	1656535650.0427287 
79	0	 4	 0	Col	169	 7	192 	 1984 	 19.84	1656535650.0427287 
80	0	 4	 0	Row	166	 7	37 	 1829 	 18.29	1656535650.511243 
80	0	 4	 0	Col	166	 7	90 	 1882 	 18.82	1656535650.511243 
81	0	 4	 0	Row	35	 10	93 	 2653 	 26.53	1656535650.9929326 
81	0	 4	 0	Col	35	 10	138 	 2698 	 26.98	1656535650.9929326 
82	0	 4	 0	Row	32	 15	59 	 3899 	 38.99	1656535651.47249 
82	0	 4	 0	Col	32	 15	117 	 3957 	 39.57	1656535651.47249 
83	0	 4	 0	Row	30	 10	182 	 2742 	 27.42	1656535651.936897 
83	0	 4	 0	Col	30	 10	236 	 2796 	 27.96	1656535651.936897 
84	0	 4	 0	Row	27	 7	1 	 1793 	 17.93	1656535652.4338746 
84	0	 4	 0	Col	27	 7	55 	 1847 	 18.47	1656535652.4338746 
85	0	 4	 0	Row	152	 8	34 	 2082 	 20.82	1656535652.9339826 
85	0	 4	 0	Col	152	 8	91 	 2139 	 21.39	1656535652.9339826 
86	0	 4	 0	Row	149	 14	177 	 3761 	 37.61	1656535653.416642 
86	0	 4	 0	Col	149	 14	232 	 3816 	 38.16	1656535653.416642 
87	0	 4	 0	Row	147	 9	142 	 2446 	 24.46	1656535653.8992763 
87	0	 4	 0	Col	146	 9	195 	 2499 	 24.99	1656535653.8992763 
88	0	 4	 0	Row	144	 13	82 	 3410 	 34.1	1656535654.3854303 
88	0	 4	 0	Col	144	 13	138 	 3466 	 34.66	1656535654.3854303 
89	0	 4	 0	Row	13	 7	55 	 1847 	 18.47	1656535654.897118 
89	0	 4	 0	Col	13	 7	104 	 1896 	 18.96	1656535654.897118 
90	0	 4	 0	Row	10	 4	236 	 1260 	 12.6	1656535655.3813381 
90	0	 4	 0	Col	10	 5	34 	 1314 	 13.14	1656535655.3813381 
91	0	 4	 0	Row	7	 12	84 	 3156 	 31.56	1656535655.849816 
91	0	 4	 0	Col	7	 12	137 	 3209 	 32.09	1656535655.849816 
92	0	 4	 0	Row	132	 7	138 	 1930 	 19.3	1656535656.3319678 
92	0	 4	 0	Col	132	 7	195 	 1987 	 19.87	1656535656.3319678 
93	0	 4	 0	Row	129	 6	88 	 1624 	 16.24	1656535656.8110921 
93	0	 4	 0	Col	129	 6	138 	 1674 	 16.74	1656535656.8110921 
94	0	 4	 0	Row	127	 8	164 	 2212 	 22.12	1656535657.2832248 
94	0	 4	 0	Col	127	 8	218 	 2266 	 22.66	1656535657.2832248 
95	0	 4	 0	Row	124	 10	100 	 2660 	 26.6	1656535657.7529094 
95	0	 4	 0	Col	124	 10	156 	 2716 	 27.16	1656535657.7529094 
96	0	 4	 0	Row	121	 5	174 	 1454 	 14.54	1656535658.235742 
96	0	 4	 0	Col	121	 5	224 	 1504 	 15.04	1656535658.235742 
97	0	 4	 0	Row	119	 7	127 	 1919 	 19.19	1656535658.705205 
97	0	 4	 0	Col	119	 7	177 	 1969 	 19.69	1656535658.705205 
98	0	 4	 0	Row	243	 12	9 	 3081 	 30.81	1656535659.201567 
98	0	 4	 0	Col	243	 12	64 	 3136 	 31.36	1656535659.201567 
99	0	 4	 0	Row	241	 11	133 	 2949 	 29.49	1656535659.6694255 
99	0	 4	 0	Col	241	 11	186 	 3002 	 30.02	1656535659.6694255 
100	0	 4	 0	Row	238	 6	29 	 1565 	 15.65	1656535660.151866 
100	0	 4	 0	Col	238	 6	82 	 1618 	 16.18	1656535660.151866 
101	0	 4	 0	Row	235	 12	225 	 3297 	 32.97	1656535660.6165526 
101	0	 4	 0	Col	235	 13	17 	 3345 	 33.45	1656535660.6165526 
102	0	 4	 0	Row	233	 6	59 	 1595 	 15.95	1656535661.1000035 
102	0	 4	 0	Col	233	 6	110 	 1646 	 16.46	1656535661.1000035 
103	0	 4	 0	Row	230	 10	102 	 2662 	 26.62	1656535661.5682604 
103	0	 4	 0	Col	230	 10	157 	 2717 	 27.17	1656535661.5682604 
104	0	 4	 0	Row	99	 3	49 	 817 	 8.17	1656535662.0515862 
104	0	 4	 0	Col	99	 3	107 	 875 	 8.75	1656535662.0515862 
105	0	 4	 0	Row	96	 4	220 	 1244 	 12.44	1656535662.5349736 
105	0	 4	 0	Col	96	 5	16 	 1296 	 12.96	1656535662.5349736 
106	0	 4	 0	Row	93	 8	14 	 2062 	 20.62	1656535663.0157785 
106	0	 4	 0	Col	93	 8	65 	 2113 	 21.13	1656535663.0157785 
107	0	 4	 0	Row	91	 8	17 	 2065 	 20.65	1656535663.485734 
107	0	 4	 0	Col	91	 8	66 	 2114 	 21.14	1656535663.485734 
108	0	 4	 0	Row	88	 8	77 	 2125 	 21.25	1656535663.95251 
108	0	 4	 0	Col	88	 8	126 	 2174 	 21.74	1656535663.95251 
109	0	 4	 0	Row	85	 3	54 	 822 	 8.22	1656535664.419302 
109	0	 4	 0	Col	85	 3	100 	 868 	 8.68	1656535664.419302 
110	0	 4	 0	Row	83	 8	28 	 2076 	 20.76	1656535664.905365 
110	0	 4	 0	Col	83	 8	79 	 2127 	 21.27	1656535664.905365 
111	0	 4	 0	Row	208	 5	244 	 1524 	 15.24	1656535665.3879685 
111	0	 4	 0	Col	207	 6	50 	 1586 	 15.86	1656535665.3879685 
112	0	 4	 0	Row	205	 11	183 	 2999 	 29.99	1656535665.8543804 
112	0	 4	 0	Col	205	 11	233 	 3049 	 30.49	1656535665.8543804 
113	0	 4	 0	Row	202	 8	206 	 2254 	 22.54	1656535666.3512802 
113	0	 4	 0	Col	202	 8	254 	 2302 	 23.02	1656535666.3512802 
114	0	 4	 0	Row	199	 5	216 	 1496 	 14.96	1656535666.8233495 
114	0	 4	 0	Col	199	 6	11 	 1547 	 15.47	1656535666.8233495 
115	0	 4	 0	Row	197	 11	57 	 2873 	 28.73	1656535667.2889674 
115	0	 4	 0	Col	197	 11	109 	 2925 	 29.25	1656535667.2889674 
116	0	 4	 0	Row	66	 4	208 	 1232 	 12.32	1656535667.7702684 
116	0	 4	 0	Col	65	 5	14 	 1294 	 12.94	1656535667.7702684 
117	0	 4	 0	Row	63	 11	9 	 2825 	 28.25	1656535668.2394094 
117	0	 4	 0	Col	63	 11	62 	 2878 	 28.78	1656535668.2394094 
118	0	 4	 0	Row	60	 12	67 	 3139 	 31.39	1656535668.7095792 
118	0	 4	 0	Col	60	 12	120 	 3192 	 31.92	1656535668.7095792 
119	0	 4	 0	Row	57	 8	85 	 2133 	 21.33	1656535669.1762228 
119	0	 4	 0	Col	57	 8	135 	 2183 	 21.83	1656535669.1762228 
120	0	 4	 0	Row	55	 4	45 	 1069 	 10.69	1656535669.6577902 
120	0	 4	 0	Col	55	 4	98 	 1122 	 11.22	1656535669.6577902 
121	0	 4	 0	Row	52	 13	223 	 3551 	 35.51	1656535670.1407819 
121	0	 4	 0	Col	52	 14	18 	 3602 	 36.02	1656535670.1407819 
122	0	 4	 0	Row	49	 1	63 	 319 	 3.19	1656535670.6242893 
122	0	 4	 0	Col	49	 1	112 	 368 	 3.68	1656535670.6242893 
123	0	 4	 0	Row	174	 2	157 	 669 	 6.69	1656535671.1077597 
123	0	 4	 0	Col	174	 2	209 	 721 	 7.21	1656535671.1077597 
124	0	 4	 0	Row	172	 8	124 	 2172 	 21.72	1656535671.591506 
124	0	 4	 0	Col	171	 8	176 	 2224 	 22.24	1656535671.591506 
125	0	 4	 0	Row	169	 9	24 	 2328 	 23.28	1656535672.0736194 
125	0	 4	 0	Col	169	 9	76 	 2380 	 23.8	1656535672.0736194 
126	0	 4	 0	Row	166	 4	244 	 1268 	 12.68	1656535672.5564582 
126	0	 4	 0	Col	166	 5	39 	 1319 	 13.19	1656535672.5564582 
127	0	 4	 0	Row	163	 12	153 	 3225 	 32.25	1656535673.0231564 
127	0	 4	 0	Col	163	 12	205 	 3277 	 32.77	1656535673.0231564 
128	0	 4	 0	Row	32	 10	162 	 2722 	 27.22	1656535673.505131 
128	0	 4	 0	Col	32	 10	224 	 2784 	 27.84	1656535673.505131 
129	0	 4	 0	Row	30	 8	121 	 2169 	 21.69	1656535673.9880524 
129	0	 4	 0	Col	29	 8	175 	 2223 	 22.23	1656535673.9880524 
130	0	 4	 0	Row	27	 8	46 	 2094 	 20.94	1656535674.4558265 
130	0	 4	 0	Col	27	 8	89 	 2137 	 21.37	1656535674.4558265 
131	0	 4	 0	Row	24	 9	25 	 2329 	 23.29	1656535674.9256887 
131	0	 4	 0	Col	24	 9	68 	 2372 	 23.72	1656535674.9256887 
132	0	 4	 0	Row	21	 11	183 	 2999 	 29.99	1656535675.3897443 
132	0	 4	 0	Col	21	 11	237 	 3053 	 30.53	1656535675.3897443 
133	0	 4	 0	Row	19	 12	127 	 3199 	 31.99	1656535675.8553321 
133	0	 4	 0	Col	19	 12	179 	 3251 	 32.51	1656535675.8553321 
134	0	 4	 0	Row	16	 5	67 	 1347 	 13.47	1656535676.3222382 
134	0	 4	 0	Col	16	 5	116 	 1396 	 13.96	1656535676.3222382 
135	0	 4	 0	Row	13	 3	100 	 868 	 8.68	1656535676.8057053 
135	0	 4	 0	Col	13	 3	152 	 920 	 9.2	1656535676.8057053 
136	0	 4	 0	Row	11	 5	140 	 1420 	 14.2	1656535677.2741966 
136	0	 4	 0	Col	11	 5	192 	 1472 	 14.72	1656535677.2741966 
137	0	 4	 0	Row	136	 0	172 	 172 	 1.72	1656535677.771484 
137	0	 4	 0	Col	135	 0	228 	 228 	 2.28	1656535677.771484 
138	0	 4	 0	Row	133	 11	193 	 3009 	 30.09	1656535678.2559593 
138	0	 4	 0	Col	133	 11	243 	 3059 	 30.59	1656535678.2559593 
139	0	 4	 0	Row	130	 9	43 	 2347 	 23.47	1656535678.725053 
139	0	 4	 0	Col	130	 9	95 	 2399 	 23.99	1656535678.725053 
140	0	 4	 0	Row	127	 9	170 	 2474 	 24.74	1656535679.1912134 
140	0	 4	 0	Col	127	 9	219 	 2523 	 25.23	1656535679.1912134 
141	0	 4	 0	Row	125	 11	90 	 2906 	 29.06	1656535679.658066 
141	0	 4	 0	Col	125	 11	138 	 2954 	 29.54	1656535679.658066 
142	0	 4	 0	Row	122	 1	238 	 494 	 4.94	1656535680.1302512 
142	0	 4	 0	Col	122	 2	35 	 547 	 5.47	1656535680.1302512 
143	0	 4	 0	Row	119	 9	192 	 2496 	 24.96	1656535680.6009798 
143	0	 4	 0	Col	119	 9	239 	 2543 	 25.43	1656535680.6009798 
144	0	 4	 0	Row	244	 1	121 	 377 	 3.77	1656535681.0826879 
144	0	 4	 0	Col	244	 1	179 	 435 	 4.35	1656535681.0826879 
145	0	 4	 0	Row	241	 10	108 	 2668 	 26.68	1656535681.552765 
145	0	 4	 0	Col	241	 10	159 	 2719 	 27.19	1656535681.552765 
146	0	 4	 0	Row	239	 10	52 	 2612 	 26.12	1656535682.020982 
146	0	 4	 0	Col	239	 10	106 	 2666 	 26.66	1656535682.020982 
147	0	 4	 0	Row	236	 15	181 	 4021 	 40.21	1656535682.4897149 
147	0	 4	 0	Col	236	 15	234 	 4074 	 40.74	1656535682.4897149 
148	0	 4	 0	Row	233	 13	37 	 3365 	 33.65	1656535682.9581792 
148	0	 4	 0	Col	233	 13	91 	 3419 	 34.19	1656535682.9581792 
149	0	 4	 0	Row	231	 7	170 	 1962 	 19.62	1656535683.4298844 
149	0	 4	 0	Col	231	 7	224 	 2016 	 20.16	1656535683.4298844 
150	0	 4	 0	Row	228	 10	24 	 2584 	 25.84	1656535683.9142027 
150	0	 4	 0	Col	228	 10	76 	 2636 	 26.36	1656535683.9142027 
151	0	 4	 0	Row	225	 10	33 	 2593 	 25.93	1656535684.3683376 
151	0	 4	 0	Col	225	 10	81 	 2641 	 26.41	1656535684.3683376 
152	0	 4	 0	Row	223	 10	59 	 2619 	 26.19	1656535684.8379323 
152	0	 4	 0	Col	222	 10	110 	 2670 	 26.7	1656535684.8379323 
153	0	 4	 0	Row	220	 10	15 	 2575 	 25.75	1656535685.3028145 
153	0	 4	 0	Col	220	 10	72 	 2632 	 26.32	1656535685.3028145 
154	0	 4	 0	Row	217	 10	139 	 2699 	 26.99	1656535685.7829728 
154	0	 4	 0	Col	217	 10	192 	 2752 	 27.52	1656535685.7829728 
155	0	 4	 0	Row	86	 5	32 	 1312 	 13.12	1656535686.2669475 
155	0	 4	 0	Col	86	 5	90 	 1370 	 13.7	1656535686.2669475 
156	0	 4	 0	Row	83	 8	114 	 2162 	 21.62	1656535686.730047 
156	0	 4	 0	Col	83	 8	164 	 2212 	 22.12	1656535686.730047 
157	0	 4	 0	Row	81	 8	63 	 2111 	 21.11	1656535687.2142153 
157	0	 4	 0	Col	80	 8	114 	 2162 	 21.62	1656535687.2142153 
158	0	 4	 0	Row	78	 11	63 	 2879 	 28.79	1656535687.695549 
158	0	 4	 0	Col	78	 11	113 	 2929 	 29.29	1656535687.695549 
159	0	 4	 0	Row	75	 8	175 	 2223 	 22.23	1656535688.18037 
159	0	 4	 0	Col	75	 8	226 	 2274 	 22.74	1656535688.18037 
160	0	 4	 0	Row	200	 6	179 	 1715 	 17.15	1656535688.6619291 
160	0	 4	 0	Col	200	 6	238 	 1774 	 17.74	1656535688.6619291 
161	0	 4	 0	Row	197	 12	139 	 3211 	 32.11	1656535689.146021 
161	0	 4	 0	Col	197	 12	194 	 3266 	 32.66	1656535689.146021 
162	0	 4	 0	Row	195	 8	115 	 2163 	 21.63	1656535689.6148858 
162	0	 4	 0	Col	194	 8	170 	 2218 	 22.18	1656535689.6148858 
163	0	 4	 0	Row	192	 13	94 	 3422 	 34.22	1656535690.1107924 
163	0	 4	 0	Col	192	 13	150 	 3478 	 34.78	1656535690.1107924 
164	0	 4	 0	Row	61	 6	227 	 1763 	 17.63	1656535690.5959082 
164	0	 [0;31;40m6[0m	 35	Col	4	 0	61 	 61 	 0.61	1656535690.5959082 
164	0	 [0;31;40m7[0m	 32	Row	61	 13	61 	 3389 	 33.89	1656535690.5959082 
165	0	 4	 0	Row	58	 13	223 	 3551 	 35.51	1656535691.0794742 
165	0	 4	 0	Col	58	 14	19 	 3603 	 36.03	1656535691.0794742 
166	0	 4	 0	Row	55	 7	52 	 1844 	 18.44	1656535691.5440376 
166	0	 4	 0	Col	55	 7	104 	 1896 	 18.96	1656535691.5440376 
167	0	 4	 0	Row	53	 5	224 	 1504 	 15.04	1656535692.0258007 
167	0	 4	 0	Col	53	 6	7 	 1543 	 15.43	1656535692.0258007 
168	0	 4	 0	Row	50	 2	49 	 561 	 5.61	1656535692.5090396 
168	0	 4	 0	Col	50	 2	103 	 615 	 6.15	1656535692.5090396 
169	0	 4	 0	Row	175	 1	114 	 370 	 3.7	1656535692.9928606 
169	0	 4	 0	Col	175	 1	176 	 432 	 4.32	1656535692.9928606 
170	0	 4	 0	Row	172	 3	246 	 1014 	 10.14	1656535693.46096 
170	0	 4	 0	Col	172	 4	42 	 1066 	 10.66	1656535693.46096 
171	0	 4	 0	Row	169	 8	120 	 2168 	 21.68	1656535693.9435294 
171	0	 4	 0	Col	169	 8	172 	 2220 	 22.2	1656535693.9435294 
172	0	 4	 0	Row	38	 2	175 	 687 	 6.87	1656535694.4669268 
172	0	 4	 0	Col	38	 2	233 	 745 	 7.45	1656535694.4669268 
173	0	 4	 0	Row	36	 9	254 	 2558 	 25.58	1656535694.9482949 
173	0	 4	 0	Col	35	 10	54 	 2614 	 26.14	1656535694.9482949 
174	0	 4	 0	Row	33	 10	148 	 2708 	 27.08	1656535695.414876 
174	0	 4	 0	Col	33	 10	201 	 2761 	 27.61	1656535695.414876 
175	0	 4	 0	Row	30	 7	140 	 1932 	 19.32	1656535695.89713 
175	0	 4	 0	Col	30	 7	192 	 1984 	 19.84	1656535695.89713 
176	0	 4	 0	Row	28	 6	196 	 1732 	 17.32	1656535696.3793588 
176	0	 4	 0	Col	27	 6	251 	 1787 	 17.87	1656535696.3793588 
177	0	 4	 0	Row	25	 5	226 	 1506 	 15.06	1656535696.846449 
177	0	 4	 0	Col	25	 6	16 	 1552 	 15.52	1656535696.846449 
178	0	 4	 0	Row	150	 10	154 	 2714 	 27.14	1656535697.3456008 
178	0	 4	 0	Col	149	 10	211 	 2771 	 27.71	1656535697.3456008 
179	0	 4	 0	Row	147	 15	252 	 4092 	 40.92	1656535697.8417997 
179	0	 4	 0	Col	147	 0	45 	 45 	 0.45	1656535697.8417997 
180	0	 4	 0	Row	144	 9	67 	 2371 	 23.71	1656535698.3243334 
180	0	 4	 0	Col	144	 9	125 	 2429 	 24.29	1656535698.3243334 
181	0	 4	 0	Row	13	 6	126 	 1662 	 16.62	1656535698.8216023 
181	0	 4	 0	Col	13	 6	188 	 1724 	 17.24	1656535698.8216023 
182	0	 4	 0	Row	10	 7	12 	 1804 	 18.04	1656535699.2881343 
182	0	 4	 0	Col	10	 7	59 	 1851 	 18.51	1656535699.2881343 
183	0	 4	 0	Row	8	 8	142 	 2190 	 21.9	1656535699.771583 
183	0	 4	 0	Col	8	 8	195 	 2243 	 22.43	1656535699.771583 
184	0	 4	 0	Row	5	 9	179 	 2483 	 24.83	1656535700.2527375 
184	0	 4	 0	Col	5	 9	230 	 2534 	 25.34	1656535700.2527375 
185	0	 4	 0	Row	130	 9	47 	 2351 	 23.51	1656535700.7328086 
185	0	 4	 0	Col	130	 9	110 	 2414 	 24.14	1656535700.7328086 
186	0	 4	 0	Row	127	 7	121 	 1913 	 19.13	1656535701.2012131 
186	0	 4	 0	Col	127	 7	169 	 1961 	 19.61	1656535701.2012131 
187	0	 4	 0	Row	124	 7	47 	 1839 	 18.39	1656535701.6666982 
187	0	 4	 0	Col	124	 7	102 	 1894 	 18.94	1656535701.6666982 
188	0	 4	 0	Row	122	 7	149 	 1941 	 19.41	1656535702.1497831 
188	0	 4	 0	Col	122	 7	198 	 1990 	 19.9	1656535702.1497831 
189	0	 4	 0	Row	119	 6	182 	 1718 	 17.18	1656535702.6316166 
189	0	 4	 0	Col	119	 6	237 	 1773 	 17.73	1656535702.6316166 
190	0	 4	 0	Row	116	 5	227 	 1507 	 15.07	1656535703.1150284 
190	0	 4	 0	Col	116	 6	20 	 1556 	 15.56	1656535703.1150284 
191	0	 4	 0	Row	114	 14	52 	 3636 	 36.36	1656535703.5796766 
191	0	 4	 0	Col	113	 14	105 	 3689 	 36.89	1656535703.5796766 
192	0	 4	 0	Row	239	 9	30 	 2334 	 23.34	1656535704.0644252 
192	0	 4	 0	Col	238	 9	94 	 2398 	 23.98	1656535704.0644252 
193	0	 4	 0	Row	236	 9	236 	 2540 	 25.4	1656535704.562373 
193	0	 4	 0	Col	236	 10	30 	 2590 	 25.9	1656535704.562373 
194	0	 4	 0	Row	233	 6	226 	 1762 	 17.62	1656535705.0442858 
194	0	 4	 0	Col	233	 7	23 	 1815 	 18.15	1656535705.0442858 
195	0	 4	 0	Row	102	 9	241 	 2545 	 25.45	1656535705.5262897 
195	0	 4	 0	Col	102	 10	49 	 2609 	 26.09	1656535705.5262897 
196	0	 4	 0	Row	99	 15	255 	 4095 	 40.95	1656535706.0238366 
196	0	 4	 0	Col	99	 0	54 	 54 	 0.54	1656535706.0238366 
197	0	 4	 0	Row	97	 6	175 	 1711 	 17.11	1656535706.5074625 
197	0	 4	 0	Col	96	 6	226 	 1762 	 17.62	1656535706.5074625 
198	0	 4	 0	Row	94	 14	106 	 3690 	 36.9	1656535706.990142 
198	0	 4	 0	Col	94	 14	154 	 3738 	 37.38	1656535706.990142 
199	0	 4	 0	Row	219	 10	115 	 2675 	 26.75	1656535707.4707854 
199	0	 4	 0	Col	219	 10	179 	 2739 	 27.39	1656535707.4707854 
200	0	 4	 0	Row	216	 8	78 	 2126 	 21.26	1656535707.9680815 
200	0	 4	 0	Col	216	 8	134 	 2182 	 21.82	1656535707.9680815 
201	0	 4	 0	Row	213	 13	202 	 3530 	 35.3	1656535708.4502254 
201	0	 4	 0	Col	213	 13	251 	 3579 	 35.79	1656535708.4502254 
202	0	 4	 0	Row	82	 9	25 	 2329 	 23.29	1656535708.9463437 
202	0	 4	 0	Col	82	 9	83 	 2387 	 23.87	1656535708.9463437 
203	0	 4	 0	Row	79	 11	109 	 2925 	 29.25	1656535709.4293923 
203	0	 4	 0	Col	79	 11	163 	 2979 	 29.79	1656535709.4293923 
204	0	 4	 0	Row	77	 8	85 	 2133 	 21.33	1656535709.9138608 
204	0	 4	 0	Col	77	 8	137 	 2185 	 21.85	1656535709.9138608 
205	0	 4	 0	Row	202	 9	74 	 2378 	 23.78	1656535710.4122448 
205	0	 4	 0	Col	201	 9	135 	 2439 	 24.39	1656535710.4122448 
206	0	 4	 0	Row	199	 12	201 	 3273 	 32.73	1656535710.894342 
206	0	 4	 0	Col	199	 12	255 	 3327 	 33.27	1656535710.894342 
207	0	 4	 0	Row	196	 15	51 	 3891 	 38.91	1656535711.3626974 
207	0	 4	 0	Col	196	 15	104 	 3944 	 39.44	1656535711.3626974 
208	0	 4	 0	Row	193	 14	53 	 3637 	 36.37	1656535711.8423462 
208	0	 4	 0	Col	193	 14	107 	 3691 	 36.91	1656535711.8423462 
209	0	 4	 0	Row	191	 6	145 	 1681 	 16.81	1656535712.3109756 
209	0	 4	 0	Col	191	 6	195 	 1731 	 17.31	1656535712.3109756 
210	0	 4	 0	Row	188	 8	247 	 2295 	 22.95	1656535712.7943466 
210	0	 4	 0	Col	188	 9	41 	 2345 	 23.45	1656535712.7943466 
211	0	 4	 0	Row	57	 13	25 	 3353 	 33.53	1656535713.292951 
211	0	 4	 0	Col	57	 13	87 	 3415 	 34.15	1656535713.292951 
212	0	 4	 0	Row	54	 14	160 	 3744 	 37.44	1656535713.7441187 
212	0	 4	 0	Col	54	 14	210 	 3794 	 37.94	1656535713.7441187 
213	0	 4	 0	Row	52	 13	5 	 3333 	 33.33	1656535714.2118564 
213	0	 4	 0	Col	51	 13	56 	 3384 	 33.84	1656535714.2118564 
214	0	 4	 0	Row	49	 12	152 	 3224 	 32.24	1656535714.6620848 
214	0	 4	 0	Col	49	 12	206 	 3278 	 32.78	1656535714.6620848 
215	0	 4	 0	Row	46	 6	66 	 1602 	 16.02	1656535715.128478 
215	0	 4	 0	Col	46	 6	113 	 1649 	 16.49	1656535715.128478 
216	0	 4	 0	Row	44	 7	29 	 1821 	 18.21	1656535715.6102722 
216	0	 4	 0	Col	43	 7	83 	 1875 	 18.75	1656535715.6102722 
217	0	 4	 0	Row	41	 4	247 	 1271 	 12.71	1656535716.0949001 
217	0	 4	 0	Col	41	 5	39 	 1319 	 13.19	1656535716.0949001 
218	0	 4	 0	Row	38	 7	196 	 1988 	 19.88	1656535716.5806932 
218	0	 4	 0	Col	38	 7	248 	 2040 	 20.4	1656535716.5806932 
219	0	 4	 0	Row	163	 11	130 	 2946 	 29.46	1656535717.0628467 
219	0	 4	 0	Col	163	 11	188 	 3004 	 30.04	1656535717.0628467 
220	0	 4	 0	Row	160	 13	39 	 3367 	 33.67	1656535717.5479286 
220	0	 4	 0	Col	160	 13	92 	 3420 	 34.2	1656535717.5479286 
221	0	 4	 0	Row	158	 5	83 	 1363 	 13.63	1656535718.0308127 
221	0	 4	 0	Col	157	 5	137 	 1417 	 14.17	1656535718.0308127 
222	0	 4	 0	Row	155	 8	19 	 2067 	 20.67	1656535718.496921 
222	0	 4	 0	Col	155	 8	72 	 2120 	 21.2	1656535718.496921 
223	0	 4	 0	Row	152	 8	246 	 2294 	 22.94	1656535718.9672065 
223	0	 4	 0	Col	152	 9	31 	 2335 	 23.35	1656535718.9672065 
224	0	 4	 0	Row	149	 4	19 	 1043 	 10.43	1656535719.4335334 
224	0	 4	 0	Col	149	 4	70 	 1094 	 10.94	1656535719.4335334 
225	0	 4	 0	Row	147	 13	1 	 3329 	 33.29	1656535719.9145555 
225	0	 4	 0	Col	147	 13	55 	 3383 	 33.83	1656535719.9145555 
225	0	 4	 0	Row	18	 14	92 	 3676 	 36.76	1656535719.9145555 
225	0	 4	 0	Col	18	 14	101 	 3685 	 36.85	1656535719.9145555 
226	0	 4	 0	Row	16	 13	15 	 3343 	 33.43	1656535720.3971066 
226	0	 4	 0	Col	15	 13	70 	 3398 	 33.98	1656535720.3971066 
227	0	 4	 0	Row	13	 5	158 	 1438 	 14.38	1656535720.881593 
227	0	 4	 0	Col	13	 5	208 	 1488 	 14.88	1656535720.881593 
228	0	 4	 0	Row	10	 9	78 	 2382 	 23.82	1656535721.3609014 
228	0	 4	 0	Col	10	 9	123 	 2427 	 24.27	1656535721.3609014 
229	0	 4	 0	Row	135	 4	93 	 1117 	 11.17	1656535721.8452072 
229	0	 4	 0	Col	135	 4	158 	 1182 	 11.82	1656535721.8452072 
230	0	 4	 0	Row	132	 11	99 	 2915 	 29.15	1656535722.3281124 
230	0	 4	 0	Col	132	 11	152 	 2968 	 29.68	1656535722.3281124 
231	0	 4	 0	Row	130	 0	10 	 10 	 0.1	1656535722.7942588 
231	0	 4	 0	Col	129	 0	55 	 55 	 0.55	1656535722.7942588 
232	0	 4	 0	Row	127	 5	107 	 1387 	 13.87	1656535723.2761254 
232	0	 4	 0	Col	127	 5	163 	 1443 	 14.43	1656535723.2761254 
233	0	 4	 0	Row	124	 5	213 	 1493 	 14.93	1656535723.7595587 
233	0	 4	 0	Col	124	 6	7 	 1543 	 15.43	1656535723.7595587 
234	0	 4	 0	Row	249	 8	40 	 2088 	 20.88	1656535724.257512 
234	0	 4	 0	Col	249	 8	100 	 2148 	 21.48	1656535724.257512 
235	0	 4	 0	Row	246	 3	142 	 910 	 9.1	1656535724.7394872 
235	0	 4	 0	Col	246	 3	194 	 962 	 9.62	1656535724.7394872 
236	0	 4	 0	Row	244	 9	185 	 2489 	 24.89	1656535725.2254791 
236	0	 4	 0	Col	243	 9	236 	 2540 	 25.4	1656535725.2254791 
237	0	 4	 0	Row	241	 11	228 	 3044 	 30.44	1656535725.706265 
237	0	 4	 0	Col	241	 12	26 	 3098 	 30.98	1656535725.706265 
238	0	 4	 0	Row	110	 8	147 	 2195 	 21.95	1656535726.2008936 
238	0	 4	 0	Col	110	 8	209 	 2257 	 22.57	1656535726.2008936 
239	0	 4	 0	Row	107	 0	62 	 62 	 0.62	1656535726.6682858 
239	0	 4	 0	Col	107	 0	112 	 112 	 1.12	1656535726.6682858 
240	0	 4	 0	Row	104	 2	146 	 658 	 6.58	1656535727.1338403 
240	0	 4	 0	Col	104	 2	201 	 713 	 7.13	1656535727.1338403 
241	0	 4	 0	Row	102	 5	105 	 1385 	 13.85	1656535727.619292 
241	0	 4	 0	Col	102	 5	156 	 1436 	 14.36	1656535727.619292 
242	0	 4	 0	Row	99	 11	82 	 2898 	 28.98	1656535728.1013005 
242	0	 4	 0	Col	99	 11	131 	 2947 	 29.47	1656535728.1013005 
243	0	 4	 0	Row	96	 11	110 	 2926 	 29.26	1656535728.5707674 
243	0	 4	 0	Col	96	 11	166 	 2982 	 29.82	1656535728.5707674 
244	0	 4	 0	Row	221	 8	159 	 2207 	 22.07	1656535729.0509381 
244	0	 4	 0	Col	221	 8	216 	 2264 	 22.64	1656535729.0509381 
245	0	 4	 0	Row	218	 8	48 	 2096 	 20.96	1656535729.5189238 
245	0	 4	 0	Col	218	 8	94 	 2142 	 21.42	1656535729.5189238 
246	0	 4	 0	Row	216	 8	96 	 2144 	 21.44	1656535730.0011084 
246	0	 4	 0	Col	216	 8	149 	 2197 	 21.97	1656535730.0011084 
247	0	 4	 0	Row	213	 13	203 	 3531 	 35.31	1656535730.482013 
247	0	 4	 0	Col	213	 13	250 	 3578 	 35.78	1656535730.482013 
248	0	 4	 0	Row	210	 12	196 	 3268 	 32.68	1656535730.965084 
248	0	 4	 0	Col	210	 12	247 	 3319 	 33.19	1656535730.965084 
249	0	 4	 0	Row	79	 4	165 	 1189 	 11.89	1656535731.4494145 
249	0	 4	 0	Col	79	 4	226 	 1250 	 12.5	1656535731.4494145 
250	0	 4	 0	Row	77	 7	149 	 1941 	 19.41	1656535731.9331405 
250	0	 4	 0	Col	76	 7	200 	 1992 	 19.92	1656535731.9331405 
251	0	 4	 0	Row	74	 13	114 	 3442 	 34.42	1656535732.3995516 
251	0	 4	 0	Col	74	 13	170 	 3498 	 34.98	1656535732.3995516 
252	0	 4	 0	Row	71	 10	223 	 2783 	 27.83	1656535732.8800344 
252	0	 4	 0	Col	71	 11	14 	 2830 	 28.3	1656535732.8800344 
253	0	 4	 0	Row	196	 6	217 	 1753 	 17.53	1656535733.37601 
253	0	 4	 0	Col	196	 7	25 	 1817 	 18.17	1656535733.37601 
254	0	 4	 0	Row	193	 4	204 	 1228 	 12.28	1656535733.8415117 
254	0	 4	 0	Col	193	 4	253 	 1277 	 12.77	1656535733.8415117 
255	0	 4	 0	Row	191	 9	230 	 2534 	 25.34	1656535734.3250263 
255	0	 4	 0	Col	190	 10	25 	 2585 	 25.85	1656535734.3250263 
256	0	 4	 0	Row	188	 7	108 	 1900 	 19.0	1656535734.8060462 
256	0	 4	 0	Col	188	 7	159 	 1951 	 19.51	1656535734.8060462 
257	0	 4	 0	Row	185	 10	118 	 2678 	 26.78	1656535735.2883205 
257	0	 4	 0	Col	185	 10	170 	 2730 	 27.3	1656535735.2883205 
258	0	 4	 0	Row	182	 11	8 	 2824 	 28.24	1656535735.7693503 
258	0	 4	 0	Col	182	 11	60 	 2876 	 28.76	1656535735.7693503 
259	0	 4	 0	Row	51	 10	148 	 2708 	 27.08	1656535736.2493632 
259	0	 4	 0	Col	51	 10	209 	 2769 	 27.69	1656535736.2493632 
260	0	 4	 0	Row	49	 8	190 	 2238 	 22.38	1656535736.7137978 
260	0	 4	 0	Col	48	 8	240 	 2288 	 22.88	1656535736.7137978 
261	0	 4	 0	Row	46	 12	96 	 3168 	 31.68	1656535737.1957495 
261	0	 4	 0	Col	46	 12	144 	 3216 	 32.16	1656535737.1957495 
262	0	 4	 0	Row	43	 1	45 	 301 	 3.01	1656535737.6658957 
262	0	 4	 0	Col	43	 1	96 	 352 	 3.52	1656535737.6658957 
263	0	 4	 0	Row	41	 10	71 	 2631 	 26.31	1656535738.1482217 
263	0	 4	 0	Col	40	 10	119 	 2679 	 26.79	1656535738.1482217 
264	0	 4	 0	Row	38	 8	163 	 2211 	 22.11	1656535738.6279614 
264	0	 4	 0	Col	38	 8	211 	 2259 	 22.59	1656535738.6279614 
265	0	 4	 0	Row	163	 9	167 	 2471 	 24.71	1656535739.125175 
265	0	 4	 0	Col	162	 9	227 	 2531 	 25.31	1656535739.125175 
266	0	 4	 0	Row	160	 11	8 	 2824 	 28.24	1656535739.6071284 
266	0	 4	 0	Col	160	 11	53 	 2869 	 28.69	1656535739.6071284 
267	0	 4	 0	Row	157	 7	235 	 2027 	 20.27	1656535740.1044548 
267	0	 4	 0	Col	157	 8	34 	 2082 	 20.82	1656535740.1044548 
268	0	 4	 0	Row	155	 9	209 	 2513 	 25.13	1656535740.5583274 
268	0	 4	 0	Col	154	 10	4 	 2564 	 25.64	1656535740.5583274 
269	0	 4	 0	Row	23	 8	188 	 2236 	 22.36	1656535741.0578337 
269	0	 4	 0	Col	23	 8	249 	 2297 	 22.97	1656535741.0578337 
270	0	 4	 0	Row	21	 11	78 	 2894 	 28.94	1656535741.5405195 
270	0	 4	 0	Col	21	 11	128 	 2944 	 29.44	1656535741.5405195 
271	0	 4	 0	Row	18	 15	84 	 3924 	 39.24	1656535742.02546 
271	0	 4	 0	Col	18	 15	130 	 3970 	 39.7	1656535742.02546 
272	0	 4	 0	Row	143	 7	132 	 1924 	 19.24	1656535742.5236666 
272	0	 4	 0	Col	143	 7	188 	 1980 	 19.8	1656535742.5236666 
273	0	 4	 0	Row	140	 8	140 	 2188 	 21.88	1656535742.9906404 
273	0	 4	 0	Col	140	 8	190 	 2238 	 22.38	1656535742.9906404 
274	0	 4	 0	Row	137	 8	186 	 2234 	 22.34	1656535743.486626 
274	0	 4	 0	Col	137	 8	231 	 2279 	 22.79	1656535743.486626 
275	0	 4	 0	Row	6	 8	120 	 2168 	 21.68	1656535743.983671 
275	0	 4	 0	Col	6	 8	178 	 2226 	 22.26	1656535743.983671 
276	0	 4	 0	Row	4	 8	27 	 2075 	 20.75	1656535744.4985847 
276	0	 4	 0	Col	3	 8	81 	 2129 	 21.29	1656535744.4985847 
277	0	 4	 0	Row	128	 4	228 	 1252 	 12.52	1656535744.9830937 
277	0	 4	 0	Col	128	 5	31 	 1311 	 13.11	1656535744.9830937 
278	0	 4	 0	Row	126	 13	219 	 3547 	 35.47	1656535745.46471 
278	0	 4	 0	Col	126	 14	18 	 3602 	 36.02	1656535745.46471 
279	0	 4	 0	Row	123	 7	123 	 1915 	 19.15	1656535745.9181707 
279	0	 4	 0	Col	123	 7	170 	 1962 	 19.62	1656535745.9181707 
280	0	 4	 0	Row	120	 6	166 	 1702 	 17.02	1656535746.388494 
280	0	 4	 0	Col	120	 6	220 	 1756 	 17.56	1656535746.388494 
281	0	 4	 0	Row	118	 6	70 	 1606 	 16.06	1656535746.8598034 
281	0	 4	 0	Col	118	 6	125 	 1661 	 16.61	1656535746.8598034 
282	0	 4	 0	Row	115	 6	180 	 1716 	 17.16	1656535747.3271525 
282	0	 4	 0	Col	115	 6	234 	 1770 	 17.7	1656535747.3271525 
283	0	 4	 0	Row	112	 10	94 	 2654 	 26.54	1656535747.7961674 
283	0	 4	 0	Col	112	 10	148 	 2708 	 27.08	1656535747.7961674 
284	0	 4	 0	Row	110	 8	112 	 2160 	 21.6	1656535748.2667184 
284	0	 4	 0	Col	109	 8	160 	 2208 	 22.08	1656535748.2667184 
285	0	 4	 0	Row	107	 8	76 	 2124 	 21.24	1656535748.7508996 
285	0	 4	 0	Col	107	 8	131 	 2179 	 21.79	1656535748.7508996 
286	0	 4	 0	Row	104	 0	236 	 236 	 2.36	1656535749.220416 
286	0	 4	 0	Col	104	 1	33 	 289 	 2.89	1656535749.220416 
287	0	 4	 0	Row	101	 12	221 	 3293 	 32.93	1656535749.6885345 
287	0	 4	 0	Col	101	 13	19 	 3347 	 33.47	1656535749.6885345 
288	0	 4	 0	Row	99	 11	38 	 2854 	 28.54	1656535750.146007 
288	0	 4	 0	Col	99	 11	89 	 2905 	 29.05	1656535750.146007 
289	0	 4	 0	Row	96	 8	66 	 2114 	 21.14	1656535750.610284 
289	0	 4	 0	Col	96	 8	115 	 2163 	 21.63	1656535750.610284 
290	0	 4	 0	Row	93	 8	49 	 2097 	 20.97	1656535751.0785758 
290	0	 4	 0	Col	93	 8	100 	 2148 	 21.48	1656535751.0785758 
291	0	 4	 0	Row	91	 8	239 	 2287 	 22.87	1656535751.5434604 
291	0	 4	 0	Col	90	 9	39 	 2343 	 23.43	1656535751.5434604 
292	0	 4	 0	Row	215	 5	20 	 1300 	 13.0	1656535752.0282807 
292	0	 4	 0	Col	215	 5	77 	 1357 	 13.57	1656535752.0282807 
293	0	 4	 0	Row	213	 13	203 	 3531 	 35.31	1656535752.506694 
293	0	 4	 0	Col	213	 13	253 	 3581 	 35.81	1656535752.506694 
294	0	 4	 0	Row	210	 5	96 	 1376 	 13.76	1656535752.9743402 
294	0	 4	 0	Col	210	 5	145 	 1425 	 14.25	1656535752.9743402 
295	0	 4	 0	Row	207	 15	90 	 3930 	 39.3	1656535753.4453223 
295	0	 4	 0	Col	207	 15	144 	 3984 	 39.84	1656535753.4453223 
296	0	 4	 0	Row	205	 8	140 	 2188 	 21.88	1656535753.930384 
296	0	 4	 0	Col	205	 8	193 	 2241 	 22.41	1656535753.930384 
297	0	 4	 0	Row	202	 13	235 	 3563 	 35.63	1656535754.410319 
297	0	 4	 0	Col	202	 14	32 	 3616 	 36.16	1656535754.410319 
298	0	 4	 0	Row	71	 9	96 	 2400 	 24.0	1656535754.8939397 
298	0	 4	 0	Col	71	 9	158 	 2462 	 24.62	1656535754.8939397 
299	0	 4	 0	Row	68	 13	146 	 3474 	 34.74	1656535755.3782105 
299	0	 4	 0	Col	68	 13	197 	 3525 	 35.25	1656535755.3782105 
300	0	 4	 0	Row	65	 10	230 	 2790 	 27.9	1656535755.8605354 
300	0	 4	 0	Col	65	 11	27 	 2843 	 28.43	1656535755.8605354 
301	0	 4	 0	Row	63	 9	99 	 2403 	 24.03	1656535756.3423634 
301	0	 4	 0	Col	63	 9	148 	 2452 	 24.52	1656535756.3423634 
302	0	 4	 0	Row	188	 5	24 	 1304 	 13.04	1656535756.8254158 
302	0	 4	 0	Col	187	 5	85 	 1365 	 13.65	1656535756.8254158 
303	0	 4	 0	Row	185	 14	241 	 3825 	 38.25	1656535757.311312 
303	0	 4	 0	Col	185	 15	38 	 3878 	 38.78	1656535757.311312 
304	0	 4	 0	Row	182	 9	167 	 2471 	 24.71	1656535757.7921042 
304	0	 4	 0	Col	182	 9	217 	 2521 	 25.21	1656535757.7921042 
305	0	 4	 0	Row	180	 14	127 	 3711 	 37.11	1656535758.2754664 
305	0	 4	 0	Col	179	 14	175 	 3759 	 37.59	1656535758.2754664 
306	0	 4	 0	Row	48	 11	152 	 2968 	 29.68	1656535758.7600453 
306	0	 4	 0	Col	48	 11	213 	 3029 	 30.29	1656535758.7600453 
307	0	 4	 0	Row	46	 8	181 	 2229 	 22.29	1656535759.2397435 
307	0	 4	 0	Col	45	 8	211 	 2259 	 22.59	1656535759.2397435 
308	0	 4	 0	Row	43	 7	230 	 2022 	 20.22	1656535759.7250297 
308	0	 4	 0	Col	43	 8	24 	 2072 	 20.72	1656535759.7250297 
309	0	 4	 0	Row	168	 4	24 	 1048 	 10.48	1656535760.2232895 
309	0	 4	 0	Col	168	 4	83 	 1107 	 11.07	1656535760.2232895 
310	0	 4	 0	Row	165	 12	33 	 3105 	 31.05	1656535760.7072177 
310	0	 4	 0	Col	165	 12	85 	 3157 	 31.57	1656535760.7072177 
311	0	 4	 0	Row	162	 6	187 	 1723 	 17.23	1656535761.2071424 
311	0	 4	 0	Col	162	 6	241 	 1777 	 17.77	1656535761.2071424 
312	0	 4	 0	Row	31	 8	196 	 2244 	 22.44	1656535761.6886947 
312	0	 4	 0	Col	31	 9	2 	 2306 	 23.06	1656535761.6886947 
313	0	 4	 0	Row	29	 7	24 	 1816 	 18.16	1656535762.1581674 
313	0	 4	 0	Col	28	 7	73 	 1865 	 18.65	1656535762.1581674 
314	0	 4	 0	Row	26	 9	233 	 2537 	 25.37	1656535762.6430953 
314	0	 4	 0	Col	26	 10	29 	 2589 	 25.89	1656535762.6430953 
315	0	 4	 0	Row	23	 11	14 	 2830 	 28.3	1656535763.1117198 
315	0	 4	 0	Col	23	 11	69 	 2885 	 28.85	1656535763.1117198 
316	0	 4	 0	Row	20	 5	109 	 1389 	 13.89	1656535763.5970166 
316	0	 4	 0	Col	20	 5	158 	 1438 	 14.38	1656535763.5970166 
317	0	 4	 0	Row	18	 12	224 	 3296 	 32.96	1656535764.0800226 
317	0	 4	 0	Col	18	 13	18 	 3346 	 33.46	1656535764.0800226 
318	0	 4	 0	Row	143	 15	0 	 3840 	 38.4	1656535764.5622528 
318	0	 4	 0	Col	142	 15	57 	 3897 	 38.97	1656535764.5622528 
319	0	 4	 0	Row	140	 11	203 	 3019 	 30.19	1656535765.0346537 
319	0	 4	 0	Col	140	 11	255 	 3071 	 30.71	1656535765.0346537 
320	0	 4	 0	Row	137	 1	112 	 368 	 3.68	1656535765.5019865 
320	0	 4	 0	Col	137	 1	165 	 421 	 4.21	1656535765.5019865 
321	0	 4	 0	Row	135	 8	173 	 2221 	 22.21	1656535765.9701273 
321	0	 4	 0	Col	134	 8	227 	 2275 	 22.75	1656535765.9701273 
322	0	 4	 0	Row	132	 10	90 	 2650 	 26.5	1656535766.4540749 
322	0	 4	 0	Col	132	 10	143 	 2703 	 27.03	1656535766.4540749 
323	0	 4	 0	Row	129	 8	3 	 2051 	 20.51	1656535766.935485 
323	0	 4	 0	Col	129	 8	56 	 2104 	 21.04	1656535766.935485 
324	0	 4	 0	Row	254	 8	44 	 2092 	 20.92	1656535767.4219432 
324	0	 4	 0	Col	254	 8	108 	 2156 	 21.56	1656535767.4219432 
325	0	 4	 0	Row	251	 7	141 	 1933 	 19.33	1656535767.8886182 
325	0	 4	 0	Col	251	 7	194 	 1986 	 19.86	1656535767.8886182 
326	0	 4	 0	Row	249	 11	244 	 3060 	 30.6	1656535768.3553464 
326	0	 4	 0	Col	248	 12	40 	 3112 	 31.12	1656535768.3553464 
327	0	 4	 0	Row	246	 11	0 	 2816 	 28.16	1656535768.8382561 
327	0	 4	 0	Col	246	 11	51 	 2867 	 28.67	1656535768.8382561 
328	0	 4	 0	Row	243	 7	204 	 1996 	 19.96	1656535769.3355517 
328	0	 4	 0	Col	243	 7	252 	 2044 	 20.44	1656535769.3355517 
329	0	 4	 0	Row	112	 7	154 	 1946 	 19.46	1656535769.817919 
329	0	 4	 0	Col	112	 7	217 	 2009 	 20.09	1656535769.817919 
330	0	 4	 0	Row	109	 10	80 	 2640 	 26.4	1656535770.2903404 
330	0	 4	 0	Col	109	 10	126 	 2686 	 26.86	1656535770.2903404 
331	0	 4	 0	Row	107	 7	192 	 1984 	 19.84	1656535770.7764828 
331	0	 4	 0	Col	106	 7	246 	 2038 	 20.38	1656535770.7764828 
332	0	 4	 0	Row	104	 12	166 	 3238 	 32.38	1656535771.24117 
332	0	 4	 0	Col	104	 12	218 	 3290 	 32.9	1656535771.24117 
333	0	 4	 0	Row	101	 2	165 	 677 	 6.77	1656535771.7257333 
333	0	 4	 0	Col	101	 2	218 	 730 	 7.3	1656535771.7257333 
334	0	 4	 0	Row	99	 14	81 	 3665 	 36.65	1656535772.2058635 
334	0	 4	 0	Col	98	 14	131 	 3715 	 37.15	1656535772.2058635 
335	0	 4	 0	Row	223	 6	170 	 1706 	 17.06	1656535772.7052486 
335	0	 4	 0	Col	223	 6	234 	 1770 	 17.7	1656535772.7052486 
336	0	 4	 0	Row	221	 14	180 	 3764 	 37.64	1656535773.1896574 
336	0	 4	 0	Col	220	 14	230 	 3814 	 38.14	1656535773.1896574 
337	0	 4	 0	Row	218	 1	130 	 386 	 3.86	1656535773.6554022 
337	0	 4	 0	Col	218	 1	181 	 437 	 4.37	1656535773.6554022 
338	0	 4	 0	Row	215	 10	193 	 2753 	 27.53	1656535774.1381125 
338	0	 4	 0	Col	215	 10	244 	 2804 	 28.04	1656535774.1381125 
339	0	 4	 0	Row	84	 10	234 	 2794 	 27.94	1656535774.621385 
339	0	 4	 0	Col	84	 11	41 	 2857 	 28.57	1656535774.621385 
340	0	 4	 0	Row	81	 6	142 	 1678 	 16.78	1656535775.1018636 
340	0	 4	 0	Col	81	 6	192 	 1728 	 17.28	1656535775.1018636 
341	0	 4	 0	Row	79	 11	79 	 2895 	 28.95	1656535775.5836585 
341	0	 4	 0	Col	79	 11	131 	 2947 	 29.47	1656535775.5836585 
342	0	 4	 0	Row	76	 13	101 	 3429 	 34.29	1656535776.0653481 
342	0	 4	 0	Col	76	 13	157 	 3485 	 34.85	1656535776.0653481 
343	0	 4	 0	Row	201	 12	12 	 3084 	 30.84	1656535776.5499043 
343	0	 4	 0	Col	201	 12	73 	 3145 	 31.45	1656535776.5499043 
344	0	 4	 0	Row	198	 4	75 	 1099 	 10.99	1656535777.0333648 
344	0	 4	 0	Col	198	 4	123 	 1147 	 11.47	1656535777.0333648 
345	0	 4	 0	Row	196	 10	169 	 2729 	 27.29	1656535777.5144594 
345	0	 4	 0	Col	195	 10	220 	 2780 	 27.8	1656535777.5144594 
346	0	 4	 0	Row	193	 2	120 	 632 	 6.32	1656535777.979916 
346	0	 4	 0	Col	193	 2	171 	 683 	 6.83	1656535777.979916 
347	0	 4	 0	Row	190	 9	219 	 2523 	 25.23	1656535778.463743 
347	0	 4	 0	Col	190	 10	8 	 2568 	 25.68	1656535778.463743 
348	0	 4	 0	Row	59	 10	18 	 2578 	 25.78	1656535778.9637396 
348	0	 4	 0	Col	59	 10	76 	 2636 	 26.36	1656535778.9637396 
349	0	 4	 0	Row	56	 10	252 	 2812 	 28.12	1656535779.4478436 
349	0	 4	 0	Col	56	 11	45 	 2861 	 28.61	1656535779.4478436 
350	0	 4	 0	Row	54	 7	208 	 2000 	 20.0	1656535779.9157615 
350	0	 4	 0	Col	53	 7	255 	 2047 	 20.47	1656535779.9157615 
351	0	 4	 0	Row	51	 5	207 	 1487 	 14.87	1656535780.3816693 
351	0	 4	 0	Col	51	 6	4 	 1540 	 15.4	1656535780.3816693 
352	0	 4	 0	Row	48	 11	39 	 2855 	 28.55	1656535780.8649962 
352	0	 4	 0	Col	48	 11	90 	 2906 	 29.06	1656535780.8649962 
353	0	 4	 0	Row	45	 8	181 	 2229 	 22.29	1656535781.3329818 
353	0	 4	 0	Col	45	 8	237 	 2285 	 22.85	1656535781.3329818 
354	0	 4	 0	Row	170	 5	240 	 1520 	 15.2	1656535781.8308578 
354	0	 4	 0	Col	170	 6	47 	 1583 	 15.83	1656535781.8308578 
355	0	 4	 0	Row	168	 11	95 	 2911 	 29.11	1656535782.3007498 
355	0	 4	 0	Col	167	 11	142 	 2958 	 29.58	1656535782.3007498 
356	0	 4	 0	Row	165	 2	237 	 749 	 7.49	1656535782.7836015 
356	0	 4	 0	Col	165	 3	34 	 802 	 8.02	1656535782.7836015 
357	0	 4	 0	Row	162	 5	230 	 1510 	 15.1	1656535783.250992 
357	0	 4	 0	Col	162	 6	20 	 1556 	 15.56	1656535783.250992 
358	0	 4	 0	Row	159	 9	227 	 2531 	 25.31	1656535783.731622 
358	0	 4	 0	Col	159	 10	23 	 2583 	 25.83	1656535783.731622 
359	0	 4	 0	Row	157	 14	93 	 3677 	 36.77	1656535784.1954923 
359	0	 4	 0	Col	157	 14	146 	 3730 	 37.3	1656535784.1954923 
360	0	 4	 0	Row	154	 9	255 	 2559 	 25.59	1656535784.6659358 
360	0	 4	 0	Col	154	 10	51 	 2611 	 26.11	1656535784.6659358 
361	0	 4	 0	Row	151	 8	181 	 2229 	 22.29	1656535785.114646 
361	0	 4	 0	Col	151	 8	233 	 2281 	 22.81	1656535785.114646 
362	0	 4	 0	Row	149	 12	155 	 3227 	 32.27	1656535785.5829818 
362	0	 4	 0	Col	149	 12	202 	 3274 	 32.74	1656535785.5829818 
363	0	 4	 0	Row	18	 11	224 	 3040 	 30.4	1656535786.0656314 
363	0	 4	 0	Col	17	 12	26 	 3098 	 30.98	1656535786.0656314 
364	0	 4	 0	Row	15	 5	169 	 1449 	 14.49	1656535786.5345137 
364	0	 4	 0	Col	15	 5	219 	 1499 	 14.99	1656535786.5345137 
365	0	 4	 0	Row	12	 12	126 	 3198 	 31.98	1656535786.9984686 
365	0	 4	 0	Col	12	 12	175 	 3247 	 32.47	1656535786.9984686 
366	0	 4	 0	Row	138	 5	198 	 1478 	 14.78	1656535787.4522634 
366	0	 4	 0	Col	138	 5	243 	 1523 	 15.23	1656535787.4522634 
366	0	 4	 0	Row	9	 12	45 	 3117 	 31.17	1656535787.4522634 
366	0	 4	 0	Col	9	 12	53 	 3125 	 31.25	1656535787.4522634 
367	0	 4	 0	Row	7	 12	9 	 3081 	 30.81	1656535787.9382386 
367	0	 4	 0	Col	7	 12	63 	 3135 	 31.35	1656535787.9382386 
368	0	 4	 0	Row	4	 10	248 	 2808 	 28.08	1656535788.4034626 
368	0	 4	 0	Col	4	 11	40 	 2856 	 28.56	1656535788.4034626 
369	0	 4	 0	Row	1	 13	131 	 3459 	 34.59	1656535788.8843222 
369	0	 4	 0	Col	1	 13	178 	 3506 	 35.06	1656535788.8843222 
370	0	 4	 0	Row	255	 9	117 	 2421 	 24.21	1656535789.3666582 
370	0	 4	 0	Col	254	 9	160 	 2464 	 24.64	1656535789.3666582 
371	0	 4	 0	Row	252	 7	198 	 1990 	 19.9	1656535789.834399 
371	0	 4	 0	Col	252	 7	250 	 2042 	 20.42	1656535789.834399 
372	0	 4	 0	Row	121	 3	146 	 914 	 9.14	1656535790.3434465 
372	0	 4	 0	Col	121	 3	208 	 976 	 9.76	1656535790.3434465 
373	0	 4	 0	Row	118	 6	56 	 1592 	 15.92	1656535790.8263755 
373	0	 4	 0	Col	118	 6	111 	 1647 	 16.47	1656535790.8263755 
374	0	 4	 0	Row	115	 6	46 	 1582 	 15.82	1656535791.307784 
374	0	 4	 0	Col	115	 6	103 	 1639 	 16.39	1656535791.307784 
375	0	 4	 0	Row	240	 10	123 	 2683 	 26.83	1656535791.8204327 
375	0	 4	 0	Col	240	 10	186 	 2746 	 27.46	1656535791.8204327 
376	0	 4	 0	Row	238	 10	160 	 2720 	 27.2	1656535792.2882633 
376	0	 4	 0	Col	237	 10	211 	 2771 	 27.71	1656535792.2882633 
377	0	 4	 0	Row	235	 10	40 	 2600 	 26.0	1656535792.755388 
377	0	 4	 0	Col	235	 10	89 	 2649 	 26.49	1656535792.755388 
378	0	 4	 0	Row	232	 11	251 	 3067 	 30.67	1656535793.237556 
378	0	 4	 0	Col	232	 12	46 	 3118 	 31.18	1656535793.237556 
379	0	 4	 0	Row	229	 10	237 	 2797 	 27.97	1656535793.70413 
379	0	 4	 0	Col	229	 11	36 	 2852 	 28.52	1656535793.70413 
380	0	 4	 0	Row	98	 9	46 	 2350 	 23.5	1656535794.1871362 
380	0	 4	 0	Col	98	 9	112 	 2416 	 24.16	1656535794.1871362 
381	0	 4	 0	Row	96	 4	229 	 1253 	 12.53	1656535794.6772683 
381	0	 4	 0	Col	95	 5	26 	 1306 	 13.06	1656535794.6772683 
382	0	 4	 0	Row	93	 2	41 	 553 	 5.53	1656535795.1370058 
382	0	 4	 0	Col	93	 2	89 	 601 	 6.01	1656535795.1370058 
383	0	 4	 0	Row	90	 9	103 	 2407 	 24.07	1656535795.6342423 
383	0	 4	 0	Col	90	 9	157 	 2461 	 24.61	1656535795.6342423 
384	0	 4	 0	Row	87	 12	145 	 3217 	 32.17	1656535796.113465 
384	0	 4	 0	Col	87	 12	201 	 3273 	 32.73	1656535796.113465 
384	0	 4	 0	Row	215	 14	39 	 3623 	 36.23	1656535796.113465 
384	0	 4	 0	Col	215	 14	49 	 3633 	 36.33	1656535796.113465 
385	0	 4	 0	Row	85	 1	41 	 297 	 2.97	1656535796.5809896 
385	0	 4	 0	Col	85	 1	82 	 338 	 3.38	1656535796.5809896 
386	0	 4	 0	Row	210	 7	157 	 1949 	 19.49	1656535797.0502849 
386	0	 4	 0	Col	209	 7	203 	 1995 	 19.95	1656535797.0502849 
387	0	 4	 0	Row	207	 12	246 	 3318 	 33.18	1656535797.5325067 
387	0	 4	 0	Col	207	 13	41 	 3369 	 33.69	1656535797.5325067 
388	0	 4	 0	Row	204	 9	187 	 2491 	 24.91	1656535798.0001578 
388	0	 4	 0	Col	204	 9	239 	 2543 	 25.43	1656535798.0001578 
389	0	 4	 0	Row	201	 8	2 	 2050 	 20.5	1656535798.4800978 
389	0	 4	 0	Col	201	 8	55 	 2103 	 21.03	1656535798.4800978 
390	0	 4	 0	Row	199	 5	202 	 1482 	 14.82	1656535798.9651754 
390	0	 4	 0	Col	199	 5	249 	 1529 	 15.29	1656535798.9651754 
391	0	 4	 0	Row	68	 13	19 	 3347 	 33.47	1656535799.451936 
391	0	 4	 0	Col	67	 13	84 	 3412 	 34.12	1656535799.451936 
392	0	 4	 0	Row	65	 12	195 	 3267 	 32.67	1656535799.9215555 
392	0	 4	 0	Col	65	 12	246 	 3318 	 33.18	1656535799.9215555 
393	0	 4	 0	Row	62	 12	66 	 3138 	 31.38	1656535800.3917305 
393	0	 4	 0	Col	62	 12	116 	 3188 	 31.88	1656535800.3917305 
394	0	 4	 0	Row	60	 12	19 	 3091 	 30.91	1656535800.8611093 
394	0	 4	 0	Col	59	 12	66 	 3138 	 31.38	1656535800.8611093 
395	0	 4	 0	Row	57	 8	130 	 2178 	 21.78	1656535801.3107302 
395	0	 4	 0	Col	57	 8	177 	 2225 	 22.25	1656535801.3107302 
396	0	 4	 0	Row	54	 10	54 	 2614 	 26.14	1656535801.7764418 
396	0	 4	 0	Col	54	 10	104 	 2664 	 26.64	1656535801.7764418 
397	0	 4	 0	Row	51	 7	128 	 1920 	 19.2	1656535802.2770383 
397	0	 4	 0	Col	51	 7	182 	 1974 	 19.74	1656535802.2770383 
398	0	 4	 0	Row	49	 10	161 	 2721 	 27.21	1656535802.7437444 
398	0	 4	 0	Col	49	 10	213 	 2773 	 27.73	1656535802.7437444 
399	0	 4	 0	Row	46	 13	151 	 3479 	 34.79	1656535803.2143433 
399	0	 4	 0	Col	46	 13	204 	 3532 	 35.32	1656535803.2143433 
400	0	 4	 0	Row	43	 8	116 	 2164 	 21.64	1656535803.6966856 
400	0	 4	 0	Col	43	 8	168 	 2216 	 22.16	1656535803.6966856 
401	0	 4	 0	Row	168	 7	58 	 1850 	 18.5	1656535804.1800714 
401	0	 4	 0	Col	168	 7	118 	 1910 	 19.1	1656535804.1800714 
402	0	 4	 0	Row	165	 10	239 	 2799 	 27.99	1656535804.6682603 
402	0	 4	 0	Col	165	 11	38 	 2854 	 28.54	1656535804.6682603 
403	0	 4	 0	Row	163	 1	73 	 329 	 3.29	1656535805.1540494 
403	0	 4	 0	Col	163	 1	122 	 378 	 3.78	1656535805.1540494 
404	0	 4	 0	Row	160	 6	149 	 1685 	 16.85	1656535805.625037 
404	0	 4	 0	Col	160	 6	200 	 1736 	 17.36	1656535805.625037 
405	0	 4	 0	Row	157	 6	216 	 1752 	 17.52	1656535806.0958745 
405	0	 4	 0	Col	157	 7	9 	 1801 	 18.01	1656535806.0958745 
405	0	 4	 0	Row	29	 0	100 	 100 	 1.0	1656535806.0958745 
405	0	 4	 0	Col	29	 0	108 	 108 	 1.08	1656535806.0958745 
406	0	 4	 0	Row	26	 5	134 	 1414 	 14.14	1656535806.5838797 
406	0	 4	 0	Col	26	 5	178 	 1458 	 14.58	1656535806.5838797 
407	0	 4	 0	Row	24	 14	69 	 3653 	 36.53	1656535807.0653732 
407	0	 4	 0	Col	23	 14	128 	 3712 	 37.12	1656535807.0653732 
408	0	 4	 0	Row	148	 4	45 	 1069 	 10.69	1656535807.5649047 
408	0	 4	 0	Col	148	 4	106 	 1130 	 11.3	1656535807.5649047 
409	0	 4	 0	Row	146	 8	121 	 2169 	 21.69	1656535808.047895 
409	0	 4	 0	Col	146	 8	169 	 2217 	 22.17	1656535808.047895 
410	0	 4	 0	Row	143	 14	74 	 3658 	 36.58	1656535808.5311153 
410	0	 4	 0	Col	143	 14	130 	 3714 	 37.14	1656535808.5311153 
411	0	 4	 0	Row	140	 8	195 	 2243 	 22.43	1656535809.0140266 
411	0	 4	 0	Col	140	 8	245 	 2293 	 22.93	1656535809.0140266 
412	0	 4	 0	Row	138	 12	164 	 3236 	 32.36	1656535809.4811153 
412	0	 4	 0	Col	137	 12	213 	 3285 	 32.85	1656535809.4811153 
413	0	 4	 0	Row	6	 5	231 	 1511 	 15.11	1656535809.9639416 
413	0	 4	 0	Col	6	 6	36 	 1572 	 15.72	1656535809.9639416 
414	0	 4	 0	Row	4	 3	28 	 796 	 7.96	1656535810.4498668 
414	0	 4	 0	Col	4	 3	82 	 850 	 8.5	1656535810.4498668 
415	0	 4	 0	Row	1	 5	174 	 1454 	 14.54	1656535810.9317322 
415	0	 4	 0	Col	1	 5	230 	 1510 	 15.1	1656535810.9317322 
416	0	 4	 0	Row	254	 10	250 	 2810 	 28.1	1656535811.4017088 
416	0	 4	 0	Col	254	 11	49 	 2865 	 28.65	1656535811.4017088 
417	0	 4	 0	Row	252	 5	38 	 1318 	 13.18	1656535811.870718 
417	0	 4	 0	Col	252	 5	91 	 1371 	 13.71	1656535811.870718 
418	0	 4	 0	Row	249	 14	186 	 3770 	 37.7	1656535812.336714 
418	0	 4	 0	Col	249	 14	234 	 3818 	 38.18	1656535812.336714 
419	0	 4	 0	Row	246	 8	9 	 2057 	 20.57	1656535812.805709 
419	0	 4	 0	Col	246	 8	59 	 2107 	 21.07	1656535812.805709 
420	0	 4	 0	Row	244	 1	122 	 378 	 3.78	1656535813.2862794 
420	0	 4	 0	Col	243	 1	174 	 430 	 4.3	1656535813.2862794 
421	0	 4	 0	Row	112	 12	132 	 3204 	 32.04	1656535813.757249 
421	0	 4	 0	Col	112	 12	192 	 3264 	 32.64	1656535813.757249 
422	0	 4	 0	Row	110	 9	253 	 2557 	 25.57	1656535814.2460263 
422	0	 4	 0	Col	110	 10	45 	 2605 	 26.05	1656535814.2460263 
423	0	 4	 0	Row	107	 9	60 	 2364 	 23.64	1656535814.712843 
423	0	 4	 0	Col	107	 9	112 	 2416 	 24.16	1656535814.712843 
424	0	 4	 0	Row	104	 10	195 	 2755 	 27.55	1656535815.1848466 
424	0	 4	 0	Col	104	 10	250 	 2810 	 28.1	1656535815.1848466 
425	0	 4	 0	Row	102	 6	55 	 1591 	 15.91	1656535815.6560218 
425	0	 4	 0	Col	101	 6	110 	 1646 	 16.46	1656535815.6560218 
426	0	 4	 0	Row	99	 9	121 	 2425 	 24.25	1656535816.1259406 
426	0	 4	 0	Col	99	 9	177 	 2481 	 24.81	1656535816.1259406 
427	0	 4	 0	Row	96	 8	238 	 2286 	 22.86	1656535816.5954013 
427	0	 4	 0	Col	96	 9	27 	 2331 	 23.31	1656535816.5954013 
428	0	 4	 0	Row	94	 10	92 	 2652 	 26.52	1656535817.0481322 
428	0	 4	 0	Col	93	 10	139 	 2699 	 26.99	1656535817.0481322 
429	0	 4	 0	Row	91	 5	4 	 1284 	 12.84	1656535817.5455594 
429	0	 4	 0	Col	91	 5	53 	 1333 	 13.33	1656535817.5455594 
430	0	 4	 0	Row	216	 4	221 	 1245 	 12.45	1656535818.014823 
430	0	 4	 0	Col	216	 5	17 	 1297 	 12.97	1656535818.014823 
431	0	 4	 0	Row	85	 11	67 	 2883 	 28.83	1656535818.470088 
431	0	 4	 0	Col	85	 11	110 	 2926 	 29.26	1656535818.470088 
432	0	 4	 0	Row	210	 5	250 	 1530 	 15.3	1656535818.955018 
432	0	 4	 0	Col	210	 6	52 	 1588 	 15.88	1656535818.955018 
433	0	 4	 0	Row	208	 11	75 	 2891 	 28.91	1656535819.4234462 
433	0	 4	 0	Col	207	 11	125 	 2941 	 29.41	1656535819.4234462 
434	0	 4	 0	Row	205	 5	18 	 1298 	 12.98	1656535819.9100676 
434	0	 4	 0	Col	205	 5	74 	 1354 	 13.54	1656535819.9100676 
435	0	 4	 0	Row	202	 14	125 	 3709 	 37.09	1656535820.3794036 
435	0	 4	 0	Col	202	 14	176 	 3760 	 37.6	1656535820.3794036 
436	0	 4	 0	Row	199	 10	214 	 2774 	 27.74	1656535820.8429613 
436	0	 4	 0	Col	199	 11	6 	 2822 	 28.22	1656535820.8429613 
437	0	 4	 0	Row	68	 5	82 	 1362 	 13.62	1656535821.3425777 
437	0	 4	 0	Col	68	 5	142 	 1422 	 14.22	1656535821.3425777 
438	0	 4	 0	Row	66	 8	146 	 2194 	 21.94	1656535821.8102164 
438	0	 4	 0	Col	66	 8	198 	 2246 	 22.46	1656535821.8102164 
439	0	 4	 0	Row	63	 10	16 	 2576 	 25.76	1656535822.2763586 
439	0	 4	 0	Col	63	 10	71 	 2631 	 26.31	1656535822.2763586 
440	0	 4	 0	Row	60	 14	153 	 3737 	 37.37	1656535822.742334 
440	0	 4	 0	Col	60	 14	201 	 3785 	 37.85	1656535822.742334 
441	0	 4	 0	Row	58	 10	232 	 2792 	 27.92	1656535823.2246048 
441	0	 4	 0	Col	57	 11	23 	 2839 	 28.39	1656535823.2246048 
442	0	 4	 0	Row	182	 3	5 	 773 	 7.73	1656535823.7555852 
442	0	 4	 0	Col	182	 3	65 	 833 	 8.33	1656535823.7555852 
443	0	 4	 0	Row	180	 12	118 	 3190 	 31.9	1656535824.2391882 
443	0	 4	 0	Col	179	 12	175 	 3247 	 32.47	1656535824.2391882 
444	0	 4	 0	Row	177	 11	224 	 3040 	 30.4	1656535824.7225869 
444	0	 4	 0	Col	177	 12	20 	 3092 	 30.92	1656535824.7225869 
445	0	 4	 0	Row	174	 7	136 	 1928 	 19.28	1656535825.1887457 
445	0	 4	 0	Col	174	 7	181 	 1973 	 19.73	1656535825.1887457 
446	0	 4	 0	Row	172	 11	26 	 2842 	 28.42	1656535825.6697161 
446	0	 4	 0	Col	171	 11	78 	 2894 	 28.94	1656535825.6697161 
446	0	 4	 0	Row	43	 14	17 	 3601 	 36.01	1656535825.6697161 
446	0	 4	 0	Col	43	 14	27 	 3611 	 36.11	1656535825.6697161 
447	0	 4	 0	Row	40	 11	138 	 2954 	 29.54	1656535826.1546595 
447	0	 4	 0	Col	40	 11	189 	 3005 	 30.05	1656535826.1546595 
448	0	 4	 0	Row	38	 12	170 	 3242 	 32.42	1656535826.6391573 
448	0	 4	 0	Col	38	 12	220 	 3292 	 32.92	1656535826.6391573 
449	0	 4	 0	Row	163	 7	200 	 1992 	 19.92	1656535827.151489 
449	0	 4	 0	Col	162	 8	5 	 2053 	 20.53	1656535827.151489 
450	0	 4	 0	Row	160	 11	47 	 2863 	 28.63	1656535827.649324 
450	0	 4	 0	Col	160	 11	98 	 2914 	 29.14	1656535827.649324 
451	0	 4	 0	Row	29	 2	111 	 623 	 6.23	1656535828.1494162 
451	0	 4	 0	Col	29	 2	165 	 677 	 6.77	1656535828.1494162 
452	0	 4	 0	Row	26	 11	218 	 3034 	 30.34	1656535828.6484551 
452	0	 4	 0	Col	26	 12	14 	 3086 	 30.86	1656535828.6484551 
453	0	 4	 0	Row	23	 12	214 	 3286 	 32.86	1656535829.1146138 
453	0	 4	 0	Col	23	 13	12 	 3340 	 33.4	1656535829.1146138 
454	0	 4	 0	Row	21	 5	84 	 1364 	 13.64	1656535829.5965526 
454	0	 4	 0	Col	20	 5	134 	 1414 	 14.14	1656535829.5965526 
455	0	 4	 0	Row	145	 8	103 	 2151 	 21.51	1656535830.080956 
455	0	 4	 0	Col	145	 8	162 	 2210 	 22.1	1656535830.080956 
456	0	 4	 0	Row	143	 10	51 	 2611 	 26.11	1656535830.551486 
456	0	 4	 0	Col	143	 10	106 	 2666 	 26.66	1656535830.551486 
457	0	 4	 0	Row	140	 7	77 	 1869 	 18.69	1656535831.0183308 
457	0	 4	 0	Col	140	 7	128 	 1920 	 19.2	1656535831.0183308 
458	0	 4	 0	Row	10	 10	187 	 2747 	 27.47	1656535831.4691596 
458	0	 4	 0	Col	10	 10	232 	 2792 	 27.92	1656535831.4691596 
459	0	 4	 0	Row	135	 5	129 	 1409 	 14.09	1656535831.9505064 
459	0	 4	 0	Col	135	 5	191 	 1471 	 14.71	1656535831.9505064 
460	0	 4	 0	Row	132	 8	40 	 2088 	 20.88	1656535832.4154625 
460	0	 4	 0	Col	132	 8	92 	 2140 	 21.4	1656535832.4154625 
461	0	 4	 0	Row	129	 6	11 	 1547 	 15.47	1656535832.8969414 
461	0	 4	 0	Col	129	 6	63 	 1599 	 15.99	1656535832.8969414 
462	0	 4	 0	Row	254	 7	0 	 1792 	 17.92	1656535833.4113333 
462	0	 4	 0	Col	254	 7	62 	 1854 	 18.54	1656535833.4113333 
463	0	 4	 0	Row	251	 13	236 	 3564 	 35.64	1656535833.9094977 
463	0	 4	 0	Col	251	 14	30 	 3614 	 36.14	1656535833.9094977 
464	0	 4	 0	Row	249	 6	193 	 1729 	 17.29	1656535834.3956857 
464	0	 4	 0	Col	249	 6	244 	 1780 	 17.8	1656535834.3956857 
465	0	 4	 0	Row	246	 3	208 	 976 	 9.76	1656535834.8614538 
465	0	 4	 0	Col	246	 4	4 	 1028 	 10.28	1656535834.8614538 
466	0	 4	 0	Row	115	 10	238 	 2798 	 27.98	1656535835.3455582 
466	0	 4	 0	Col	115	 11	38 	 2854 	 28.54	1656535835.3455582 
467	0	 4	 0	Row	112	 15	91 	 3931 	 39.31	1656535835.8325038 
467	0	 4	 0	Col	112	 15	142 	 3982 	 39.82	1656535835.8325038 
468	0	 4	 0	Row	109	 13	227 	 3555 	 35.55	1656535836.2988899 
468	0	 4	 0	Col	109	 14	21 	 3605 	 36.05	1656535836.2988899 
469	0	 4	 0	Row	107	 12	249 	 3321 	 33.21	1656535836.764319 
469	0	 4	 0	Col	107	 13	45 	 3373 	 33.73	1656535836.764319 
