Col	Row	Count	Time
7	0	500	beam_20220610-132210
7	1	500	beam_20220610-132308
7	2	500	beam_20220610-132407
7	3	500	beam_20220610-132506
7	4	500	beam_20220610-132605
7	5	500	beam_20220610-132703
7	6	500	beam_20220610-132802
7	7	500	beam_20220610-132901
7	8	500	beam_20220610-133000
7	9	500	beam_20220610-133059
7	10	500	beam_20220610-133157
7	11	500	beam_20220610-133256
7	12	500	beam_20220610-133355
7	13	500	beam_20220610-133454
7	14	500	beam_20220610-133552
7	15	500	beam_20220610-133651
7	16	500	beam_20220610-133750
7	17	500	beam_20220610-133849
7	18	500	beam_20220610-133948
7	19	500	beam_20220610-134046
7	20	500	beam_20220610-134145
7	21	500	beam_20220610-134244
7	22	500	beam_20220610-134343
7	23	500	beam_20220610-134441
7	24	500	beam_20220610-134540
7	25	500	beam_20220610-134639
7	26	500	beam_20220610-134738
7	27	500	beam_20220610-134836
7	28	500	beam_20220610-134935
7	29	500	beam_20220610-135034
7	30	500	beam_20220610-135133
7	31	500	beam_20220610-135232
7	32	500	beam_20220610-135330
7	33	500	beam_20220610-135429
7	34	500	beam_20220610-135528
