Col	Row	Count	Time
2	0	500	beam_20220610-103045
2	1	500	beam_20220610-103144
2	2	500	beam_20220610-103243
2	3	500	beam_20220610-103341
2	4	500	beam_20220610-103440
2	5	500	beam_20220610-103539
2	6	500	beam_20220610-103638
2	7	500	beam_20220610-103737
2	8	500	beam_20220610-103835
2	9	500	beam_20220610-103934
2	10	500	beam_20220610-104033
2	11	500	beam_20220610-104132
2	12	500	beam_20220610-104230
2	13	500	beam_20220610-104329
2	14	500	beam_20220610-104428
2	15	500	beam_20220610-104527
2	16	500	beam_20220610-104626
2	17	500	beam_20220610-104724
2	18	500	beam_20220610-104823
2	19	500	beam_20220610-104922
2	20	500	beam_20220610-105021
2	21	500	beam_20220610-105120
2	22	500	beam_20220610-105218
2	23	500	beam_20220610-105317
2	24	500	beam_20220610-105416
2	25	500	beam_20220610-105515
2	26	500	beam_20220610-105613
2	27	500	beam_20220610-105712
2	28	500	beam_20220610-105811
2	29	500	beam_20220610-105910
2	30	500	beam_20220610-110009
2	31	500	beam_20220610-110107
2	32	500	beam_20220610-110206
2	33	500	beam_20220610-110305
2	34	500	beam_20220610-110404
