Col	Row	Count	Time
5	0	500	beam_20220610-121335
5	1	500	beam_20220610-121434
5	2	500	beam_20220610-121533
5	3	500	beam_20220610-121632
5	4	500	beam_20220610-121731
5	5	500	beam_20220610-121830
5	6	500	beam_20220610-121928
5	7	500	beam_20220610-122027
5	8	500	beam_20220610-122126
5	9	500	beam_20220610-122225
5	10	500	beam_20220610-122323
5	11	500	beam_20220610-122422
5	12	500	beam_20220610-122521
5	13	500	beam_20220610-122620
5	14	500	beam_20220610-122719
5	15	500	beam_20220610-122817
5	16	500	beam_20220610-122916
5	17	500	beam_20220610-123015
5	18	500	beam_20220610-123114
5	19	500	beam_20220610-123212
5	20	500	beam_20220610-123311
5	21	500	beam_20220610-123410
5	22	500	beam_20220610-123509
5	23	500	beam_20220610-123608
5	24	500	beam_20220610-123706
5	25	500	beam_20220610-123805
5	26	500	beam_20220610-123904
5	27	500	beam_20220610-124003
5	28	500	beam_20220610-124102
5	29	500	beam_20220610-124200
5	30	500	beam_20220610-124259
5	31	500	beam_20220610-124358
5	32	500	beam_20220610-124457
5	33	500	beam_20220610-124555
5	34	500	beam_20220610-124654
