Col	Row	Count	Time
6	0	500	beam_20220610-124753
6	1	500	beam_20220610-124852
6	2	500	beam_20220610-124951
6	3	500	beam_20220610-125049
6	4	500	beam_20220610-125148
6	5	500	beam_20220610-125247
6	6	500	beam_20220610-125346
6	7	500	beam_20220610-125445
6	8	500	beam_20220610-125543
6	9	500	beam_20220610-125642
6	10	500	beam_20220610-125740
6	11	500	beam_20220610-125839
6	12	500	beam_20220610-125938
6	13	500	beam_20220610-130036
6	14	500	beam_20220610-130135
6	15	500	beam_20220610-130234
6	16	500	beam_20220610-130333
6	17	500	beam_20220610-130432
6	18	500	beam_20220610-130530
6	19	500	beam_20220610-130629
6	20	500	beam_20220610-130728
6	21	500	beam_20220610-130827
6	22	500	beam_20220610-130925
6	23	500	beam_20220610-131024
6	24	500	beam_20220610-131123
6	25	500	beam_20220610-131222
6	26	500	beam_20220610-131321
6	27	500	beam_20220610-131419
6	28	500	beam_20220610-131518
6	29	500	beam_20220610-131617
6	30	500	beam_20220610-131716
6	31	500	beam_20220610-131815
6	32	500	beam_20220610-131913
6	33	500	beam_20220610-132012
6	34	500	beam_20220610-132111
