Col	Row	Count	Time
8	0	15	beam_20220622-110707
8	1	15	beam_20220622-110710
8	2	15	beam_20220622-110713
8	3	15	beam_20220622-110715
8	6	15	beam_20220622-110718
8	7	15	beam_20220622-110721
8	8	15	beam_20220622-110724
8	9	0	beam_20220622-110727
8	10	15	beam_20220622-110728
8	11	15	beam_20220622-110731
8	12	15	beam_20220622-110733
8	13	15	beam_20220622-110736
8	14	15	beam_20220622-110739
8	15	0	beam_20220622-110742
8	16	15	beam_20220622-110743
8	17	15	beam_20220622-110746
8	18	15	beam_20220622-110748
8	19	15	beam_20220622-110751
8	20	15	beam_20220622-110754
8	21	15	beam_20220622-110757
8	22	15	beam_20220622-110759
8	23	15	beam_20220622-110802
8	24	15	beam_20220622-110805
8	25	15	beam_20220622-110808
8	26	15	beam_20220622-110810
8	27	15	beam_20220622-110813
8	28	15	beam_20220622-110816
8	29	15	beam_20220622-110819
8	30	15	beam_20220622-110821
8	31	15	beam_20220622-110824
8	32	0	beam_20220622-110827
8	33	15	beam_20220622-110828
8	34	15	beam_20220622-110831
