Col	Row	Count	Time
25	0	15	beam_20220622-113254
25	1	15	beam_20220622-113257
25	2	15	beam_20220622-113259
25	3	15	beam_20220622-113302
25	4	15	beam_20220622-113305
25	5	15	beam_20220622-113308
25	6	15	beam_20220622-113310
25	7	15	beam_20220622-113313
25	8	15	beam_20220622-113316
25	9	15	beam_20220622-113319
25	10	15	beam_20220622-113322
25	11	15	beam_20220622-113324
25	12	15	beam_20220622-113327
25	13	15	beam_20220622-113330
25	14	15	beam_20220622-113333
25	15	15	beam_20220622-113335
25	16	15	beam_20220622-113338
25	17	15	beam_20220622-113341
25	18	15	beam_20220622-113344
25	19	15	beam_20220622-113346
25	20	0	beam_20220622-113349
25	21	15	beam_20220622-113350
25	22	15	beam_20220622-113353
25	23	15	beam_20220622-113356
25	24	15	beam_20220622-113359
25	25	15	beam_20220622-113401
25	26	15	beam_20220622-113404
25	27	15	beam_20220622-113407
25	28	15	beam_20220622-113410
25	29	15	beam_20220622-113412
25	30	15	beam_20220622-113415
25	31	15	beam_20220622-113418
25	32	15	beam_20220622-113421
25	33	15	beam_20220622-113424
25	34	15	beam_20220622-113426
