Col	Row	Count	Time
29	0	15	beam_20220622-113917
29	1	15	beam_20220622-113920
29	2	15	beam_20220622-113923
29	3	15	beam_20220622-113926
29	4	15	beam_20220622-113928
29	5	15	beam_20220622-113931
29	6	15	beam_20220622-113934
29	7	15	beam_20220622-113937
29	8	15	beam_20220622-113940
29	9	15	beam_20220622-113942
29	10	15	beam_20220622-113945
29	11	15	beam_20220622-113948
29	12	15	beam_20220622-113951
29	13	15	beam_20220622-113953
29	14	15	beam_20220622-113956
29	15	15	beam_20220622-113959
29	16	15	beam_20220622-114002
29	17	15	beam_20220622-114004
29	18	15	beam_20220622-114007
29	19	15	beam_20220622-114010
29	20	15	beam_20220622-114013
29	21	15	beam_20220622-114016
29	22	15	beam_20220622-114018
29	23	15	beam_20220622-114021
29	24	15	beam_20220622-114024
29	25	15	beam_20220622-114027
29	26	15	beam_20220622-114029
29	27	15	beam_20220622-114032
29	28	15	beam_20220622-114035
29	29	15	beam_20220622-114038
29	30	15	beam_20220622-114040
29	31	15	beam_20220622-114043
29	32	15	beam_20220622-114046
29	33	0	beam_20220622-114049
29	34	15	beam_20220622-114050
