Col	Row	Count	Time
28	0	15	beam_20220622-113743
28	1	15	beam_20220622-113746
28	2	15	beam_20220622-113748
28	3	15	beam_20220622-113751
28	4	15	beam_20220622-113754
28	5	15	beam_20220622-113757
28	6	15	beam_20220622-113800
28	7	15	beam_20220622-113802
28	8	15	beam_20220622-113805
28	9	15	beam_20220622-113808
28	10	15	beam_20220622-113811
28	11	15	beam_20220622-113813
28	12	15	beam_20220622-113816
28	13	15	beam_20220622-113819
28	14	15	beam_20220622-113822
28	15	15	beam_20220622-113824
28	16	15	beam_20220622-113827
28	17	15	beam_20220622-113830
28	18	15	beam_20220622-113833
28	19	15	beam_20220622-113836
28	20	15	beam_20220622-113838
28	21	15	beam_20220622-113841
28	22	15	beam_20220622-113844
28	23	15	beam_20220622-113847
28	24	15	beam_20220622-113849
28	25	15	beam_20220622-113852
28	26	15	beam_20220622-113855
28	27	15	beam_20220622-113858
28	28	15	beam_20220622-113901
28	29	15	beam_20220622-113903
28	30	15	beam_20220622-113906
28	31	15	beam_20220622-113909
28	33	15	beam_20220622-113912
28	34	15	beam_20220622-113915
