Col	Row	Count	Time
32	0	15	beam_20220622-114405
32	1	15	beam_20220622-114408
32	2	15	beam_20220622-114411
32	3	15	beam_20220622-114413
32	4	15	beam_20220622-114416
32	5	15	beam_20220622-114419
32	6	15	beam_20220622-114422
32	7	15	beam_20220622-114424
32	8	15	beam_20220622-114427
32	9	15	beam_20220622-114430
32	10	15	beam_20220622-114433
32	11	15	beam_20220622-114435
32	12	15	beam_20220622-114438
32	13	15	beam_20220622-114441
32	14	15	beam_20220622-114444
32	15	15	beam_20220622-114446
32	16	15	beam_20220622-114449
32	17	15	beam_20220622-114452
32	18	15	beam_20220622-114455
32	19	15	beam_20220622-114458
32	20	15	beam_20220622-114500
32	21	15	beam_20220622-114503
32	22	15	beam_20220622-114506
32	23	15	beam_20220622-114509
32	24	15	beam_20220622-114511
32	25	15	beam_20220622-114514
32	26	15	beam_20220622-114517
32	27	15	beam_20220622-114520
32	28	15	beam_20220622-114522
32	29	15	beam_20220622-114525
32	30	15	beam_20220622-114528
32	31	15	beam_20220622-114531
32	32	15	beam_20220622-114533
32	33	15	beam_20220622-114536
32	34	15	beam_20220622-114539
