Col	Row	Count	Time
10	0	15	beam_20220622-111009
10	1	15	beam_20220622-111012
10	2	15	beam_20220622-111014
10	3	15	beam_20220622-111017
10	4	15	beam_20220622-111020
10	5	15	beam_20220622-111023
10	6	15	beam_20220622-111025
10	7	15	beam_20220622-111028
10	8	15	beam_20220622-111031
10	9	15	beam_20220622-111034
10	10	15	beam_20220622-111036
10	11	15	beam_20220622-111039
10	12	15	beam_20220622-111042
10	13	15	beam_20220622-111045
10	14	15	beam_20220622-111047
10	15	15	beam_20220622-111050
10	16	15	beam_20220622-111053
10	17	15	beam_20220622-111056
10	18	15	beam_20220622-111058
10	19	15	beam_20220622-111101
10	20	15	beam_20220622-111104
10	21	15	beam_20220622-111107
10	22	15	beam_20220622-111110
10	23	15	beam_20220622-111112
10	24	15	beam_20220622-111115
10	25	15	beam_20220622-111118
10	26	15	beam_20220622-111121
10	27	15	beam_20220622-111123
10	28	15	beam_20220622-111126
10	29	15	beam_20220622-111129
10	30	15	beam_20220622-111132
10	31	15	beam_20220622-111135
10	32	15	beam_20220622-111137
10	33	15	beam_20220622-111140
10	34	15	beam_20220622-111143
