Col	Row	Count	Time
3	0	15	beam_20220622-105937
3	1	15	beam_20220622-105940
3	2	15	beam_20220622-105943
3	3	15	beam_20220622-105946
3	4	15	beam_20220622-105948
3	5	15	beam_20220622-105951
3	6	15	beam_20220622-105954
3	7	15	beam_20220622-105957
3	8	15	beam_20220622-105959
3	9	15	beam_20220622-110002
3	10	15	beam_20220622-110005
3	11	15	beam_20220622-110008
3	12	15	beam_20220622-110010
3	13	15	beam_20220622-110013
3	14	15	beam_20220622-110016
3	15	15	beam_20220622-110019
3	16	15	beam_20220622-110021
3	17	15	beam_20220622-110024
3	18	15	beam_20220622-110027
3	19	15	beam_20220622-110030
3	20	15	beam_20220622-110033
3	21	15	beam_20220622-110035
3	22	15	beam_20220622-110038
3	23	0	beam_20220622-110041
3	24	15	beam_20220622-110042
3	25	15	beam_20220622-110045
3	26	15	beam_20220622-110048
3	27	15	beam_20220622-110050
3	28	15	beam_20220622-110053
3	29	15	beam_20220622-110056
3	30	15	beam_20220622-110059
3	31	15	beam_20220622-110101
3	32	0	beam_20220622-110104
3	33	15	beam_20220622-110105
3	34	15	beam_20220622-110108
