Col	Row	Count	Time
15	0	15	beam_20220622-111744
15	1	15	beam_20220622-111747
15	2	15	beam_20220622-111750
15	3	15	beam_20220622-111752
15	4	15	beam_20220622-111755
15	5	0	beam_20220622-111758
15	6	15	beam_20220622-111759
15	7	15	beam_20220622-111802
15	8	15	beam_20220622-111805
15	9	15	beam_20220622-111807
15	10	15	beam_20220622-111810
15	11	15	beam_20220622-111813
15	12	15	beam_20220622-111816
15	13	15	beam_20220622-111818
15	14	15	beam_20220622-111821
15	15	15	beam_20220622-111824
15	16	15	beam_20220622-111827
15	17	15	beam_20220622-111830
15	18	15	beam_20220622-111832
15	19	15	beam_20220622-111835
15	20	15	beam_20220622-111838
15	21	15	beam_20220622-111841
15	22	15	beam_20220622-111843
15	23	15	beam_20220622-111846
15	24	15	beam_20220622-111849
15	25	15	beam_20220622-111852
15	26	0	beam_20220622-111855
15	27	15	beam_20220622-111856
15	28	15	beam_20220622-111858
15	29	0	beam_20220622-111901
15	30	15	beam_20220622-111902
15	31	15	beam_20220622-111905
15	32	0	beam_20220622-111908
15	33	15	beam_20220622-111909
15	34	15	beam_20220622-111912
