Col	Row	Count	Time
27	0	15	beam_20220622-113606
27	1	15	beam_20220622-113609
27	2	15	beam_20220622-113612
27	3	15	beam_20220622-113614
27	4	15	beam_20220622-113617
27	5	15	beam_20220622-113620
27	6	15	beam_20220622-113623
27	7	15	beam_20220622-113625
27	8	15	beam_20220622-113628
27	9	15	beam_20220622-113631
27	10	15	beam_20220622-113634
27	11	15	beam_20220622-113636
27	12	15	beam_20220622-113639
27	13	15	beam_20220622-113642
27	14	15	beam_20220622-113645
27	15	15	beam_20220622-113647
27	16	15	beam_20220622-113650
27	17	15	beam_20220622-113653
27	18	15	beam_20220622-113656
27	19	15	beam_20220622-113659
27	20	15	beam_20220622-113701
27	21	15	beam_20220622-113704
27	22	15	beam_20220622-113707
27	23	15	beam_20220622-113710
27	24	15	beam_20220622-113712
27	25	15	beam_20220622-113715
27	26	15	beam_20220622-113718
27	27	15	beam_20220622-113721
27	28	15	beam_20220622-113723
27	29	15	beam_20220622-113726
27	30	15	beam_20220622-113729
27	31	15	beam_20220622-113732
27	32	15	beam_20220622-113735
27	33	15	beam_20220622-113737
27	34	15	beam_20220622-113740
