Col	Row	Count	Time
24	0	15	beam_20220622-113122
24	1	15	beam_20220622-113125
24	4	15	beam_20220622-113128
24	5	15	beam_20220622-113131
24	6	15	beam_20220622-113133
24	7	15	beam_20220622-113136
24	8	15	beam_20220622-113139
24	9	15	beam_20220622-113142
24	10	15	beam_20220622-113144
24	11	15	beam_20220622-113147
24	12	15	beam_20220622-113150
24	13	15	beam_20220622-113153
24	14	15	beam_20220622-113156
24	15	15	beam_20220622-113158
24	16	15	beam_20220622-113201
24	17	15	beam_20220622-113204
24	18	15	beam_20220622-113207
24	19	15	beam_20220622-113209
24	20	15	beam_20220622-113212
24	21	15	beam_20220622-113215
24	22	15	beam_20220622-113218
24	23	15	beam_20220622-113221
24	24	15	beam_20220622-113223
24	25	15	beam_20220622-113226
24	26	15	beam_20220622-113229
24	27	15	beam_20220622-113232
24	28	15	beam_20220622-113234
24	29	15	beam_20220622-113237
24	30	15	beam_20220622-113240
24	31	15	beam_20220622-113243
24	32	15	beam_20220622-113245
24	33	15	beam_20220622-113248
24	34	15	beam_20220622-113251
