Col	Row	Count	Time
5	0	15	beam_20220622-110243
5	1	15	beam_20220622-110245
5	2	15	beam_20220622-110248
5	3	15	beam_20220622-110251
5	4	15	beam_20220622-110254
5	5	0	beam_20220622-110257
5	6	15	beam_20220622-110258
5	7	0	beam_20220622-110300
5	8	15	beam_20220622-110302
5	9	0	beam_20220622-110304
5	10	0	beam_20220622-110306
5	11	15	beam_20220622-110307
5	12	15	beam_20220622-110309
5	13	15	beam_20220622-110312
5	14	15	beam_20220622-110315
5	15	15	beam_20220622-110318
5	16	15	beam_20220622-110321
5	17	15	beam_20220622-110323
5	18	15	beam_20220622-110326
5	19	15	beam_20220622-110329
5	20	15	beam_20220622-110332
5	21	15	beam_20220622-110334
5	22	15	beam_20220622-110337
5	23	15	beam_20220622-110340
5	24	15	beam_20220622-110343
5	25	15	beam_20220622-110345
5	26	0	beam_20220622-110348
5	27	15	beam_20220622-110349
5	28	15	beam_20220622-110352
5	29	15	beam_20220622-110355
5	30	15	beam_20220622-110358
5	31	15	beam_20220622-110400
5	32	15	beam_20220622-110403
5	33	15	beam_20220622-110406
5	34	15	beam_20220622-110409
