Col	Row	Count	Time
26	0	15	beam_20220622-113429
26	1	15	beam_20220622-113432
26	2	15	beam_20220622-113435
26	3	15	beam_20220622-113437
26	4	15	beam_20220622-113440
26	5	15	beam_20220622-113443
26	6	15	beam_20220622-113446
26	7	15	beam_20220622-113448
26	8	15	beam_20220622-113451
26	9	15	beam_20220622-113454
26	10	15	beam_20220622-113457
26	11	15	beam_20220622-113459
26	12	15	beam_20220622-113502
26	13	15	beam_20220622-113505
26	14	15	beam_20220622-113508
26	15	15	beam_20220622-113511
26	16	15	beam_20220622-113513
26	17	15	beam_20220622-113516
26	18	15	beam_20220622-113519
26	19	15	beam_20220622-113522
26	20	15	beam_20220622-113524
26	21	15	beam_20220622-113527
26	22	15	beam_20220622-113530
26	23	15	beam_20220622-113533
26	24	15	beam_20220622-113535
26	25	15	beam_20220622-113538
26	26	15	beam_20220622-113541
26	27	15	beam_20220622-113544
26	28	15	beam_20220622-113547
26	29	15	beam_20220622-113549
26	30	15	beam_20220622-113552
26	31	15	beam_20220622-113555
26	32	15	beam_20220622-113558
26	33	15	beam_20220622-113600
26	34	15	beam_20220622-113603
