Col	Row	Count	Time
30	0	15	beam_20220622-114053
30	1	15	beam_20220622-114055
30	2	15	beam_20220622-114058
30	3	15	beam_20220622-114101
30	4	15	beam_20220622-114104
30	5	15	beam_20220622-114106
30	6	15	beam_20220622-114109
30	7	15	beam_20220622-114112
30	8	15	beam_20220622-114115
30	9	15	beam_20220622-114117
30	10	15	beam_20220622-114120
30	11	15	beam_20220622-114123
30	12	15	beam_20220622-114126
30	13	15	beam_20220622-114128
30	14	15	beam_20220622-114131
30	15	15	beam_20220622-114134
30	16	15	beam_20220622-114137
30	17	15	beam_20220622-114139
30	18	15	beam_20220622-114142
30	19	15	beam_20220622-114145
30	20	15	beam_20220622-114148
30	21	15	beam_20220622-114150
30	22	15	beam_20220622-114153
30	23	15	beam_20220622-114156
30	24	15	beam_20220622-114159
30	25	15	beam_20220622-114202
30	26	15	beam_20220622-114204
30	27	15	beam_20220622-114207
30	28	15	beam_20220622-114210
30	29	15	beam_20220622-114213
30	30	15	beam_20220622-114215
30	31	15	beam_20220622-114218
30	32	15	beam_20220622-114221
30	33	15	beam_20220622-114224
30	34	15	beam_20220622-114226
