Col	Row	Count	Time
23	0	15	beam_20220622-112951
23	1	15	beam_20220622-112953
23	2	15	beam_20220622-112956
23	3	15	beam_20220622-112959
23	4	15	beam_20220622-113002
23	5	15	beam_20220622-113004
23	6	15	beam_20220622-113007
23	7	15	beam_20220622-113010
23	8	15	beam_20220622-113013
23	9	15	beam_20220622-113016
23	10	15	beam_20220622-113018
23	11	15	beam_20220622-113021
23	12	15	beam_20220622-113024
23	13	15	beam_20220622-113027
23	14	15	beam_20220622-113029
23	15	15	beam_20220622-113032
23	16	15	beam_20220622-113035
23	17	15	beam_20220622-113038
23	18	15	beam_20220622-113041
23	19	15	beam_20220622-113043
23	20	15	beam_20220622-113046
23	21	15	beam_20220622-113049
23	22	15	beam_20220622-113052
23	23	15	beam_20220622-113054
23	24	15	beam_20220622-113057
23	25	15	beam_20220622-113100
23	26	15	beam_20220622-113103
23	29	15	beam_20220622-113106
23	30	15	beam_20220622-113108
23	31	15	beam_20220622-113111
23	32	15	beam_20220622-113114
23	33	15	beam_20220622-113117
23	34	15	beam_20220622-113119
