Col	Row	Count	Time
13	0	15	beam_20220622-111440
13	1	15	beam_20220622-111443
13	2	15	beam_20220622-111445
13	3	15	beam_20220622-111448
13	4	15	beam_20220622-111451
13	5	15	beam_20220622-111454
13	6	15	beam_20220622-111456
13	7	15	beam_20220622-111459
13	8	15	beam_20220622-111502
13	9	15	beam_20220622-111505
13	10	15	beam_20220622-111508
13	11	15	beam_20220622-111510
13	12	15	beam_20220622-111513
13	13	0	beam_20220622-111516
13	14	15	beam_20220622-111517
13	15	15	beam_20220622-111520
13	16	15	beam_20220622-111522
13	17	15	beam_20220622-111525
13	18	15	beam_20220622-111528
13	19	15	beam_20220622-111531
13	20	15	beam_20220622-111534
13	21	15	beam_20220622-111536
13	22	15	beam_20220622-111539
13	23	15	beam_20220622-111542
13	24	15	beam_20220622-111545
13	25	15	beam_20220622-111547
13	26	15	beam_20220622-111550
13	27	15	beam_20220622-111553
13	28	15	beam_20220622-111556
13	29	15	beam_20220622-111559
13	30	15	beam_20220622-111601
13	31	0	beam_20220622-111604
13	32	15	beam_20220622-111605
13	33	15	beam_20220622-111608
13	34	15	beam_20220622-111611
