Voltageboard settings: [1.2, 1, 0, 0, 1, 1.1, 0, 0]
Digital: {'interrupt_pushpull': 1, 'En_Inj1': 0, 'En_Inj2': 0, 'En_Inj3': 0, 'En_Inj4': 0, 'En_Inj5': 0, 'En_Inj6': 0, 'En_Inj7': 0, 'En_Inj8': 0, 'En_Inj9': 0, 'En_Inj10': 0, 'En_Inj11': 0, 'En_Inj12': 0, 'En_Inj13': 0, 'En_Inj14': 0, 'En_Inj15': 0, 'En_Inj16': 0, 'En_Inj17': 0, 'En_Inj18': 0, 'ResetB': 0, 'Extrabit0': 1, 'Extrabit1': 1, 'Extrabit2': 1, 'Extrabit3': 1, 'Extrabit4': 1, 'Extrabit5': 1, 'Extrabit6': 1, 'Extrabit7': 1, 'Extrabit8': 0, 'Extrabit9': 0, 'Extrabit10': 0, 'Extrabit11': 0, 'Extrabit12': 0, 'Extrabit13': 0, 'Extrabit14': 0}
Biasblock: {'DisHiDR': 0, 'q01': 0, 'qon0': 0, 'qon1': 1, 'qon2': 0, 'qon3': 1}
DAC: {'blres': 0, 'nu1': 0, 'vn1': 20, 'vnfb': 1, 'vnfoll': 10, 'nu5': 0, 'nu6': 0, 'nu7': 0, 'nu8': 0, 'vn2': 0, 'vnfoll2': 1, 'vnbias': 0, 'vpload': 5, 'nu13': 0, 'vncomp': 2, 'vpfoll': 60, 'nu16': 0, 'vprec': 30, 'vnrec': 30}
Receiver: {'ColConfig0': 274877906941, 'ColConfig1': 68719476734, 'ColConfig2': 68719476734, 'ColConfig3': 68719476734, 'ColConfig4': 68719476734, 'ColConfig5': 68719476734, 'ColConfig6': 68719476734, 'ColConfig7': 68719476734, 'ColConfig8': 68719476734, 'ColConfig9': 68719476734, 'ColConfig10': 68719476734, 'ColConfig11': 68719476734, 'ColConfig12': 68719476734, 'ColConfig13': 68719476734, 'ColConfig14': 68719476734, 'ColConfig15': 68719476734, 'ColConfig16': 68719476734, 'ColConfig17': 68719476734, 'ColConfig18': 68719476734, 'ColConfig19': 68719476734, 'ColConfig20': 68719476734, 'ColConfig21': 68719476734, 'ColConfig22': 68719476734, 'ColConfig23': 68719476734, 'ColConfig24': 68719476734, 'ColConfig25': 68719476734, 'ColConfig26': 68719476734, 'ColConfig27': 68719476734, 'ColConfig28': 68719476734, 'ColConfig29': 68719476734, 'ColConfig30': 68719476734, 'ColConfig31': 68719476734, 'ColConfig32': 68719476734, 'ColConfig33': 68719476734, 'ColConfig34': 68719476734}

NEvent	ChipId	Payload	Locatn	Row/Col	tStamp	MSB	LSB	ToT	ToT(us)
0	0	 4	 0	Row	157	 15	87 	 3927 	 39.27 
0	0	 4	 0	Col	157	 12	10 	 3082 	 30.82 
0	0	 4	 0	Row	248	 11	155 	 2971 	 29.71 
0	0	 4	 0	Col	248	 11	130 	 2946 	 29.46 

1	0	 4	 0	Row	192	 7	205 	 1997 	 19.97 
1	0	 4	 0	Col	192	 7	180 	 1972 	 19.72 

2	0	 4	 0	Row	139	 9	69 	 2373 	 23.73 
2	0	 4	 0	Col	139	 9	45 	 2349 	 23.49 

3	0	 4	 0	Row	104	 5	140 	 1420 	 14.2 
3	0	 4	 0	Col	104	 5	116 	 1396 	 13.96 

4	0	 4	 0	Row	196	 2	38 	 550 	 5.5 
4	0	 4	 0	Col	196	 2	20 	 532 	 5.32 

5	0	 4	 0	Row	108	 7	226 	 2018 	 20.18 
5	0	 4	 0	Col	108	 7	203 	 1995 	 19.95 

6	0	 4	 0	Row	3	 7	133 	 1925 	 19.25 
6	0	 4	 0	Col	3	 7	113 	 1905 	 19.05 

7	0	 4	 0	Row	181	 11	212 	 3028 	 30.28 
7	0	 4	 0	Col	181	 11	187 	 3003 	 30.03 

8	0	 4	 0	Row	194	 15	166 	 4006 	 40.06 
8	0	 4	 0	Col	194	 15	149 	 3989 	 39.89 

9	0	 4	 0	Row	193	 12	8 	 3080 	 30.8 
9	0	 4	 0	Col	193	 11	245 	 3061 	 30.61 

10	0	 4	 0	Row	46	 11	143 	 2959 	 29.59 
10	0	 4	 0	Col	46	 11	122 	 2938 	 29.38 

11	0	 4	 0	Row	119	 10	217 	 2777 	 27.77 
11	0	 4	 0	Col	119	 10	199 	 2759 	 27.59 

12	0	 4	 0	Row	98	 9	109 	 2413 	 24.13 
12	0	 4	 0	Col	98	 9	81 	 2385 	 23.85 

13	0	 4	 0	Row	105	 15	198 	 4038 	 40.38 
13	0	 4	 0	Col	105	 15	179 	 4019 	 40.19 

14	0	 4	 0	Row	215	 9	204 	 2508 	 25.08 
14	0	 4	 0	Col	215	 9	186 	 2490 	 24.9 

15	0	 4	 0	Row	52	 11	91 	 2907 	 29.07 
15	0	 4	 0	Col	52	 11	70 	 2886 	 28.86 

16	0	 4	 0	Row	28	 8	90 	 2138 	 21.38 
16	0	 4	 0	Col	28	 8	69 	 2117 	 21.17 

17	0	 4	 0	Row	27	 15	102 	 3942 	 39.42 
17	0	 4	 0	Col	27	 15	84 	 3924 	 39.24 

18	0	 4	 0	Row	58	 5	78 	 1358 	 13.58 
18	0	 4	 0	Col	58	 5	61 	 1341 	 13.41 

19	0	 4	 0	Row	26	 2	173 	 685 	 6.85 
19	0	 4	 0	Col	26	 2	148 	 660 	 6.6 

20	0	 4	 0	Row	42	 9	179 	 2483 	 24.83 
20	0	 4	 0	Col	42	 9	153 	 2457 	 24.57 

21	0	 4	 0	Row	150	 9	43 	 2347 	 23.47 
21	0	 4	 0	Col	150	 9	22 	 2326 	 23.26 

22	0	 4	 0	Row	146	 2	223 	 735 	 7.35 
22	0	 4	 0	Col	146	 2	203 	 715 	 7.15 

23	0	 4	 0	Row	219	 9	171 	 2475 	 24.75 
23	0	 4	 0	Col	219	 9	151 	 2455 	 24.55 

24	0	 4	 0	Row	234	 8	187 	 2235 	 22.35 
24	0	 4	 0	Col	234	 8	154 	 2202 	 22.02 

25	0	 4	 0	Row	229	 9	135 	 2439 	 24.39 
25	0	 4	 0	Col	229	 9	115 	 2419 	 24.19 

26	0	 4	 0	Row	28	 2	91 	 603 	 6.03 
26	0	 4	 0	Col	28	 2	75 	 587 	 5.87 

27	0	 4	 0	Row	116	 11	35 	 2851 	 28.51 
27	0	 4	 0	Col	116	 11	16 	 2832 	 28.32 

28	0	 4	 0	Row	138	 8	24 	 2072 	 20.72 
28	0	 4	 0	Col	138	 8	3 	 2051 	 20.51 

29	0	 4	 0	Row	207	 11	217 	 3033 	 30.33 
29	0	 4	 0	Col	207	 11	199 	 3015 	 30.15 

30	0	 4	 0	Row	153	 4	155 	 1179 	 11.79 
30	0	 4	 0	Col	153	 4	98 	 1122 	 11.22 

31	0	 4	 0	Row	147	 7	205 	 1997 	 19.97 
31	0	 4	 0	Col	147	 7	183 	 1975 	 19.75 

32	0	 4	 0	Row	44	 3	229 	 997 	 9.97 
32	0	 4	 0	Col	44	 3	197 	 965 	 9.65 

33	0	 4	 0	Row	172	 11	153 	 2969 	 29.69 
33	0	 4	 0	Col	172	 11	127 	 2943 	 29.43 

34	0	 4	 0	Row	87	 4	194 	 1218 	 12.18 
34	0	 4	 0	Col	87	 4	172 	 1196 	 11.96 

35	0	 4	 0	Row	121	 14	247 	 3831 	 38.31 
35	0	 4	 0	Col	121	 14	231 	 3815 	 38.15 

36	0	 4	 0	Row	204	 7	141 	 1933 	 19.33 
36	0	 4	 0	Col	204	 7	120 	 1912 	 19.12 

37	0	 4	 0	Row	236	 10	254 	 2814 	 28.14 
37	0	 4	 0	Col	236	 10	238 	 2798 	 27.98 

38	0	 4	 0	Row	16	 12	149 	 3221 	 32.21 
38	0	 4	 0	Col	16	 12	127 	 3199 	 31.99 

39	0	 4	 0	Row	201	 5	96 	 1376 	 13.76 
39	0	 4	 0	Col	201	 5	78 	 1358 	 13.58 

40	0	 4	 0	Row	173	 10	165 	 2725 	 27.25 
40	0	 4	 0	Col	173	 10	147 	 2707 	 27.07 

41	0	 4	 0	Row	136	 7	184 	 1976 	 19.76 
41	0	 4	 0	Col	136	 7	160 	 1952 	 19.52 

42	0	 4	 0	Row	6	 9	52 	 2356 	 23.56 
42	0	 4	 0	Col	6	 9	33 	 2337 	 23.37 

43	0	 4	 0	Row	224	 4	1 	 1025 	 10.25 
43	0	 4	 0	Col	224	 3	239 	 1007 	 10.07 

44	0	 4	 0	Row	116	 9	57 	 2361 	 23.61 
44	0	 4	 0	Col	116	 9	28 	 2332 	 23.32 

45	0	 4	 0	Row	33	 12	208 	 3280 	 32.8 
45	0	 4	 0	Col	33	 12	184 	 3256 	 32.56 

46	0	 4	 0	Row	146	 2	164 	 676 	 6.76 
46	0	 4	 0	Col	146	 2	138 	 650 	 6.5 

47	0	 4	 0	Row	208	 5	44 	 1324 	 13.24 
47	0	 4	 0	Col	208	 5	26 	 1306 	 13.06 

48	0	 4	 0	Row	38	 6	157 	 1693 	 16.93 
48	0	 4	 0	Col	38	 6	138 	 1674 	 16.74 

49	0	 4	 0	Row	10	 7	128 	 1920 	 19.2 
49	0	 4	 0	Col	10	 7	101 	 1893 	 18.93 

50	0	 4	 0	Row	0	 9	71 	 2375 	 23.75 
50	0	 4	 0	Col	0	 9	50 	 2354 	 23.54 

51	0	 4	 0	Row	185	 14	174 	 3758 	 37.58 
51	0	 4	 0	Col	185	 14	148 	 3732 	 37.32 

52	0	 4	 0	Row	55	 5	97 	 1377 	 13.77 
52	0	 4	 0	Col	55	 5	76 	 1356 	 13.56 

53	0	 4	 0	Row	184	 6	39 	 1575 	 15.75 
53	0	 4	 0	Col	184	 6	17 	 1553 	 15.53 

54	0	 4	 0	Row	135	 6	133 	 1669 	 16.69 
54	0	 4	 0	Col	135	 6	98 	 1634 	 16.34 

55	0	 4	 0	Row	63	 1	123 	 379 	 3.79 
55	0	 4	 0	Col	63	 1	101 	 357 	 3.57 

56	0	 4	 0	Row	106	 13	163 	 3491 	 34.91 
56	0	 4	 0	Col	106	 13	147 	 3475 	 34.75 

57	0	 4	 0	Row	172	 5	106 	 1386 	 13.86 
57	0	 4	 0	Col	172	 5	83 	 1363 	 13.63 

58	0	 4	 0	Row	194	 2	84 	 596 	 5.96 
58	0	 4	 0	Col	194	 2	54 	 566 	 5.66 

59	0	 4	 0	Row	218	 7	85 	 1877 	 18.77 
59	0	 4	 0	Col	218	 7	63 	 1855 	 18.55 

60	0	 4	 0	Row	189	 12	177 	 3249 	 32.49 
60	0	 4	 0	Col	189	 12	153 	 3225 	 32.25 

61	0	 4	 0	Row	3	 11	39 	 2855 	 28.55 
61	0	 4	 0	Col	3	 11	22 	 2838 	 28.38 

62	0	 4	 0	Row	181	 10	100 	 2660 	 26.6 
62	0	 4	 0	Col	181	 10	81 	 2641 	 26.41 

63	0	 4	 0	Row	1	 13	34 	 3362 	 33.62 
63	0	 4	 0	Col	1	 13	18 	 3346 	 33.46 

64	0	 4	 0	Row	253	 1	82 	 338 	 3.38 
64	0	 4	 0	Col	253	 1	61 	 317 	 3.17 

65	0	 4	 0	Row	154	 12	195 	 3267 	 32.67 
65	0	 4	 0	Col	154	 12	171 	 3243 	 32.43 

66	0	 4	 0	Row	202	 0	208 	 208 	 2.08 
66	0	 4	 0	Col	202	 0	192 	 192 	 1.92 

67	0	 4	 0	Row	143	 0	193 	 193 	 1.93 
67	0	 4	 0	Col	143	 0	174 	 174 	 1.74 

68	0	 4	 0	Row	179	 12	21 	 3093 	 30.93 
68	0	 4	 0	Col	179	 11	254 	 3070 	 30.7 

69	0	 4	 0	Row	168	 13	42 	 3370 	 33.7 
69	0	 4	 0	Col	168	 13	20 	 3348 	 33.48 

70	0	 4	 0	Row	230	 0	149 	 149 	 1.49 
70	0	 4	 0	Col	230	 0	130 	 130 	 1.3 

71	0	 4	 0	Row	78	 11	150 	 2966 	 29.66 
71	0	 4	 0	Col	78	 11	123 	 2939 	 29.39 

72	0	 4	 0	Row	204	 5	27 	 1307 	 13.07 
72	0	 4	 0	Col	204	 5	3 	 1283 	 12.83 

73	0	 4	 0	Row	44	 15	126 	 3966 	 39.66 
73	0	 4	 0	Col	44	 15	107 	 3947 	 39.47 

74	0	 4	 0	Row	3	 4	211 	 1235 	 12.35 
74	0	 4	 0	Col	4	 4	184 	 1208 	 12.08 

75	0	 4	 0	Row	155	 8	69 	 2117 	 21.17 
75	0	 4	 0	Col	155	 8	47 	 2095 	 20.95 

76	0	 4	 0	Row	97	 11	220 	 3036 	 30.36 
76	0	 4	 0	Col	97	 11	203 	 3019 	 30.19 

77	0	 4	 0	Row	176	 14	187 	 3771 	 37.71 
77	0	 4	 0	Col	176	 14	166 	 3750 	 37.5 

78	0	 4	 0	Row	14	 5	142 	 1422 	 14.22 
78	0	 4	 0	Col	14	 5	123 	 1403 	 14.03 

79	0	 4	 0	Row	156	 1	9 	 265 	 2.65 
79	0	 4	 0	Col	156	 0	244 	 244 	 2.44 

80	0	 4	 0	Row	80	 7	227 	 2019 	 20.19 
80	0	 4	 0	Col	80	 7	208 	 2000 	 20.0 

81	0	 4	 0	Row	67	 6	238 	 1774 	 17.74 
81	0	 4	 0	Col	67	 6	209 	 1745 	 17.45 

82	0	 4	 0	Row	225	 5	108 	 1388 	 13.88 
82	0	 4	 0	Col	225	 5	87 	 1367 	 13.67 

83	0	 4	 0	Row	49	 12	226 	 3298 	 32.98 
83	0	 4	 0	Col	49	 12	204 	 3276 	 32.76 

84	0	 4	 0	Row	24	 7	30 	 1822 	 18.22 
84	0	 4	 0	Col	24	 7	6 	 1798 	 17.98 

85	0	 4	 0	Row	212	 11	94 	 2910 	 29.1 
85	0	 4	 0	Col	212	 11	69 	 2885 	 28.85 

86	0	 4	 0	Row	238	 13	72 	 3400 	 34.0 
86	0	 4	 0	Col	238	 13	55 	 3383 	 33.83 

87	0	 4	 0	Row	23	 11	177 	 2993 	 29.93 
87	0	 4	 0	Col	23	 11	158 	 2974 	 29.74 

88	0	 4	 0	Row	219	 13	124 	 3452 	 34.52 
88	0	 4	 0	Col	219	 13	99 	 3427 	 34.27 

89	0	 4	 0	Row	124	 14	26 	 3610 	 36.1 
89	0	 4	 0	Col	124	 14	1 	 3585 	 35.85 

90	0	 4	 0	Row	194	 9	173 	 2477 	 24.77 
90	0	 4	 0	Col	194	 9	156 	 2460 	 24.6 

91	0	 4	 0	Row	99	 8	251 	 2299 	 22.99 
91	0	 4	 0	Col	99	 8	223 	 2271 	 22.71 

92	0	 4	 0	Row	255	 14	81 	 3665 	 36.65 
92	0	 4	 0	Col	255	 14	61 	 3645 	 36.45 

93	0	 4	 0	Row	94	 12	228 	 3300 	 33.0 
93	0	 4	 0	Col	94	 12	212 	 3284 	 32.84 

94	0	 4	 0	Row	58	 5	209 	 1489 	 14.89 
94	0	 4	 0	Col	58	 5	189 	 1469 	 14.69 

95	0	 4	 0	Row	88	 6	213 	 1749 	 17.49 
95	0	 4	 0	Col	88	 6	190 	 1726 	 17.26 

96	0	 4	 0	Row	248	 0	79 	 79 	 0.79 
96	0	 4	 0	Col	248	 0	56 	 56 	 0.56 

97	0	 4	 0	Row	146	 12	171 	 3243 	 32.43 
97	0	 4	 0	Col	146	 12	151 	 3223 	 32.23 

98	0	 4	 0	Row	196	 10	195 	 2755 	 27.55 
98	0	 4	 0	Col	196	 10	178 	 2738 	 27.38 

99	0	 4	 0	Row	172	 15	224 	 4064 	 40.64 
99	0	 4	 0	Col	172	 15	200 	 4040 	 40.4 

100	0	 4	 0	Row	30	 7	166 	 1958 	 19.58 
100	0	 4	 0	Col	30	 7	137 	 1929 	 19.29 

101	0	 4	 0	Row	31	 13	202 	 3530 	 35.3 
101	0	 4	 0	Col	31	 13	188 	 3516 	 35.16 

102	0	 4	 0	Row	225	 0	237 	 237 	 2.37 
102	0	 4	 0	Col	225	 0	218 	 218 	 2.18 

103	0	 4	 0	Row	90	 5	0 	 1280 	 12.8 
103	0	 4	 0	Col	90	 4	238 	 1262 	 12.62 

104	0	 4	 0	Row	37	 8	80 	 2128 	 21.28 
104	0	 4	 0	Col	37	 8	56 	 2104 	 21.04 

105	0	 4	 0	Row	55	 12	56 	 3128 	 31.28 
105	0	 4	 0	Col	55	 12	32 	 3104 	 31.04 

106	0	 4	 0	Row	172	 3	83 	 851 	 8.51 
106	0	 4	 0	Col	172	 3	60 	 828 	 8.28 

107	0	 4	 0	Row	177	 0	246 	 246 	 2.46 
107	0	 4	 0	Col	177	 0	227 	 227 	 2.27 

108	0	 4	 0	Row	228	 7	162 	 1954 	 19.54 
108	0	 4	 0	Col	228	 7	137 	 1929 	 19.29 

109	0	 4	 0	Row	138	 15	47 	 3887 	 38.87 
109	0	 4	 0	Col	138	 15	25 	 3865 	 38.65 

110	0	 4	 0	Row	101	 8	230 	 2278 	 22.78 
110	0	 4	 0	Col	101	 8	210 	 2258 	 22.58 

111	0	 4	 0	Row	189	 8	171 	 2219 	 22.19 
111	0	 4	 0	Col	189	 8	154 	 2202 	 22.02 

112	0	 4	 0	Row	214	 10	174 	 2734 	 27.34 
112	0	 4	 0	Col	214	 10	158 	 2718 	 27.18 

113	0	 4	 0	Row	83	 10	86 	 2646 	 26.46 
113	0	 4	 0	Col	83	 10	67 	 2627 	 26.27 

114	0	 4	 0	Row	45	 6	50 	 1586 	 15.86 
114	0	 4	 0	Col	45	 6	26 	 1562 	 15.62 

115	0	 4	 0	Row	79	 5	218 	 1498 	 14.98 
115	0	 4	 0	Col	79	 5	195 	 1475 	 14.75 

116	0	 4	 0	Row	111	 7	60 	 1852 	 18.52 
116	0	 4	 0	Col	111	 7	41 	 1833 	 18.33 

117	0	 4	 0	Row	41	 9	39 	 2343 	 23.43 
117	0	 4	 0	Col	41	 9	18 	 2322 	 23.22 

118	0	 4	 0	Row	236	 0	37 	 37 	 0.37 
118	0	 4	 0	Col	236	 0	16 	 16 	 0.16 

119	0	 4	 0	Row	178	 15	188 	 4028 	 40.28 
119	0	 4	 0	Col	178	 15	169 	 4009 	 40.09 

120	0	 4	 0	Row	143	 6	100 	 1636 	 16.36 
120	0	 4	 0	Col	143	 6	78 	 1614 	 16.14 

121	0	 4	 0	Row	253	 12	113 	 3185 	 31.85 
121	0	 4	 0	Col	253	 12	90 	 3162 	 31.62 

122	0	 4	 0	Row	207	 12	71 	 3143 	 31.43 
122	0	 4	 0	Col	207	 12	54 	 3126 	 31.26 

123	0	 4	 0	Row	54	 10	146 	 2706 	 27.06 
123	0	 4	 0	Col	54	 10	123 	 2683 	 26.83 

124	0	 4	 0	Row	166	 13	148 	 3476 	 34.76 
124	0	 4	 0	Col	166	 13	130 	 3458 	 34.58 

125	0	 4	 0	Row	229	 4	202 	 1226 	 12.26 
125	0	 4	 0	Col	229	 4	184 	 1208 	 12.08 

126	0	 4	 0	Row	128	 15	136 	 3976 	 39.76 
126	0	 4	 0	Col	128	 15	118 	 3958 	 39.58 

127	0	 4	 0	Row	225	 12	42 	 3114 	 31.14 
127	0	 4	 0	Col	225	 12	23 	 3095 	 30.95 

128	0	 4	 0	Row	164	 6	244 	 1780 	 17.8 
128	0	 4	 0	Col	164	 6	224 	 1760 	 17.6 

129	0	 4	 0	Row	28	 12	44 	 3116 	 31.16 
129	0	 4	 0	Col	28	 12	19 	 3091 	 30.91 

130	0	 4	 0	Row	242	 4	141 	 1165 	 11.65 
130	0	 4	 0	Col	242	 4	106 	 1130 	 11.3 

131	0	 4	 0	Row	228	 8	122 	 2170 	 21.7 
131	0	 4	 0	Col	228	 8	104 	 2152 	 21.52 

132	0	 4	 0	Row	103	 12	197 	 3269 	 32.69 
132	0	 4	 0	Col	103	 12	180 	 3252 	 32.52 

133	0	 4	 0	Row	145	 12	68 	 3140 	 31.4 
133	0	 4	 0	Col	145	 12	50 	 3122 	 31.22 

134	0	 4	 0	Row	92	 9	36 	 2340 	 23.4 
134	0	 4	 0	Col	92	 9	13 	 2317 	 23.17 

135	0	 4	 0	Row	12	 11	199 	 3015 	 30.15 
135	0	 4	 0	Col	12	 11	171 	 2987 	 29.87 

136	0	 4	 0	Row	88	 10	60 	 2620 	 26.2 
136	0	 4	 0	Col	88	 10	38 	 2598 	 25.98 

137	0	 4	 0	Row	252	 8	213 	 2261 	 22.61 
137	0	 4	 0	Col	252	 8	190 	 2238 	 22.38 

138	0	 4	 0	Row	201	 6	175 	 1711 	 17.11 
138	0	 4	 0	Col	201	 6	152 	 1688 	 16.88 

139	0	 4	 0	Row	224	 15	166 	 4006 	 40.06 
139	0	 4	 0	Col	224	 15	147 	 3987 	 39.87 

140	0	 4	 0	Row	59	 11	107 	 2923 	 29.23 
140	0	 4	 0	Col	59	 11	90 	 2906 	 29.06 

141	0	 4	 0	Row	36	 9	146 	 2450 	 24.5 
141	0	 4	 0	Col	36	 9	123 	 2427 	 24.27 

142	0	 4	 0	Row	0	 0	215 	 215 	 2.15 
142	0	 4	 0	Col	0	 0	192 	 192 	 1.92 

143	0	 4	 0	Row	187	 11	175 	 2991 	 29.91 
143	0	 4	 0	Col	187	 11	158 	 2974 	 29.74 

144	0	 4	 0	Row	56	 11	197 	 3013 	 30.13 
144	0	 4	 0	Col	56	 11	173 	 2989 	 29.89 

145	0	 4	 0	Row	241	 11	237 	 3053 	 30.53 
145	0	 4	 0	Col	241	 11	210 	 3026 	 30.26 

146	0	 4	 0	Row	69	 4	84 	 1108 	 11.08 
146	0	 4	 0	Col	69	 4	58 	 1082 	 10.82 

147	0	 4	 0	Row	14	 1	165 	 421 	 4.21 
147	0	 4	 0	Col	14	 1	137 	 393 	 3.93 

148	0	 4	 0	Row	238	 0	253 	 253 	 2.53 
148	0	 4	 0	Col	238	 0	234 	 234 	 2.34 

149	0	 4	 0	Row	144	 1	88 	 344 	 3.44 
149	0	 4	 0	Col	144	 1	67 	 323 	 3.23 

150	0	 4	 0	Row	255	 15	31 	 3871 	 38.71 
150	0	 4	 0	Col	255	 15	13 	 3853 	 38.53 

151	0	 4	 0	Row	173	 2	243 	 755 	 7.55 
151	0	 4	 0	Col	173	 2	226 	 738 	 7.38 

152	0	 4	 0	Row	74	 6	222 	 1758 	 17.58 
152	0	 4	 0	Col	74	 6	203 	 1739 	 17.39 

153	0	 4	 0	Row	48	 12	99 	 3171 	 31.71 
153	0	 4	 0	Col	49	 12	78 	 3150 	 31.5 

154	0	 4	 0	Row	138	 6	242 	 1778 	 17.78 
154	0	 4	 0	Col	138	 6	222 	 1758 	 17.58 

155	0	 4	 0	Row	32	 5	94 	 1374 	 13.74 
155	0	 4	 0	Col	32	 5	74 	 1354 	 13.54 

156	0	 4	 0	Row	160	 6	137 	 1673 	 16.73 
156	0	 4	 0	Col	160	 6	115 	 1651 	 16.51 

157	0	 4	 0	Row	51	 13	65 	 3393 	 33.93 
157	0	 4	 0	Col	51	 13	38 	 3366 	 33.66 

158	0	 4	 0	Row	45	 12	157 	 3229 	 32.29 
158	0	 4	 0	Col	45	 12	134 	 3206 	 32.06 

159	0	 4	 0	Row	213	 9	38 	 2342 	 23.42 
159	0	 4	 0	Col	213	 9	19 	 2323 	 23.23 

160	0	 4	 0	Row	23	 9	93 	 2397 	 23.97 
160	0	 4	 0	Col	23	 9	75 	 2379 	 23.79 

161	0	 4	 0	Row	126	 7	6 	 1798 	 17.98 
161	0	 4	 0	Col	126	 6	239 	 1775 	 17.75 

162	0	 4	 0	Row	111	 1	56 	 312 	 3.12 
162	0	 4	 0	Col	111	 1	34 	 290 	 2.9 

163	0	 4	 0	Row	86	 12	35 	 3107 	 31.07 
163	0	 4	 0	Col	86	 12	17 	 3089 	 30.89 

164	0	 4	 0	Row	119	 5	104 	 1384 	 13.84 
164	0	 4	 0	Col	119	 5	78 	 1358 	 13.58 

165	0	 4	 0	Row	188	 12	58 	 3130 	 31.3 
165	0	 4	 0	Col	188	 12	39 	 3111 	 31.11 

166	0	 4	 0	Row	77	 9	64 	 2368 	 23.68 
166	0	 4	 0	Col	77	 9	44 	 2348 	 23.48 

167	0	 4	 0	Row	8	 11	182 	 2998 	 29.98 
167	0	 4	 0	Col	8	 11	166 	 2982 	 29.82 

168	0	 4	 0	Row	238	 9	246 	 2550 	 25.5 
168	0	 4	 0	Col	238	 9	225 	 2529 	 25.29 

169	0	 4	 0	Row	52	 7	187 	 1979 	 19.79 
169	0	 4	 0	Col	52	 7	167 	 1959 	 19.59 

170	0	 4	 0	Row	106	 13	81 	 3409 	 34.09 
170	0	 4	 0	Col	106	 13	60 	 3388 	 33.88 

171	0	 4	 0	Row	5	 12	72 	 3144 	 31.44 
171	0	 4	 0	Col	5	 12	45 	 3117 	 31.17 

172	0	 4	 0	Row	220	 8	60 	 2108 	 21.08 
172	0	 4	 0	Col	220	 8	44 	 2092 	 20.92 

173	0	 4	 0	Row	35	 12	114 	 3186 	 31.86 
173	0	 4	 0	Col	35	 12	94 	 3166 	 31.66 

174	0	 4	 0	Row	73	 12	31 	 3103 	 31.03 
174	0	 4	 0	Col	73	 12	5 	 3077 	 30.77 

175	0	 4	 0	Row	52	 7	253 	 2045 	 20.45 
175	0	 4	 0	Col	52	 7	221 	 2013 	 20.13 

176	0	 4	 0	Row	137	 8	113 	 2161 	 21.61 
176	0	 4	 0	Col	137	 8	86 	 2134 	 21.34 

177	0	 4	 0	Row	194	 12	144 	 3216 	 32.16 
177	0	 4	 0	Col	194	 12	117 	 3189 	 31.89 

178	0	 4	 0	Row	18	 8	4 	 2052 	 20.52 
178	0	 4	 0	Col	18	 7	240 	 2032 	 20.32 

179	0	 4	 0	Row	11	 6	197 	 1733 	 17.33 
179	0	 4	 0	Col	11	 6	171 	 1707 	 17.07 

180	0	 4	 0	Row	216	 5	216 	 1496 	 14.96 
180	0	 4	 0	Col	216	 5	192 	 1472 	 14.72 

181	0	 4	 0	Row	97	 13	83 	 3411 	 34.11 
181	0	 4	 0	Col	97	 13	65 	 3393 	 33.93 

182	0	 4	 0	Row	64	 6	120 	 1656 	 16.56 
182	0	 4	 0	Col	64	 6	102 	 1638 	 16.38 

183	0	 4	 0	Row	137	 11	165 	 2981 	 29.81 
183	0	 4	 0	Col	137	 11	143 	 2959 	 29.59 

184	0	 4	 0	Row	72	 7	241 	 2033 	 20.33 
184	0	 4	 0	Col	72	 7	214 	 2006 	 20.06 

185	0	 4	 0	Row	159	 11	214 	 3030 	 30.3 
185	0	 4	 0	Col	159	 11	193 	 3009 	 30.09 

186	0	 4	 0	Row	181	 7	45 	 1837 	 18.37 
186	0	 4	 0	Col	181	 7	27 	 1819 	 18.19 

187	0	 4	 0	Row	201	 12	108 	 3180 	 31.8 
187	0	 4	 0	Col	201	 12	88 	 3160 	 31.6 

188	0	 4	 0	Row	85	 3	244 	 1012 	 10.12 
188	0	 4	 0	Col	86	 3	203 	 971 	 9.71 

189	0	 4	 0	Row	232	 8	177 	 2225 	 22.25 
189	0	 4	 0	Col	232	 8	160 	 2208 	 22.08 

190	0	 4	 0	Row	238	 12	127 	 3199 	 31.99 
190	0	 4	 0	Col	238	 12	103 	 3175 	 31.75 

191	0	 4	 0	Row	172	 8	125 	 2173 	 21.73 
191	0	 4	 0	Col	172	 8	102 	 2150 	 21.5 

192	0	 4	 0	Row	244	 1	8 	 264 	 2.64 
192	0	 4	 0	Col	244	 0	248 	 248 	 2.48 

193	0	 4	 0	Row	58	 15	194 	 4034 	 40.34 
193	0	 4	 0	Col	58	 15	177 	 4017 	 40.17 

194	0	 4	 0	Row	205	 0	11 	 11 	 0.11 
194	0	 4	 0	Col	205	 15	247 	 4087 	 40.87 

195	0	 4	 0	Row	189	 11	242 	 3058 	 30.58 
195	0	 4	 0	Col	189	 11	222 	 3038 	 30.38 

196	0	 4	 0	Row	162	 6	150 	 1686 	 16.86 
196	0	 4	 0	Col	162	 6	132 	 1668 	 16.68 

197	0	 4	 0	Row	57	 8	92 	 2140 	 21.4 
197	0	 4	 0	Col	57	 8	70 	 2118 	 21.18 

198	0	 4	 0	Row	144	 11	25 	 2841 	 28.41 
198	0	 4	 0	Col	144	 11	9 	 2825 	 28.25 

199	0	 4	 0	Row	181	 12	104 	 3176 	 31.76 
199	0	 4	 0	Col	181	 12	87 	 3159 	 31.59 

200	0	 4	 0	Row	117	 6	72 	 1608 	 16.08 
200	0	 4	 0	Col	117	 6	53 	 1589 	 15.89 

201	0	 4	 0	Row	87	 4	242 	 1266 	 12.66 
201	0	 4	 0	Col	87	 4	222 	 1246 	 12.46 

202	0	 4	 0	Row	20	 1	29 	 285 	 2.85 
202	0	 4	 0	Col	20	 1	9 	 265 	 2.65 

203	0	 4	 0	Row	1	 10	66 	 2626 	 26.26 
203	0	 4	 0	Col	1	 10	48 	 2608 	 26.08 

204	0	 4	 0	Row	203	 12	47 	 3119 	 31.19 
204	0	 4	 0	Col	203	 12	22 	 3094 	 30.94 

205	0	 4	 0	Row	111	 10	90 	 2650 	 26.5 
205	0	 4	 0	Col	111	 10	73 	 2633 	 26.33 

206	0	 4	 0	Row	23	 12	151 	 3223 	 32.23 
206	0	 4	 0	Col	23	 12	124 	 3196 	 31.96 

207	0	 4	 0	Row	213	 12	150 	 3222 	 32.22 
207	0	 4	 0	Col	214	 12	126 	 3198 	 31.98 

208	0	 4	 0	Row	131	 3	84 	 852 	 8.52 
208	0	 4	 0	Col	131	 3	59 	 827 	 8.27 

209	0	 4	 0	Row	104	 8	48 	 2096 	 20.96 
209	0	 4	 0	Col	104	 8	28 	 2076 	 20.76 

210	0	 4	 0	Row	128	 7	158 	 1950 	 19.5 
210	0	 4	 0	Col	128	 7	139 	 1931 	 19.31 

211	0	 4	 0	Row	62	 10	254 	 2814 	 28.14 
211	0	 4	 0	Col	62	 10	233 	 2793 	 27.93 

212	0	 4	 0	Row	135	 11	202 	 3018 	 30.18 
212	0	 4	 0	Col	135	 11	181 	 2997 	 29.97 

213	0	 4	 0	Row	195	 13	2 	 3330 	 33.3 
213	0	 4	 0	Col	195	 12	242 	 3314 	 33.14 

214	0	 4	 0	Row	142	 8	108 	 2156 	 21.56 
214	0	 4	 0	Col	142	 8	90 	 2138 	 21.38 

215	0	 4	 0	Row	71	 2	245 	 757 	 7.57 
215	0	 4	 0	Col	71	 2	230 	 742 	 7.42 

216	0	 4	 0	Row	211	 4	209 	 1233 	 12.33 
216	0	 4	 0	Col	211	 4	189 	 1213 	 12.13 

217	0	 4	 0	Row	137	 5	25 	 1305 	 13.05 
217	0	 4	 0	Col	137	 5	6 	 1286 	 12.86 

218	0	 4	 0	Row	120	 5	136 	 1416 	 14.16 
218	0	 4	 0	Col	120	 5	87 	 1367 	 13.67 

219	0	 4	 0	Row	110	 9	174 	 2478 	 24.78 
219	0	 4	 0	Col	110	 9	151 	 2455 	 24.55 

220	0	 4	 0	Row	189	 12	235 	 3307 	 33.07 
220	0	 4	 0	Col	189	 12	214 	 3286 	 32.86 

221	0	 4	 0	Row	164	 1	123 	 379 	 3.79 
221	0	 4	 0	Col	164	 1	101 	 357 	 3.57 

222	0	 4	 0	Row	1	 3	237 	 1005 	 10.05 
222	0	 4	 0	Col	1	 3	212 	 980 	 9.8 

223	0	 4	 0	Row	47	 10	168 	 2728 	 27.28 
223	0	 4	 0	Col	47	 10	152 	 2712 	 27.12 

224	0	 4	 0	Row	106	 10	25 	 2585 	 25.85 
224	0	 4	 0	Col	106	 10	8 	 2568 	 25.68 

225	0	 4	 0	Row	68	 12	27 	 3099 	 30.99 
225	0	 4	 0	Col	68	 11	245 	 3061 	 30.61 

226	0	 4	 0	Row	155	 6	174 	 1710 	 17.1 
226	0	 4	 0	Col	155	 6	148 	 1684 	 16.84 

227	0	 4	 0	Row	177	 7	169 	 1961 	 19.61 
227	0	 4	 0	Col	177	 7	140 	 1932 	 19.32 

228	0	 4	 0	Row	21	 13	189 	 3517 	 35.17 
228	0	 4	 0	Col	21	 13	163 	 3491 	 34.91 

229	0	 4	 0	Row	33	 9	78 	 2382 	 23.82 
229	0	 4	 0	Col	33	 9	58 	 2362 	 23.62 

230	0	 4	 0	Row	195	 4	147 	 1171 	 11.71 
230	0	 4	 0	Col	195	 4	125 	 1149 	 11.49 

231	0	 4	 0	Row	174	 14	52 	 3636 	 36.36 
231	0	 4	 0	Col	174	 14	31 	 3615 	 36.15 

232	0	 4	 0	Row	128	 7	240 	 2032 	 20.32 
232	0	 4	 0	Col	128	 7	225 	 2017 	 20.17 

233	0	 4	 0	Row	103	 6	118 	 1654 	 16.54 
233	0	 4	 0	Col	103	 6	99 	 1635 	 16.35 

234	0	 4	 0	Row	220	 12	137 	 3209 	 32.09 
234	0	 4	 0	Col	220	 12	112 	 3184 	 31.84 

235	0	 4	 0	Row	86	 12	3 	 3075 	 30.75 
235	0	 4	 0	Col	86	 11	239 	 3055 	 30.55 

236	0	 4	 0	Row	48	 2	196 	 708 	 7.08 
236	0	 4	 0	Col	48	 2	171 	 683 	 6.83 

237	0	 4	 0	Row	65	 8	0 	 2048 	 20.48 
237	0	 4	 0	Col	65	 7	230 	 2022 	 20.22 

238	0	 4	 0	Row	193	 6	203 	 1739 	 17.39 
238	0	 4	 0	Col	193	 6	178 	 1714 	 17.14 

239	0	 4	 0	Row	152	 7	9 	 1801 	 18.01 
239	0	 4	 0	Col	152	 6	246 	 1782 	 17.82 

240	0	 4	 0	Row	129	 5	6 	 1286 	 12.86 
240	0	 4	 0	Col	129	 4	232 	 1256 	 12.56 

241	0	 4	 0	Row	57	 12	193 	 3265 	 32.65 
241	0	 4	 0	Col	57	 12	173 	 3245 	 32.45 

242	0	 4	 0	Row	86	 6	11 	 1547 	 15.47 
242	0	 4	 0	Col	86	 5	235 	 1515 	 15.15 

243	0	 4	 0	Row	121	 2	177 	 689 	 6.89 
243	0	 4	 0	Col	121	 2	149 	 661 	 6.61 

244	0	 4	 0	Row	41	 6	3 	 1539 	 15.39 
244	0	 4	 0	Col	41	 5	236 	 1516 	 15.16 

245	0	 4	 0	Row	118	 2	248 	 760 	 7.6 
245	0	 4	 0	Col	118	 2	227 	 739 	 7.39 

246	0	 4	 0	Row	219	 7	189 	 1981 	 19.81 
246	0	 4	 0	Col	219	 7	171 	 1963 	 19.63 

247	0	 4	 0	Row	74	 13	129 	 3457 	 34.57 
247	0	 4	 0	Col	74	 13	110 	 3438 	 34.38 

248	0	 4	 0	Row	11	 6	152 	 1688 	 16.88 
248	0	 4	 0	Col	11	 6	128 	 1664 	 16.64 

249	0	 4	 0	Row	21	 6	250 	 1786 	 17.86 
249	0	 4	 0	Col	21	 6	225 	 1761 	 17.61 

250	0	 4	 0	Row	124	 9	61 	 2365 	 23.65 
250	0	 4	 0	Col	124	 9	45 	 2349 	 23.49 

251	0	 4	 0	Row	152	 6	94 	 1630 	 16.3 
251	0	 4	 0	Col	152	 6	77 	 1613 	 16.13 

252	0	 4	 0	Row	206	 7	9 	 1801 	 18.01 
252	0	 4	 0	Col	206	 6	244 	 1780 	 17.8 

253	0	 4	 0	Row	153	 4	199 	 1223 	 12.23 
253	0	 4	 0	Col	154	 4	169 	 1193 	 11.93 

254	0	 4	 0	Row	215	 10	18 	 2578 	 25.78 
254	0	 4	 0	Col	215	 10	1 	 2561 	 25.61 

255	0	 4	 0	Row	80	 9	223 	 2527 	 25.27 
255	0	 4	 0	Col	80	 9	207 	 2511 	 25.11 

256	0	 4	 0	Row	176	 7	37 	 1829 	 18.29 
256	0	 4	 0	Col	176	 7	7 	 1799 	 17.99 

257	0	 4	 0	Row	163	 12	35 	 3107 	 31.07 
257	0	 4	 0	Col	163	 12	9 	 3081 	 30.81 

258	0	 4	 0	Row	109	 12	147 	 3219 	 32.19 
258	0	 4	 0	Col	109	 12	131 	 3203 	 32.03 

259	0	 4	 0	Row	108	 0	133 	 133 	 1.33 
259	0	 4	 0	Col	108	 0	110 	 110 	 1.1 

260	0	 4	 0	Row	78	 9	136 	 2440 	 24.4 
260	0	 4	 0	Col	78	 9	116 	 2420 	 24.2 

261	0	 4	 0	Row	136	 4	77 	 1101 	 11.01 
261	0	 4	 0	Col	136	 4	59 	 1083 	 10.83 

262	0	 4	 0	Row	236	 6	52 	 1588 	 15.88 
262	0	 4	 0	Col	236	 6	32 	 1568 	 15.68 

263	0	 4	 0	Row	56	 5	242 	 1522 	 15.22 
263	0	 4	 0	Col	56	 5	223 	 1503 	 15.03 

264	0	 4	 0	Row	28	 13	115 	 3443 	 34.43 
264	0	 4	 0	Col	28	 13	98 	 3426 	 34.26 

265	0	 4	 0	Row	236	 10	251 	 2811 	 28.11 
265	0	 4	 0	Col	236	 10	231 	 2791 	 27.91 

266	0	 4	 0	Row	13	 5	113 	 1393 	 13.93 
266	0	 4	 0	Col	13	 5	90 	 1370 	 13.7 

267	0	 4	 0	Row	91	 12	8 	 3080 	 30.8 
267	0	 4	 0	Col	91	 11	246 	 3062 	 30.62 

268	0	 4	 0	Row	152	 13	94 	 3422 	 34.22 
268	0	 4	 0	Col	152	 13	70 	 3398 	 33.98 

269	0	 4	 0	Row	119	 12	243 	 3315 	 33.15 
269	0	 4	 0	Col	119	 12	223 	 3295 	 32.95 

270	0	 4	 0	Row	44	 7	251 	 2043 	 20.43 
270	0	 4	 0	Col	44	 7	229 	 2021 	 20.21 

271	0	 4	 0	Row	81	 12	151 	 3223 	 32.23 
271	0	 4	 0	Col	81	 12	121 	 3193 	 31.93 

272	0	 4	 0	Row	144	 0	195 	 195 	 1.95 
272	0	 4	 0	Col	144	 0	179 	 179 	 1.79 

273	0	 4	 0	Row	252	 12	2 	 3074 	 30.74 
273	0	 4	 0	Col	252	 11	239 	 3055 	 30.55 

274	0	 4	 0	Row	238	 9	243 	 2547 	 25.47 
274	0	 4	 0	Col	238	 9	221 	 2525 	 25.25 

275	0	 4	 0	Row	131	 12	191 	 3263 	 32.63 
275	0	 4	 0	Col	131	 12	175 	 3247 	 32.47 

276	0	 4	 0	Row	223	 7	250 	 2042 	 20.42 
276	0	 4	 0	Col	223	 7	229 	 2021 	 20.21 

277	0	 4	 0	Row	255	 11	140 	 2956 	 29.56 
277	0	 4	 0	Col	255	 11	114 	 2930 	 29.3 

278	0	 4	 0	Row	90	 6	160 	 1696 	 16.96 
278	0	 4	 0	Col	90	 6	139 	 1675 	 16.75 

279	0	 4	 0	Row	123	 9	18 	 2322 	 23.22 
279	0	 4	 0	Col	123	 8	253 	 2301 	 23.01 

280	0	 4	 0	Row	23	 1	188 	 444 	 4.44 
280	0	 4	 0	Col	23	 1	171 	 427 	 4.27 

281	0	 4	 0	Row	142	 7	10 	 1802 	 18.02 
281	0	 4	 0	Col	142	 6	246 	 1782 	 17.82 

282	0	 4	 0	Row	85	 9	54 	 2358 	 23.58 
282	0	 4	 0	Col	85	 9	35 	 2339 	 23.39 

283	0	 4	 0	Row	27	 8	80 	 2128 	 21.28 
283	0	 4	 0	Col	27	 8	54 	 2102 	 21.02 

284	0	 4	 0	Row	132	 3	68 	 836 	 8.36 
284	0	 4	 0	Col	132	 2	252 	 764 	 7.64 

285	0	 4	 0	Row	188	 3	199 	 967 	 9.67 
285	0	 4	 0	Col	188	 3	167 	 935 	 9.35 

286	0	 4	 0	Row	128	 8	133 	 2181 	 21.81 
286	0	 4	 0	Col	128	 8	111 	 2159 	 21.59 

287	0	 4	 0	Row	57	 12	139 	 3211 	 32.11 
287	0	 4	 0	Col	57	 12	120 	 3192 	 31.92 

288	0	 4	 0	Row	152	 13	85 	 3413 	 34.13 
288	0	 4	 0	Col	152	 13	63 	 3391 	 33.91 

289	0	 4	 0	Row	250	 10	242 	 2802 	 28.02 
289	0	 4	 0	Col	250	 10	222 	 2782 	 27.82 

290	0	 4	 0	Row	151	 5	91 	 1371 	 13.71 
290	0	 4	 0	Col	151	 5	69 	 1349 	 13.49 

291	0	 4	 0	Row	215	 10	86 	 2646 	 26.46 
291	0	 4	 0	Col	215	 10	69 	 2629 	 26.29 

292	0	 4	 0	Row	48	 1	191 	 447 	 4.47 
292	0	 4	 0	Col	48	 1	166 	 422 	 4.22 

293	0	 4	 0	Row	124	 8	118 	 2166 	 21.66 
293	0	 4	 0	Col	124	 8	100 	 2148 	 21.48 

294	0	 4	 0	Row	25	 9	202 	 2506 	 25.06 
294	0	 4	 0	Col	25	 9	182 	 2486 	 24.86 

295	0	 4	 0	Row	170	 11	149 	 2965 	 29.65 
295	0	 4	 0	Col	170	 11	133 	 2949 	 29.49 

296	0	 4	 0	Row	172	 12	10 	 3082 	 30.82 
296	0	 4	 0	Col	172	 11	245 	 3061 	 30.61 

297	0	 4	 0	Row	190	 13	21 	 3349 	 33.49 
297	0	 4	 0	Col	190	 12	254 	 3326 	 33.26 

298	0	 4	 0	Row	218	 7	155 	 1947 	 19.47 
298	0	 4	 0	Col	218	 7	133 	 1925 	 19.25 

299	0	 4	 0	Row	94	 12	152 	 3224 	 32.24 
299	0	 4	 0	Col	94	 12	129 	 3201 	 32.01 

300	0	 4	 0	Row	232	 10	236 	 2796 	 27.96 
300	0	 4	 0	Col	232	 10	218 	 2778 	 27.78 

301	0	 4	 0	Row	132	 13	114 	 3442 	 34.42 
301	0	 4	 0	Col	132	 13	86 	 3414 	 34.14 

302	0	 4	 0	Row	35	 6	220 	 1756 	 17.56 
302	0	 4	 0	Col	35	 6	199 	 1735 	 17.35 

303	0	 4	 0	Row	162	 7	215 	 2007 	 20.07 
303	0	 4	 0	Col	162	 7	197 	 1989 	 19.89 

304	0	 4	 0	Row	125	 9	205 	 2509 	 25.09 
304	0	 4	 0	Col	125	 9	189 	 2493 	 24.93 

305	0	 4	 0	Row	35	 11	201 	 3017 	 30.17 
305	0	 4	 0	Col	35	 11	181 	 2997 	 29.97 

306	0	 4	 0	Row	192	 12	217 	 3289 	 32.89 
306	0	 4	 0	Col	192	 12	198 	 3270 	 32.7 

307	0	 4	 0	Row	241	 6	192 	 1728 	 17.28 
307	0	 4	 0	Col	241	 6	172 	 1708 	 17.08 

308	0	 4	 0	Row	141	 12	37 	 3109 	 31.09 
308	0	 4	 0	Col	141	 12	13 	 3085 	 30.85 

309	0	 4	 0	Row	212	 7	244 	 2036 	 20.36 
309	0	 4	 0	Col	212	 7	229 	 2021 	 20.21 

310	0	 4	 0	Row	56	 2	103 	 615 	 6.15 
310	0	 4	 0	Col	56	 2	86 	 598 	 5.98 

311	0	 4	 0	Row	122	 8	217 	 2265 	 22.65 
311	0	 4	 0	Col	122	 8	195 	 2243 	 22.43 

312	0	 4	 0	Row	93	 11	160 	 2976 	 29.76 
312	0	 4	 0	Col	93	 11	138 	 2954 	 29.54 

313	0	 4	 0	Row	28	 7	99 	 1891 	 18.91 
313	0	 4	 0	Col	28	 7	77 	 1869 	 18.69 

314	0	 4	 0	Row	58	 6	95 	 1631 	 16.31 
314	0	 4	 0	Col	58	 6	73 	 1609 	 16.09 

315	0	 4	 0	Row	5	 2	196 	 708 	 7.08 
315	0	 4	 0	Col	7	 2	66 	 578 	 5.78 

316	0	 4	 0	Row	112	 12	74 	 3146 	 31.46 
316	0	 4	 0	Col	112	 12	57 	 3129 	 31.29 

317	0	 4	 0	Row	202	 12	58 	 3130 	 31.3 
317	0	 4	 0	Col	202	 12	37 	 3109 	 31.09 

318	0	 4	 0	Row	46	 1	249 	 505 	 5.05 
318	0	 4	 0	Col	46	 1	228 	 484 	 4.84 

319	0	 4	 0	Row	216	 0	39 	 39 	 0.39 
319	0	 4	 0	Col	216	 0	23 	 23 	 0.23 

320	0	 4	 0	Row	166	 4	192 	 1216 	 12.16 
320	0	 4	 0	Col	166	 4	163 	 1187 	 11.87 

321	0	 4	 0	Row	122	 12	180 	 3252 	 32.52 
321	0	 4	 0	Col	122	 12	160 	 3232 	 32.32 

322	0	 4	 0	Row	58	 3	131 	 899 	 8.99 
322	0	 4	 0	Col	58	 3	114 	 882 	 8.82 

323	0	 4	 0	Row	174	 10	222 	 2782 	 27.82 
323	0	 4	 0	Col	174	 10	203 	 2763 	 27.63 

324	0	 4	 0	Row	185	 5	62 	 1342 	 13.42 
324	0	 4	 0	Col	185	 5	41 	 1321 	 13.21 

325	0	 4	 0	Row	160	 7	120 	 1912 	 19.12 
325	0	 4	 0	Col	160	 7	98 	 1890 	 18.9 

326	0	 4	 0	Row	14	 5	14 	 1294 	 12.94 
326	0	 4	 0	Col	14	 4	244 	 1268 	 12.68 

327	0	 4	 0	Row	20	 4	149 	 1173 	 11.73 
327	0	 4	 0	Col	20	 4	127 	 1151 	 11.51 

328	0	 4	 0	Row	54	 6	8 	 1544 	 15.44 
328	0	 4	 0	Col	54	 5	234 	 1514 	 15.14 

329	0	 4	 0	Row	34	 3	127 	 895 	 8.95 
329	0	 4	 0	Col	34	 3	103 	 871 	 8.71 

330	0	 4	 0	Row	120	 4	110 	 1134 	 11.34 
330	0	 4	 0	Col	120	 4	85 	 1109 	 11.09 

331	0	 4	 0	Row	132	 12	141 	 3213 	 32.13 
331	0	 4	 0	Col	132	 12	115 	 3187 	 31.87 

332	0	 4	 0	Row	211	 12	197 	 3269 	 32.69 
332	0	 4	 0	Col	211	 12	172 	 3244 	 32.44 

333	0	 4	 0	Row	212	 12	222 	 3294 	 32.94 
333	0	 4	 0	Col	212	 12	203 	 3275 	 32.75 

334	0	 4	 0	Row	146	 12	107 	 3179 	 31.79 
334	0	 4	 0	Col	146	 12	86 	 3158 	 31.58 

335	0	 4	 0	Row	176	 9	67 	 2371 	 23.71 
335	0	 4	 0	Col	176	 9	47 	 2351 	 23.51 

336	0	 4	 0	Row	104	 4	214 	 1238 	 12.38 
336	0	 4	 0	Col	104	 4	197 	 1221 	 12.21 

337	0	 4	 0	Row	99	 11	130 	 2946 	 29.46 
337	0	 4	 0	Col	99	 11	107 	 2923 	 29.23 

338	0	 4	 0	Row	91	 14	79 	 3663 	 36.63 
338	0	 4	 0	Col	91	 14	61 	 3645 	 36.45 

339	0	 4	 0	Row	130	 11	57 	 2873 	 28.73 
339	0	 4	 0	Col	130	 11	32 	 2848 	 28.48 

340	0	 4	 0	Row	118	 10	178 	 2738 	 27.38 
340	0	 4	 0	Col	118	 10	159 	 2719 	 27.19 

341	0	 4	 0	Row	234	 11	255 	 3071 	 30.71 
341	0	 4	 0	Col	234	 11	233 	 3049 	 30.49 

342	0	 4	 0	Row	219	 9	197 	 2501 	 25.01 
342	0	 4	 0	Col	219	 9	175 	 2479 	 24.79 

343	0	 4	 0	Row	202	 6	135 	 1671 	 16.71 
343	0	 4	 0	Col	202	 6	117 	 1653 	 16.53 

344	0	 4	 0	Row	67	 4	241 	 1265 	 12.65 
344	0	 4	 0	Col	67	 4	204 	 1228 	 12.28 

345	0	 4	 0	Row	239	 12	73 	 3145 	 31.45 
345	0	 4	 0	Col	239	 12	50 	 3122 	 31.22 

346	0	 4	 0	Row	24	 5	35 	 1315 	 13.15 
346	0	 4	 0	Col	24	 5	11 	 1291 	 12.91 

347	0	 4	 0	Row	101	 4	154 	 1178 	 11.78 
347	0	 4	 0	Col	101	 4	127 	 1151 	 11.51 

348	0	 4	 0	Row	186	 8	160 	 2208 	 22.08 
348	0	 4	 0	Col	186	 8	131 	 2179 	 21.79 

349	0	 4	 0	Row	220	 11	178 	 2994 	 29.94 
349	0	 4	 0	Col	220	 11	161 	 2977 	 29.77 

350	0	 4	 0	Row	132	 7	41 	 1833 	 18.33 
350	0	 4	 0	Col	132	 7	22 	 1814 	 18.14 

351	0	 4	 0	Row	147	 11	124 	 2940 	 29.4 
351	0	 4	 0	Col	147	 11	105 	 2921 	 29.21 

352	0	 4	 0	Row	206	 0	105 	 105 	 1.05 
352	0	 4	 0	Col	206	 0	83 	 83 	 0.83 

353	0	 4	 0	Row	59	 7	78 	 1870 	 18.7 
353	0	 4	 0	Col	59	 7	51 	 1843 	 18.43 

354	0	 4	 0	Row	173	 11	234 	 3050 	 30.5 
354	0	 4	 0	Col	173	 11	217 	 3033 	 30.33 

355	0	 4	 0	Row	137	 6	50 	 1586 	 15.86 
355	0	 4	 0	Col	137	 6	32 	 1568 	 15.68 

356	0	 4	 0	Row	242	 9	240 	 2544 	 25.44 
356	0	 4	 0	Col	242	 9	220 	 2524 	 25.24 

357	0	 4	 0	Row	78	 8	72 	 2120 	 21.2 
357	0	 4	 0	Col	78	 8	56 	 2104 	 21.04 

358	0	 4	 0	Row	82	 8	96 	 2144 	 21.44 
358	0	 4	 0	Col	82	 8	67 	 2115 	 21.15 

359	0	 4	 0	Row	72	 10	135 	 2695 	 26.95 
359	0	 4	 0	Col	72	 10	116 	 2676 	 26.76 

360	0	 4	 0	Row	192	 4	53 	 1077 	 10.77 
360	0	 4	 0	Col	192	 4	29 	 1053 	 10.53 

361	0	 4	 0	Row	143	 11	26 	 2842 	 28.42 
361	0	 4	 0	Col	143	 11	1 	 2817 	 28.17 

362	0	 4	 0	Row	122	 7	120 	 1912 	 19.12 
362	0	 4	 0	Col	122	 7	95 	 1887 	 18.87 

363	0	 4	 0	Row	172	 4	11 	 1035 	 10.35 
363	0	 4	 0	Col	172	 3	240 	 1008 	 10.08 

364	0	 4	 0	Row	18	 8	180 	 2228 	 22.28 
364	0	 4	 0	Col	18	 8	157 	 2205 	 22.05 

365	0	 4	 0	Row	67	 8	82 	 2130 	 21.3 
365	0	 4	 0	Col	67	 8	64 	 2112 	 21.12 

366	0	 4	 0	Row	143	 13	5 	 3333 	 33.33 
366	0	 4	 0	Col	143	 12	244 	 3316 	 33.16 

367	0	 4	 0	Row	152	 8	179 	 2227 	 22.27 
367	0	 4	 0	Col	152	 8	142 	 2190 	 21.9 

368	0	 4	 0	Row	75	 10	18 	 2578 	 25.78 
368	0	 4	 0	Col	75	 9	253 	 2557 	 25.57 

369	0	 4	 0	Row	50	 6	50 	 1586 	 15.86 
369	0	 4	 0	Col	50	 6	31 	 1567 	 15.67 

370	0	 4	 0	Row	158	 12	244 	 3316 	 33.16 
370	0	 4	 0	Col	158	 12	223 	 3295 	 32.95 

371	0	 4	 0	Row	83	 12	136 	 3208 	 32.08 
371	0	 4	 0	Col	83	 12	118 	 3190 	 31.9 

372	0	 4	 0	Row	16	 4	249 	 1273 	 12.73 
372	0	 4	 0	Col	16	 4	230 	 1254 	 12.54 

373	0	 4	 0	Row	75	 0	55 	 55 	 0.55 
373	0	 4	 0	Col	75	 0	31 	 31 	 0.31 

374	0	 4	 0	Row	27	 10	16 	 2576 	 25.76 
374	0	 4	 0	Col	27	 9	253 	 2557 	 25.57 

375	0	 4	 0	Row	164	 15	135 	 3975 	 39.75 
375	0	 4	 0	Col	164	 15	116 	 3956 	 39.56 

376	0	 4	 0	Row	179	 3	140 	 908 	 9.08 
376	0	 4	 0	Col	179	 3	117 	 885 	 8.85 

377	0	 4	 0	Row	48	 5	68 	 1348 	 13.48 
377	0	 4	 0	Col	48	 5	47 	 1327 	 13.27 

378	0	 4	 0	Row	112	 9	199 	 2503 	 25.03 
378	0	 4	 0	Col	112	 9	183 	 2487 	 24.87 

379	0	 4	 0	Row	223	 4	134 	 1158 	 11.58 
379	0	 4	 0	Col	223	 4	101 	 1125 	 11.25 

380	0	 4	 0	Row	8	 8	128 	 2176 	 21.76 
380	0	 4	 0	Col	8	 8	110 	 2158 	 21.58 

381	0	 4	 0	Row	121	 4	113 	 1137 	 11.37 
381	0	 4	 0	Col	121	 4	81 	 1105 	 11.05 

382	0	 4	 0	Row	31	 8	254 	 2302 	 23.02 
382	0	 4	 0	Col	31	 8	232 	 2280 	 22.8 

383	0	 4	 0	Row	152	 11	242 	 3058 	 30.58 
383	0	 4	 0	Col	152	 11	227 	 3043 	 30.43 

384	0	 4	 0	Row	178	 7	110 	 1902 	 19.02 
384	0	 4	 0	Col	178	 7	92 	 1884 	 18.84 

385	0	 4	 0	Row	43	 3	32 	 800 	 8.0 
385	0	 4	 0	Col	43	 2	253 	 765 	 7.65 

386	0	 4	 0	Row	130	 7	79 	 1871 	 18.71 
386	0	 4	 0	Col	130	 7	55 	 1847 	 18.47 

387	0	 4	 0	Row	95	 12	233 	 3305 	 33.05 
387	0	 4	 0	Col	95	 12	218 	 3290 	 32.9 

388	0	 4	 0	Row	100	 12	121 	 3193 	 31.93 
388	0	 4	 0	Col	100	 12	96 	 3168 	 31.68 

389	0	 4	 0	Row	109	 3	187 	 955 	 9.55 
389	0	 4	 0	Col	109	 3	167 	 935 	 9.35 

390	0	 4	 0	Row	64	 5	159 	 1439 	 14.39 
390	0	 4	 0	Col	64	 5	141 	 1421 	 14.21 

391	0	 4	 0	Row	147	 13	5 	 3333 	 33.33 
391	0	 4	 0	Col	147	 12	243 	 3315 	 33.15 

392	0	 4	 0	Row	231	 13	189 	 3517 	 35.17 
392	0	 4	 0	Col	231	 13	173 	 3501 	 35.01 

393	0	 4	 0	Row	223	 6	194 	 1730 	 17.3 
393	0	 4	 0	Col	223	 6	174 	 1710 	 17.1 

394	0	 4	 0	Row	79	 10	234 	 2794 	 27.94 
394	0	 4	 0	Col	79	 10	216 	 2776 	 27.76 

395	0	 4	 0	Row	34	 7	166 	 1958 	 19.58 
395	0	 4	 0	Col	34	 7	141 	 1933 	 19.33 

396	0	 4	 0	Row	22	 12	154 	 3226 	 32.26 
396	0	 4	 0	Col	22	 12	131 	 3203 	 32.03 

397	0	 4	 0	Row	156	 12	238 	 3310 	 33.1 
397	0	 4	 0	Col	156	 12	218 	 3290 	 32.9 

398	0	 4	 0	Row	150	 12	180 	 3252 	 32.52 
398	0	 4	 0	Col	150	 12	158 	 3230 	 32.3 

399	0	 4	 0	Row	135	 12	233 	 3305 	 33.05 
399	0	 4	 0	Col	135	 12	212 	 3284 	 32.84 

400	0	 4	 0	Row	107	 10	255 	 2815 	 28.15 
400	0	 4	 0	Col	107	 10	237 	 2797 	 27.97 

401	0	 4	 0	Row	48	 5	25 	 1305 	 13.05 
401	0	 4	 0	Col	48	 4	250 	 1274 	 12.74 

402	0	 4	 0	Row	112	 11	211 	 3027 	 30.27 
402	0	 4	 0	Col	112	 11	182 	 2998 	 29.98 

403	0	 4	 0	Row	60	 5	240 	 1520 	 15.2 
403	0	 4	 0	Col	60	 5	210 	 1490 	 14.9 

404	0	 4	 0	Row	49	 14	218 	 3802 	 38.02 
404	0	 4	 0	Col	49	 14	199 	 3783 	 37.83 

405	0	 4	 0	Row	54	 2	252 	 764 	 7.64 
405	0	 4	 0	Col	54	 2	230 	 742 	 7.42 

406	0	 4	 0	Row	166	 13	31 	 3359 	 33.59 
406	0	 4	 0	Col	166	 13	9 	 3337 	 33.37 

407	0	 4	 0	Row	200	 12	214 	 3286 	 32.86 
407	0	 4	 0	Col	200	 12	181 	 3253 	 32.53 

408	0	 4	 0	Row	170	 12	243 	 3315 	 33.15 
408	0	 4	 0	Col	170	 12	220 	 3292 	 32.92 

409	0	 4	 0	Row	124	 9	121 	 2425 	 24.25 
409	0	 4	 0	Col	124	 9	104 	 2408 	 24.08 

410	0	 4	 0	Row	238	 12	34 	 3106 	 31.06 
410	0	 4	 0	Col	238	 12	16 	 3088 	 30.88 

411	0	 4	 0	Row	84	 11	169 	 2985 	 29.85 
411	0	 4	 0	Col	84	 11	147 	 2963 	 29.63 

412	0	 4	 0	Row	234	 4	166 	 1190 	 11.9 
412	0	 4	 0	Col	234	 4	149 	 1173 	 11.73 

413	0	 4	 0	Row	197	 12	139 	 3211 	 32.11 
413	0	 4	 0	Col	197	 12	122 	 3194 	 31.94 

414	0	 4	 0	Row	165	 6	204 	 1740 	 17.4 
414	0	 4	 0	Col	165	 6	182 	 1718 	 17.18 

415	0	 4	 0	Row	4	 2	142 	 654 	 6.54 
415	0	 4	 0	Col	4	 2	78 	 590 	 5.9 

416	0	 4	 0	Row	208	 12	148 	 3220 	 32.2 
416	0	 4	 0	Col	208	 12	130 	 3202 	 32.02 

417	0	 4	 0	Row	4	 8	14 	 2062 	 20.62 
417	0	 4	 0	Col	4	 7	251 	 2043 	 20.43 

418	0	 4	 0	Row	232	 8	167 	 2215 	 22.15 
418	0	 4	 0	Col	232	 8	141 	 2189 	 21.89 

419	0	 4	 0	Row	205	 7	84 	 1876 	 18.76 
419	0	 4	 0	Col	205	 7	65 	 1857 	 18.57 

420	0	 4	 0	Row	221	 7	97 	 1889 	 18.89 
420	0	 4	 0	Col	221	 7	75 	 1867 	 18.67 

421	0	 4	 0	Row	206	 4	218 	 1242 	 12.42 
421	0	 4	 0	Col	206	 4	188 	 1212 	 12.12 

422	0	 4	 0	Row	248	 5	122 	 1402 	 14.02 
422	0	 4	 0	Col	248	 5	98 	 1378 	 13.78 

423	0	 4	 0	Row	99	 11	210 	 3026 	 30.26 
423	0	 4	 0	Col	99	 11	184 	 3000 	 30.0 

424	0	 4	 0	Row	72	 12	221 	 3293 	 32.93 
424	0	 4	 0	Col	72	 12	204 	 3276 	 32.76 

425	0	 4	 0	Row	144	 4	77 	 1101 	 11.01 
425	0	 4	 0	Col	144	 4	27 	 1051 	 10.51 

426	0	 4	 0	Row	171	 13	70 	 3398 	 33.98 
426	0	 4	 0	Col	171	 13	45 	 3373 	 33.73 

427	0	 4	 0	Row	11	 3	227 	 995 	 9.95 
427	0	 4	 0	Col	11	 3	199 	 967 	 9.67 

428	0	 4	 0	Row	71	 12	19 	 3091 	 30.91 
428	0	 4	 0	Col	71	 12	1 	 3073 	 30.73 

429	0	 4	 0	Row	143	 4	212 	 1236 	 12.36 
429	0	 4	 0	Col	143	 4	184 	 1208 	 12.08 

430	0	 4	 0	Row	31	 10	70 	 2630 	 26.3 
430	0	 4	 0	Col	31	 10	53 	 2613 	 26.13 

431	0	 4	 0	Row	34	 12	168 	 3240 	 32.4 
431	0	 4	 0	Col	34	 12	149 	 3221 	 32.21 

432	0	 4	 0	Row	205	 4	251 	 1275 	 12.75 
432	0	 4	 0	Col	205	 4	235 	 1259 	 12.59 

433	0	 4	 0	Row	93	 1	53 	 309 	 3.09 
433	0	 4	 0	Col	93	 1	36 	 292 	 2.92 

434	0	 4	 0	Row	100	 6	96 	 1632 	 16.32 
434	0	 4	 0	Col	100	 6	75 	 1611 	 16.11 

435	0	 4	 0	Row	64	 3	10 	 778 	 7.78 
435	0	 4	 0	Col	64	 2	247 	 759 	 7.59 

436	0	 4	 0	Row	247	 11	149 	 2965 	 29.65 
436	0	 4	 0	Col	247	 11	127 	 2943 	 29.43 

437	0	 4	 0	Row	93	 12	85 	 3157 	 31.57 
437	0	 4	 0	Col	93	 12	62 	 3134 	 31.34 

438	0	 4	 0	Row	55	 7	199 	 1991 	 19.91 
438	0	 4	 0	Col	55	 7	171 	 1963 	 19.63 

439	0	 4	 0	Row	196	 7	209 	 2001 	 20.01 
439	0	 4	 0	Col	196	 7	188 	 1980 	 19.8 

440	0	 4	 0	Row	131	 9	236 	 2540 	 25.4 
440	0	 4	 0	Col	131	 9	218 	 2522 	 25.22 

441	0	 4	 0	Row	205	 11	179 	 2995 	 29.95 
441	0	 4	 0	Col	205	 11	163 	 2979 	 29.79 

442	0	 4	 0	Row	168	 3	74 	 842 	 8.42 
442	0	 4	 0	Col	168	 3	48 	 816 	 8.16 

443	0	 4	 0	Row	29	 0	161 	 161 	 1.61 
443	0	 4	 0	Col	29	 0	144 	 144 	 1.44 

444	0	 4	 0	Row	17	 11	221 	 3037 	 30.37 
444	0	 4	 0	Col	18	 11	199 	 3015 	 30.15 

445	0	 4	 0	Row	223	 8	126 	 2174 	 21.74 
445	0	 4	 0	Col	223	 8	110 	 2158 	 21.58 

446	0	 4	 0	Row	238	 12	91 	 3163 	 31.63 
446	0	 4	 0	Col	238	 12	74 	 3146 	 31.46 

447	0	 4	 0	Row	193	 12	154 	 3226 	 32.26 
447	0	 4	 0	Col	193	 12	134 	 3206 	 32.06 

448	0	 4	 0	Row	107	 11	156 	 2972 	 29.72 
448	0	 4	 0	Col	107	 11	130 	 2946 	 29.46 

449	0	 4	 0	Row	134	 6	2 	 1538 	 15.38 
449	0	 4	 0	Col	134	 5	238 	 1518 	 15.18 

450	0	 4	 0	Row	219	 12	92 	 3164 	 31.64 
450	0	 4	 0	Col	219	 12	75 	 3147 	 31.47 

451	0	 4	 0	Row	23	 8	76 	 2124 	 21.24 
451	0	 4	 0	Col	23	 8	53 	 2101 	 21.01 

452	0	 4	 0	Row	169	 12	49 	 3121 	 31.21 
452	0	 4	 0	Col	169	 12	15 	 3087 	 30.87 

453	0	 4	 0	Row	201	 5	129 	 1409 	 14.09 
453	0	 4	 0	Col	201	 5	107 	 1387 	 13.87 

454	0	 4	 0	Row	136	 6	119 	 1655 	 16.55 
454	0	 4	 0	Col	136	 6	97 	 1633 	 16.33 

455	0	 4	 0	Row	9	 13	145 	 3473 	 34.73 
455	0	 4	 0	Col	9	 13	129 	 3457 	 34.57 

456	0	 4	 0	Row	29	 4	168 	 1192 	 11.92 
456	0	 4	 0	Col	29	 4	138 	 1162 	 11.62 

457	0	 4	 0	Row	80	 10	247 	 2807 	 28.07 
457	0	 4	 0	Col	80	 10	229 	 2789 	 27.89 

458	0	 4	 0	Row	202	 1	180 	 436 	 4.36 
458	0	 4	 0	Col	202	 1	163 	 419 	 4.19 

459	0	 4	 0	Row	189	 10	150 	 2710 	 27.1 
459	0	 4	 0	Col	189	 10	136 	 2696 	 26.96 

460	0	 4	 0	Row	237	 11	239 	 3055 	 30.55 
460	0	 4	 0	Col	237	 11	222 	 3038 	 30.38 

461	0	 4	 0	Row	208	 11	119 	 2935 	 29.35 
461	0	 4	 0	Col	208	 11	100 	 2916 	 29.16 

462	0	 4	 0	Row	121	 7	72 	 1864 	 18.64 
462	0	 4	 0	Col	121	 7	55 	 1847 	 18.47 

463	0	 4	 0	Row	16	 6	245 	 1781 	 17.81 
463	0	 4	 0	Col	16	 6	222 	 1758 	 17.58 

464	0	 4	 0	Row	110	 10	102 	 2662 	 26.62 
464	0	 4	 0	Col	110	 10	84 	 2644 	 26.44 

465	0	 4	 0	Row	237	 11	188 	 3004 	 30.04 
465	0	 4	 0	Col	237	 11	170 	 2986 	 29.86 

466	0	 4	 0	Row	171	 10	214 	 2774 	 27.74 
466	0	 4	 0	Col	171	 10	197 	 2757 	 27.57 

467	0	 4	 0	Row	23	 2	80 	 592 	 5.92 
467	0	 4	 0	Col	23	 2	62 	 574 	 5.74 

468	0	 4	 0	Row	210	 4	236 	 1260 	 12.6 
468	0	 4	 0	Col	210	 4	214 	 1238 	 12.38 

469	0	 4	 0	Row	251	 2	244 	 756 	 7.56 
469	0	 4	 0	Col	251	 2	222 	 734 	 7.34 

470	0	 4	 0	Row	224	 12	139 	 3211 	 32.11 
470	0	 4	 0	Col	224	 12	120 	 3192 	 31.92 

471	0	 4	 0	Row	168	 12	52 	 3124 	 31.24 
471	0	 4	 0	Col	168	 12	26 	 3098 	 30.98 

472	0	 4	 0	Row	206	 7	59 	 1851 	 18.51 
472	0	 4	 0	Col	206	 7	42 	 1834 	 18.34 

473	0	 4	 0	Row	208	 3	117 	 885 	 8.85 
473	0	 4	 0	Col	208	 3	61 	 829 	 8.29 

474	0	 4	 0	Row	1	 7	72 	 1864 	 18.64 
474	0	 4	 0	Col	1	 7	56 	 1848 	 18.48 

475	0	 4	 0	Row	174	 9	126 	 2430 	 24.3 
475	0	 4	 0	Col	174	 9	106 	 2410 	 24.1 

476	0	 4	 0	Row	121	 6	18 	 1554 	 15.54 
476	0	 4	 0	Col	121	 5	243 	 1523 	 15.23 

477	0	 4	 0	Row	11	 9	19 	 2323 	 23.23 
477	0	 4	 0	Col	11	 8	254 	 2302 	 23.02 

478	0	 4	 0	Row	94	 12	78 	 3150 	 31.5 
478	0	 4	 0	Col	94	 12	52 	 3124 	 31.24 

479	0	 4	 0	Row	103	 12	101 	 3173 	 31.73 
479	0	 4	 0	Col	103	 12	80 	 3152 	 31.52 

480	0	 4	 0	Row	89	 8	221 	 2269 	 22.69 
480	0	 4	 0	Col	89	 8	197 	 2245 	 22.45 

481	0	 4	 0	Row	87	 11	150 	 2966 	 29.66 
481	0	 4	 0	Col	87	 11	131 	 2947 	 29.47 

482	0	 4	 0	Row	53	 12	201 	 3273 	 32.73 
482	0	 4	 0	Col	53	 12	177 	 3249 	 32.49 

483	0	 4	 0	Row	172	 2	146 	 658 	 6.58 
483	0	 4	 0	Col	172	 2	127 	 639 	 6.39 

484	0	 4	 0	Row	16	 6	137 	 1673 	 16.73 
484	0	 4	 0	Col	16	 6	111 	 1647 	 16.47 

485	0	 4	 0	Row	142	 14	230 	 3814 	 38.14 
485	0	 4	 0	Col	142	 14	210 	 3794 	 37.94 

486	0	 4	 0	Row	209	 12	213 	 3285 	 32.85 
486	0	 4	 0	Col	209	 12	190 	 3262 	 32.62 

487	0	 4	 0	Row	34	 12	62 	 3134 	 31.34 
487	0	 4	 0	Col	34	 12	34 	 3106 	 31.06 

488	0	 4	 0	Row	17	 9	134 	 2438 	 24.38 
488	0	 4	 0	Col	17	 9	107 	 2411 	 24.11 

489	0	 4	 0	Row	96	 3	126 	 894 	 8.94 
489	0	 4	 0	Col	96	 3	94 	 862 	 8.62 

490	0	 4	 0	Row	26	 5	193 	 1473 	 14.73 
490	0	 4	 0	Col	26	 5	175 	 1455 	 14.55 

491	0	 4	 0	Row	203	 12	62 	 3134 	 31.34 
491	0	 4	 0	Col	203	 12	39 	 3111 	 31.11 

492	0	 4	 0	Row	177	 4	249 	 1273 	 12.73 
492	0	 4	 0	Col	178	 4	223 	 1247 	 12.47 

493	0	 4	 0	Row	249	 12	101 	 3173 	 31.73 
493	0	 4	 0	Col	249	 12	85 	 3157 	 31.57 

494	0	 4	 0	Row	138	 8	42 	 2090 	 20.9 
494	0	 4	 0	Col	138	 8	20 	 2068 	 20.68 

495	0	 4	 0	Row	244	 15	94 	 3934 	 39.34 
495	0	 4	 0	Col	244	 15	73 	 3913 	 39.13 

496	0	 4	 0	Row	220	 5	187 	 1467 	 14.67 
496	0	 4	 0	Col	220	 5	162 	 1442 	 14.42 

497	0	 4	 0	Row	112	 11	62 	 2878 	 28.78 
497	0	 4	 0	Col	112	 11	39 	 2855 	 28.55 

498	0	 4	 0	Row	34	 6	91 	 1627 	 16.27 
498	0	 4	 0	Col	34	 6	64 	 1600 	 16.0 

499	0	 4	 0	Row	219	 12	13 	 3085 	 30.85 
499	0	 4	 0	Col	219	 11	252 	 3068 	 30.68 

500	0	 4	 0	Row	199	 6	145 	 1681 	 16.81 
500	0	 4	 0	Col	199	 6	126 	 1662 	 16.62 

501	0	 4	 0	Row	221	 6	241 	 1777 	 17.77 
501	0	 4	 0	Col	221	 6	221 	 1757 	 17.57 

502	0	 4	 0	Row	218	 8	112 	 2160 	 21.6 
502	0	 4	 0	Col	218	 8	89 	 2137 	 21.37 

503	0	 4	 0	Row	84	 13	88 	 3416 	 34.16 
503	0	 4	 0	Col	84	 13	63 	 3391 	 33.91 

504	0	 4	 0	Row	216	 13	29 	 3357 	 33.57 
504	0	 4	 0	Col	216	 13	10 	 3338 	 33.38 

505	0	 4	 0	Row	207	 12	252 	 3324 	 33.24 
505	0	 4	 0	Col	207	 12	231 	 3303 	 33.03 

506	0	 4	 0	Row	126	 3	171 	 939 	 9.39 
506	0	 4	 0	Col	126	 3	147 	 915 	 9.15 

507	0	 4	 0	Row	194	 13	214 	 3542 	 35.42 
507	0	 4	 0	Col	194	 13	191 	 3519 	 35.19 

508	0	 4	 0	Row	108	 12	227 	 3299 	 32.99 
508	0	 4	 0	Col	108	 12	204 	 3276 	 32.76 

509	0	 4	 0	Row	49	 7	53 	 1845 	 18.45 
509	0	 4	 0	Col	49	 7	36 	 1828 	 18.28 

510	0	 4	 0	Row	104	 8	177 	 2225 	 22.25 
510	0	 4	 0	Col	104	 8	151 	 2199 	 21.99 

511	0	 4	 0	Row	175	 5	101 	 1381 	 13.81 
511	0	 4	 0	Col	175	 5	77 	 1357 	 13.57 

512	0	 4	 0	Row	2	 5	82 	 1362 	 13.62 
512	0	 4	 0	Col	2	 5	57 	 1337 	 13.37 

513	0	 4	 0	Row	195	 15	53 	 3893 	 38.93 
513	0	 4	 0	Col	195	 15	37 	 3877 	 38.77 

514	0	 4	 0	Row	187	 8	84 	 2132 	 21.32 
514	0	 4	 0	Col	187	 8	67 	 2115 	 21.15 

515	0	 4	 0	Row	144	 7	202 	 1994 	 19.94 
515	0	 4	 0	Col	144	 7	176 	 1968 	 19.68 

516	0	 4	 0	Row	162	 12	109 	 3181 	 31.81 
516	0	 4	 0	Col	162	 12	80 	 3152 	 31.52 

517	0	 4	 0	Row	143	 12	4 	 3076 	 30.76 
517	0	 4	 0	Col	143	 11	231 	 3047 	 30.47 

518	0	 4	 0	Row	164	 4	78 	 1102 	 11.02 
518	0	 4	 0	Col	165	 4	54 	 1078 	 10.78 

519	0	 4	 0	Row	157	 11	222 	 3038 	 30.38 
519	0	 4	 0	Col	157	 11	193 	 3009 	 30.09 

520	0	 4	 0	Row	40	 12	179 	 3251 	 32.51 
520	0	 4	 0	Col	40	 12	149 	 3221 	 32.21 

521	0	 4	 0	Row	69	 9	111 	 2415 	 24.15 
521	0	 4	 0	Col	69	 9	84 	 2388 	 23.88 

522	0	 4	 0	Row	214	 12	75 	 3147 	 31.47 
522	0	 4	 0	Col	214	 12	55 	 3127 	 31.27 

523	0	 4	 0	Row	195	 15	150 	 3990 	 39.9 
523	0	 4	 0	Col	195	 15	131 	 3971 	 39.71 

524	0	 4	 0	Row	59	 12	62 	 3134 	 31.34 
524	0	 4	 0	Col	59	 12	44 	 3116 	 31.16 

525	0	 4	 0	Row	154	 8	156 	 2204 	 22.04 
525	0	 4	 0	Col	154	 8	134 	 2182 	 21.82 

526	0	 4	 0	Row	205	 4	57 	 1081 	 10.81 
526	0	 4	 0	Col	205	 4	28 	 1052 	 10.52 

527	0	 4	 0	Row	124	 6	190 	 1726 	 17.26 
527	0	 4	 0	Col	124	 6	167 	 1703 	 17.03 

528	0	 4	 0	Row	5	 12	102 	 3174 	 31.74 
528	0	 4	 0	Col	5	 12	77 	 3149 	 31.49 

529	0	 4	 0	Row	111	 10	56 	 2616 	 26.16 
529	0	 4	 0	Col	111	 10	41 	 2601 	 26.01 

530	0	 4	 0	Row	73	 9	6 	 2310 	 23.1 
530	0	 4	 0	Col	73	 8	244 	 2292 	 22.92 

531	0	 4	 0	Row	131	 9	115 	 2419 	 24.19 
531	0	 4	 0	Col	131	 9	97 	 2401 	 24.01 

532	0	 4	 0	Row	9	 15	130 	 3970 	 39.7 
532	0	 4	 0	Col	9	 15	97 	 3937 	 39.37 

533	0	 4	 0	Row	231	 9	8 	 2312 	 23.12 
533	0	 4	 0	Col	231	 8	245 	 2293 	 22.93 

534	0	 4	 0	Row	134	 3	128 	 896 	 8.96 
534	0	 4	 0	Col	134	 3	108 	 876 	 8.76 

535	0	 4	 0	Row	6	 12	170 	 3242 	 32.42 
535	0	 4	 0	Col	6	 12	149 	 3221 	 32.21 

536	0	 4	 0	Row	222	 13	132 	 3460 	 34.6 
536	0	 4	 0	Col	222	 13	107 	 3435 	 34.35 

537	0	 4	 0	Row	165	 0	183 	 183 	 1.83 
537	0	 4	 0	Col	165	 0	162 	 162 	 1.62 

538	0	 4	 0	Row	22	 5	232 	 1512 	 15.12 
538	0	 4	 0	Col	22	 5	209 	 1489 	 14.89 

539	0	 4	 0	Row	27	 9	214 	 2518 	 25.18 
539	0	 4	 0	Col	27	 9	194 	 2498 	 24.98 

540	0	 4	 0	Row	10	 12	65 	 3137 	 31.37 
540	0	 4	 0	Col	10	 12	35 	 3107 	 31.07 

541	0	 4	 0	Row	27	 8	26 	 2074 	 20.74 
541	0	 4	 0	Col	27	 8	7 	 2055 	 20.55 

542	0	 4	 0	Row	150	 0	55 	 55 	 0.55 
542	0	 4	 0	Col	150	 0	31 	 31 	 0.31 

543	0	 4	 0	Row	129	 14	40 	 3624 	 36.24 
543	0	 4	 0	Col	129	 14	21 	 3605 	 36.05 

544	0	 4	 0	Row	196	 12	84 	 3156 	 31.56 
544	0	 4	 0	Col	196	 12	62 	 3134 	 31.34 

545	0	 4	 0	Row	32	 12	124 	 3196 	 31.96 
545	0	 4	 0	Col	32	 12	103 	 3175 	 31.75 

546	0	 4	 0	Row	136	 4	53 	 1077 	 10.77 
546	0	 4	 0	Col	136	 4	37 	 1061 	 10.61 

547	0	 4	 0	Row	60	 5	40 	 1320 	 13.2 
547	0	 4	 0	Col	60	 5	21 	 1301 	 13.01 

548	0	 4	 0	Row	242	 6	157 	 1693 	 16.93 
548	0	 4	 0	Col	242	 6	140 	 1676 	 16.76 

549	0	 4	 0	Row	83	 14	159 	 3743 	 37.43 
549	0	 4	 0	Col	83	 14	123 	 3707 	 37.07 

550	0	 4	 0	Row	137	 1	52 	 308 	 3.08 
550	0	 4	 0	Col	137	 1	23 	 279 	 2.79 

551	0	 4	 0	Row	203	 6	35 	 1571 	 15.71 
551	0	 4	 0	Col	203	 6	17 	 1553 	 15.53 

552	0	 4	 0	Row	183	 9	130 	 2434 	 24.34 
552	0	 4	 0	Col	183	 9	110 	 2414 	 24.14 

553	0	 4	 0	Row	252	 5	210 	 1490 	 14.9 
553	0	 4	 0	Col	252	 5	187 	 1467 	 14.67 

554	0	 4	 0	Row	237	 13	185 	 3513 	 35.13 
554	0	 4	 0	Col	237	 13	166 	 3494 	 34.94 

555	0	 4	 0	Row	51	 5	159 	 1439 	 14.39 
555	0	 4	 0	Col	51	 5	142 	 1422 	 14.22 

556	0	 4	 0	Row	205	 11	227 	 3043 	 30.43 
556	0	 4	 0	Col	205	 11	199 	 3015 	 30.15 

557	0	 4	 0	Row	163	 12	214 	 3286 	 32.86 
557	0	 4	 0	Col	163	 12	196 	 3268 	 32.68 

558	0	 4	 0	Row	148	 7	205 	 1997 	 19.97 
558	0	 4	 0	Col	148	 7	181 	 1973 	 19.73 

559	0	 4	 0	Row	77	 8	193 	 2241 	 22.41 
559	0	 4	 0	Col	77	 8	171 	 2219 	 22.19 

560	0	 4	 0	Row	58	 2	89 	 601 	 6.01 
560	0	 4	 0	Col	58	 2	71 	 583 	 5.83 

561	0	 4	 0	Row	253	 12	60 	 3132 	 31.32 
561	0	 4	 0	Col	253	 12	37 	 3109 	 31.09 

562	0	 4	 0	Row	48	 10	246 	 2806 	 28.06 
562	0	 4	 0	Col	48	 10	228 	 2788 	 27.88 

563	0	 4	 0	Row	130	 15	61 	 3901 	 39.01 
563	0	 4	 0	Col	130	 15	38 	 3878 	 38.78 

564	0	 4	 0	Row	77	 6	71 	 1607 	 16.07 
564	0	 4	 0	Col	77	 6	50 	 1586 	 15.86 

565	0	 4	 0	Row	168	 14	97 	 3681 	 36.81 
565	0	 4	 0	Col	168	 14	79 	 3663 	 36.63 

566	0	 4	 0	Row	214	 11	96 	 2912 	 29.12 
566	0	 4	 0	Col	214	 11	79 	 2895 	 28.95 

567	0	 4	 0	Row	192	 7	190 	 1982 	 19.82 
567	0	 4	 0	Col	192	 7	170 	 1962 	 19.62 

568	0	 4	 0	Row	97	 12	65 	 3137 	 31.37 
568	0	 4	 0	Col	97	 12	44 	 3116 	 31.16 

569	0	 4	 0	Row	29	 3	220 	 988 	 9.88 
569	0	 4	 0	Col	29	 3	189 	 957 	 9.57 

570	0	 4	 0	Row	190	 6	171 	 1707 	 17.07 
570	0	 4	 0	Col	190	 6	152 	 1688 	 16.88 

571	0	 4	 0	Row	111	 12	137 	 3209 	 32.09 
571	0	 4	 0	Col	111	 12	117 	 3189 	 31.89 

572	0	 4	 0	Row	145	 12	97 	 3169 	 31.69 
572	0	 4	 0	Col	145	 12	73 	 3145 	 31.45 

573	0	 4	 0	Row	42	 10	155 	 2715 	 27.15 
573	0	 4	 0	Col	42	 10	133 	 2693 	 26.93 

574	0	 4	 0	Row	19	 11	115 	 2931 	 29.31 
574	0	 4	 0	Col	19	 11	100 	 2916 	 29.16 

575	0	 4	 0	Row	219	 9	215 	 2519 	 25.19 
575	0	 4	 0	Col	219	 9	192 	 2496 	 24.96 

576	0	 4	 0	Row	197	 6	64 	 1600 	 16.0 
576	0	 4	 0	Col	197	 6	46 	 1582 	 15.82 

577	0	 4	 0	Row	213	 2	84 	 596 	 5.96 
577	0	 4	 0	Col	213	 2	62 	 574 	 5.74 

578	0	 4	 0	Row	173	 5	22 	 1302 	 13.02 
578	0	 4	 0	Col	173	 5	2 	 1282 	 12.82 

579	0	 4	 0	Row	100	 8	16 	 2064 	 20.64 
579	0	 4	 0	Col	100	 7	249 	 2041 	 20.41 

580	0	 4	 0	Row	196	 3	218 	 986 	 9.86 
580	0	 4	 0	Col	196	 3	198 	 966 	 9.66 

581	0	 4	 0	Row	84	 8	204 	 2252 	 22.52 
581	0	 4	 0	Col	84	 8	177 	 2225 	 22.25 

582	0	 4	 0	Row	16	 9	56 	 2360 	 23.6 
582	0	 4	 0	Col	16	 9	37 	 2341 	 23.41 

583	0	 4	 0	Row	83	 10	188 	 2748 	 27.48 
583	0	 4	 0	Col	83	 10	163 	 2723 	 27.23 

584	0	 4	 0	Row	134	 9	187 	 2491 	 24.91 
584	0	 4	 0	Col	134	 9	168 	 2472 	 24.72 

585	0	 4	 0	Row	112	 8	192 	 2240 	 22.4 
585	0	 4	 0	Col	112	 8	171 	 2219 	 22.19 

586	0	 4	 0	Row	43	 8	95 	 2143 	 21.43 
586	0	 4	 0	Col	43	 8	65 	 2113 	 21.13 

587	0	 4	 0	Row	70	 13	48 	 3376 	 33.76 
587	0	 4	 0	Col	70	 13	24 	 3352 	 33.52 

588	0	 4	 0	Row	71	 10	112 	 2672 	 26.72 
588	0	 4	 0	Col	71	 10	89 	 2649 	 26.49 

589	0	 4	 0	Row	124	 4	222 	 1246 	 12.46 
589	0	 4	 0	Col	124	 4	194 	 1218 	 12.18 

590	0	 4	 0	Row	22	 7	101 	 1893 	 18.93 
590	0	 4	 0	Col	22	 7	78 	 1870 	 18.7 

591	0	 4	 0	Row	36	 10	33 	 2593 	 25.93 
591	0	 4	 0	Col	36	 10	17 	 2577 	 25.77 

592	0	 4	 0	Row	162	 9	15 	 2319 	 23.19 
592	0	 4	 0	Col	162	 8	253 	 2301 	 23.01 

593	0	 4	 0	Row	28	 12	19 	 3091 	 30.91 
593	0	 4	 0	Col	28	 12	1 	 3073 	 30.73 

594	0	 4	 0	Row	218	 5	236 	 1516 	 15.16 
594	0	 4	 0	Col	218	 5	217 	 1497 	 14.97 

595	0	 4	 0	Row	142	 7	135 	 1927 	 19.27 
595	0	 4	 0	Col	142	 7	114 	 1906 	 19.06 

596	0	 4	 0	Row	69	 12	131 	 3203 	 32.03 
596	0	 4	 0	Col	69	 12	113 	 3185 	 31.85 

597	0	 4	 0	Row	201	 12	249 	 3321 	 33.21 
597	0	 4	 0	Col	201	 12	223 	 3295 	 32.95 

598	0	 4	 0	Row	101	 11	179 	 2995 	 29.95 
598	0	 4	 0	Col	101	 11	157 	 2973 	 29.73 

599	0	 4	 0	Row	97	 11	169 	 2985 	 29.85 
599	0	 4	 0	Col	97	 11	149 	 2965 	 29.65 

600	0	 4	 0	Row	64	 12	73 	 3145 	 31.45 
600	0	 4	 0	Col	64	 12	54 	 3126 	 31.26 

601	0	 4	 0	Row	129	 11	186 	 3002 	 30.02 
601	0	 4	 0	Col	129	 11	166 	 2982 	 29.82 

602	0	 4	 0	Row	101	 4	138 	 1162 	 11.62 
602	0	 4	 0	Col	101	 4	116 	 1140 	 11.4 

603	0	 4	 0	Row	71	 1	60 	 316 	 3.16 
603	0	 4	 0	Col	71	 1	38 	 294 	 2.94 

604	0	 4	 0	Row	34	 11	183 	 2999 	 29.99 
604	0	 4	 0	Col	34	 11	159 	 2975 	 29.75 

605	0	 4	 0	Row	161	 12	221 	 3293 	 32.93 
605	0	 4	 0	Col	161	 12	203 	 3275 	 32.75 

606	0	 4	 0	Row	101	 1	250 	 506 	 5.06 
606	0	 4	 0	Col	101	 1	232 	 488 	 4.88 

607	0	 4	 0	Row	198	 4	122 	 1146 	 11.46 
607	0	 4	 0	Col	198	 4	99 	 1123 	 11.23 

608	0	 4	 0	Row	186	 4	122 	 1146 	 11.46 
608	0	 4	 0	Col	186	 4	91 	 1115 	 11.15 

609	0	 4	 0	Row	11	 5	55 	 1335 	 13.35 
609	0	 4	 0	Col	11	 5	28 	 1308 	 13.08 

610	0	 4	 0	Row	74	 10	216 	 2776 	 27.76 
610	0	 4	 0	Col	74	 10	192 	 2752 	 27.52 

611	0	 4	 0	Row	138	 5	81 	 1361 	 13.61 
611	0	 4	 0	Col	138	 5	59 	 1339 	 13.39 

612	0	 4	 0	Row	0	 11	157 	 2973 	 29.73 
612	0	 4	 0	Col	0	 11	143 	 2959 	 29.59 

613	0	 4	 0	Row	43	 14	226 	 3810 	 38.1 
613	0	 4	 0	Col	43	 14	198 	 3782 	 37.82 

614	0	 4	 0	Row	48	 0	161 	 161 	 1.61 
614	0	 4	 0	Col	48	 0	135 	 135 	 1.35 

615	0	 4	 0	Row	20	 5	187 	 1467 	 14.67 
615	0	 4	 0	Col	20	 5	162 	 1442 	 14.42 

616	0	 4	 0	Row	195	 11	161 	 2977 	 29.77 
616	0	 4	 0	Col	195	 11	140 	 2956 	 29.56 

617	0	 4	 0	Row	143	 7	39 	 1831 	 18.31 
617	0	 4	 0	Col	143	 7	23 	 1815 	 18.15 

618	0	 4	 0	Row	251	 12	225 	 3297 	 32.97 
618	0	 4	 0	Col	251	 12	203 	 3275 	 32.75 

619	0	 4	 0	Row	152	 6	181 	 1717 	 17.17 
619	0	 4	 0	Col	152	 6	159 	 1695 	 16.95 

620	0	 4	 0	Row	5	 9	77 	 2381 	 23.81 
620	0	 4	 0	Col	5	 9	60 	 2364 	 23.64 

621	0	 4	 0	Row	225	 13	91 	 3419 	 34.19 
621	0	 4	 0	Col	225	 13	71 	 3399 	 33.99 

622	0	 4	 0	Row	61	 14	249 	 3833 	 38.33 
622	[0;31;40m1[0m	 [0;31;40m6[0m	 57	Col	4	 0	61 	 61 	 0.61 
622	[0;31;40m1[0m	 [0;31;40m6[0m	 39	Col	61	 13	61 	 3389 	 33.89 

623	0	 4	 0	Row	121	 1	73 	 329 	 3.29 
623	0	 4	 0	Col	121	 1	54 	 310 	 3.1 

624	0	 4	 0	Row	160	 1	196 	 452 	 4.52 
624	0	 4	 0	Col	160	 1	179 	 435 	 4.35 

625	0	 4	 0	Row	224	 11	109 	 2925 	 29.25 
625	0	 4	 0	Col	224	 11	89 	 2905 	 29.05 

626	0	 4	 0	Row	89	 12	209 	 3281 	 32.81 
626	0	 4	 0	Col	89	 12	190 	 3262 	 32.62 

627	0	 4	 0	Row	222	 12	53 	 3125 	 31.25 
627	0	 4	 0	Col	222	 12	25 	 3097 	 30.97 

628	0	 4	 0	Row	98	 6	117 	 1653 	 16.53 
628	0	 4	 0	Col	98	 6	98 	 1634 	 16.34 

629	0	 4	 0	Row	240	 11	126 	 2942 	 29.42 
629	0	 4	 0	Col	240	 11	106 	 2922 	 29.22 

630	0	 4	 0	Row	27	 8	237 	 2285 	 22.85 
630	0	 4	 0	Col	27	 8	218 	 2266 	 22.66 

631	0	 4	 0	Row	210	 2	57 	 569 	 5.69 
631	0	 4	 0	Col	210	 2	24 	 536 	 5.36 

632	0	 4	 0	Row	162	 5	194 	 1474 	 14.74 
632	0	 4	 0	Col	162	 5	177 	 1457 	 14.57 

633	0	 4	 0	Row	25	 12	63 	 3135 	 31.35 
633	0	 4	 0	Col	25	 12	38 	 3110 	 31.1 

634	0	 4	 0	Row	99	 15	7 	 3847 	 38.47 
634	0	 4	 0	Col	99	 14	241 	 3825 	 38.25 

635	0	 4	 0	Row	217	 13	50 	 3378 	 33.78 
635	0	 4	 0	Col	217	 13	32 	 3360 	 33.6 

636	0	 4	 0	Row	0	 15	78 	 3918 	 39.18 
636	0	 4	 0	Col	0	 15	56 	 3896 	 38.96 

637	0	 4	 0	Row	140	 8	131 	 2179 	 21.79 
637	0	 4	 0	Col	140	 8	116 	 2164 	 21.64 

638	0	 4	 0	Row	3	 6	133 	 1669 	 16.69 
638	0	 4	 0	Col	3	 6	101 	 1637 	 16.37 

639	0	 4	 0	Row	70	 8	180 	 2228 	 22.28 
639	0	 4	 0	Col	70	 8	160 	 2208 	 22.08 

640	0	 4	 0	Row	188	 14	140 	 3724 	 37.24 
640	0	 4	 0	Col	188	 14	116 	 3700 	 37.0 

641	0	 4	 0	Row	10	 7	244 	 2036 	 20.36 
641	0	 4	 0	Col	10	 7	228 	 2020 	 20.2 

642	0	 4	 0	Row	57	 13	84 	 3412 	 34.12 
642	0	 4	 0	Col	57	 13	60 	 3388 	 33.88 

643	0	 4	 0	Row	35	 12	68 	 3140 	 31.4 
643	0	 4	 0	Col	35	 12	45 	 3117 	 31.17 

644	0	 4	 0	Row	67	 4	19 	 1043 	 10.43 
644	0	 4	 0	Col	67	 3	253 	 1021 	 10.21 

645	0	 4	 0	Row	180	 11	106 	 2922 	 29.22 
645	0	 4	 0	Col	180	 11	89 	 2905 	 29.05 

646	0	 4	 0	Row	245	 9	40 	 2344 	 23.44 
646	0	 4	 0	Col	245	 9	12 	 2316 	 23.16 

647	0	 4	 0	Row	168	 12	119 	 3191 	 31.91 
647	0	 4	 0	Col	168	 12	102 	 3174 	 31.74 

648	0	 4	 0	Row	224	 13	8 	 3336 	 33.36 
648	0	 4	 0	Col	224	 12	238 	 3310 	 33.1 

649	0	 4	 0	Row	253	 9	150 	 2454 	 24.54 
649	0	 4	 0	Col	253	 9	127 	 2431 	 24.31 

650	0	 4	 0	Row	131	 14	9 	 3593 	 35.93 
650	0	 4	 0	Col	131	 13	243 	 3571 	 35.71 

651	0	 4	 0	Row	168	 12	39 	 3111 	 31.11 
651	0	 4	 0	Col	168	 12	21 	 3093 	 30.93 

652	0	 4	 0	Row	233	 5	51 	 1331 	 13.31 
652	0	 4	 0	Col	233	 5	18 	 1298 	 12.98 

653	0	 4	 0	Row	199	 12	146 	 3218 	 32.18 
653	0	 4	 0	Col	199	 12	126 	 3198 	 31.98 

654	0	 4	 0	Row	163	 8	110 	 2158 	 21.58 
654	0	 4	 0	Col	163	 8	89 	 2137 	 21.37 

655	0	 4	 0	Row	108	 9	177 	 2481 	 24.81 
655	0	 4	 0	Col	108	 9	159 	 2463 	 24.63 

656	0	 4	 0	Row	158	 11	220 	 3036 	 30.36 
656	0	 4	 0	Col	158	 11	195 	 3011 	 30.11 

657	0	 4	 0	Row	189	 12	170 	 3242 	 32.42 
657	0	 4	 0	Col	189	 12	132 	 3204 	 32.04 

658	0	 4	 0	Row	50	 11	60 	 2876 	 28.76 
658	0	 4	 0	Col	50	 11	31 	 2847 	 28.47 

659	0	 4	 0	Row	155	 7	241 	 2033 	 20.33 
659	0	 4	 0	Col	155	 7	221 	 2013 	 20.13 

660	0	 4	 0	Row	38	 10	210 	 2770 	 27.7 
660	0	 4	 0	Col	38	 10	192 	 2752 	 27.52 

661	0	 4	 0	Row	9	 7	181 	 1973 	 19.73 
661	0	 4	 0	Col	9	 7	157 	 1949 	 19.49 

662	0	 4	 0	Row	192	 6	243 	 1779 	 17.79 
662	0	 4	 0	Col	192	 6	227 	 1763 	 17.63 

663	0	 4	 0	Row	73	 13	212 	 3540 	 35.4 
663	0	 4	 0	Col	73	 13	193 	 3521 	 35.21 

664	0	 4	 0	Row	166	 15	84 	 3924 	 39.24 
664	0	 4	 0	Col	166	 15	64 	 3904 	 39.04 

665	0	 4	 0	Row	255	 3	91 	 859 	 8.59 
665	0	 4	 0	Col	255	 3	70 	 838 	 8.38 

666	0	 4	 0	Row	176	 8	43 	 2091 	 20.91 
666	0	 4	 0	Col	176	 8	27 	 2075 	 20.75 

667	0	 4	 0	Row	198	 12	45 	 3117 	 31.17 
667	0	 4	 0	Col	198	 12	26 	 3098 	 30.98 

668	0	 4	 0	Row	25	 6	81 	 1617 	 16.17 
668	0	 4	 0	Col	25	 6	61 	 1597 	 15.97 

669	0	 4	 0	Row	86	 4	248 	 1272 	 12.72 
669	0	 4	 0	Col	86	 4	223 	 1247 	 12.47 

670	0	 4	 0	Row	203	 11	229 	 3045 	 30.45 
670	0	 4	 0	Col	203	 11	204 	 3020 	 30.2 

671	0	 4	 0	Row	145	 9	233 	 2537 	 25.37 
671	0	 4	 0	Col	145	 9	212 	 2516 	 25.16 

672	0	 4	 0	Row	224	 10	4 	 2564 	 25.64 
672	0	 4	 0	Col	224	 9	239 	 2543 	 25.43 

673	0	 4	 0	Row	238	 15	94 	 3934 	 39.34 
673	0	 4	 0	Col	238	 15	72 	 3912 	 39.12 

674	0	 4	 0	Row	229	 9	122 	 2426 	 24.26 
674	0	 4	 0	Col	229	 9	94 	 2398 	 23.98 

675	0	 4	 0	Row	211	 12	42 	 3114 	 31.14 
675	0	 4	 0	Col	211	 12	15 	 3087 	 30.87 

676	0	 4	 0	Row	36	 7	189 	 1981 	 19.81 
676	0	 4	 0	Col	36	 7	162 	 1954 	 19.54 

677	0	 4	 0	Row	53	 11	9 	 2825 	 28.25 
677	0	 4	 0	Col	53	 10	245 	 2805 	 28.05 

678	0	 4	 0	Row	131	 6	223 	 1759 	 17.59 
678	0	 4	 0	Col	131	 6	203 	 1739 	 17.39 

679	0	 4	 0	Row	225	 12	204 	 3276 	 32.76 
679	0	 4	 0	Col	225	 12	181 	 3253 	 32.53 

680	0	 4	 0	Row	185	 12	182 	 3254 	 32.54 
680	0	 4	 0	Col	185	 12	157 	 3229 	 32.29 

681	0	 4	 0	Row	230	 11	18 	 2834 	 28.34 
681	0	 4	 0	Col	230	 11	0 	 2816 	 28.16 

682	0	 4	 0	Row	247	 12	149 	 3221 	 32.21 
682	0	 4	 0	Col	247	 12	129 	 3201 	 32.01 

683	0	 4	 0	Row	35	 7	152 	 1944 	 19.44 
683	0	 4	 0	Col	35	 7	123 	 1915 	 19.15 

684	0	 4	 0	Row	165	 10	246 	 2806 	 28.06 
684	0	 4	 0	Col	165	 10	227 	 2787 	 27.87 

685	0	 4	 0	Row	6	 12	128 	 3200 	 32.0 
685	0	 4	 0	Col	6	 12	101 	 3173 	 31.73 

686	0	 4	 0	Row	86	 8	9 	 2057 	 20.57 
686	0	 4	 0	Col	86	 7	250 	 2042 	 20.42 

687	0	 4	 0	Row	232	 6	80 	 1616 	 16.16 
687	0	 4	 0	Col	232	 6	60 	 1596 	 15.96 

688	0	 4	 0	Row	12	 4	145 	 1169 	 11.69 
688	0	 4	 0	Col	12	 4	126 	 1150 	 11.5 

689	0	 4	 0	Row	217	 5	26 	 1306 	 13.06 
689	0	 4	 0	Col	217	 5	8 	 1288 	 12.88 

690	0	 4	 0	Row	50	 9	231 	 2535 	 25.35 
690	0	 4	 0	Col	50	 9	206 	 2510 	 25.1 

691	0	 4	 0	Row	180	 1	160 	 416 	 4.16 
691	0	 4	 0	Col	180	 1	140 	 396 	 3.96 

692	0	 4	 0	Row	195	 0	129 	 129 	 1.29 
692	0	 4	 0	Col	195	 0	115 	 115 	 1.15 

693	0	 4	 0	Row	63	 6	108 	 1644 	 16.44 
693	0	 4	 0	Col	63	 6	88 	 1624 	 16.24 

694	0	 4	 0	Row	216	 10	208 	 2768 	 27.68 
694	0	 4	 0	Col	216	 10	186 	 2746 	 27.46 

695	0	 4	 0	Row	73	 15	168 	 4008 	 40.08 
695	0	 4	 0	Col	73	 15	150 	 3990 	 39.9 

696	0	 4	 0	Row	102	 7	157 	 1949 	 19.49 
696	0	 4	 0	Col	102	 7	136 	 1928 	 19.28 

697	0	 4	 0	Row	62	 3	204 	 972 	 9.72 
697	0	 4	 0	Col	62	 3	184 	 952 	 9.52 

698	0	 4	 0	Row	19	 7	188 	 1980 	 19.8 
698	0	 4	 0	Col	19	 7	170 	 1962 	 19.62 

699	0	 4	 0	Row	4	 12	226 	 3298 	 32.98 
699	0	 4	 0	Col	4	 12	206 	 3278 	 32.78 

700	0	 4	 0	Row	137	 15	95 	 3935 	 39.35 
700	0	 4	 0	Col	137	 15	76 	 3916 	 39.16 

701	0	 4	 0	Row	171	 4	87 	 1111 	 11.11 
701	0	 4	 0	Col	171	 4	50 	 1074 	 10.74 

702	0	 4	 0	Row	193	 6	245 	 1781 	 17.81 
702	0	 4	 0	Col	193	 6	224 	 1760 	 17.6 

703	0	 4	 0	Row	135	 10	225 	 2785 	 27.85 
703	0	 4	 0	Col	135	 10	205 	 2765 	 27.65 

704	0	 4	 0	Row	177	 6	70 	 1606 	 16.06 
704	0	 4	 0	Col	177	 6	45 	 1581 	 15.81 

705	0	 4	 0	Row	11	 11	200 	 3016 	 30.16 
705	0	 4	 0	Col	11	 11	186 	 3002 	 30.02 

706	0	 4	 0	Row	88	 3	188 	 956 	 9.56 
706	0	 4	 0	Col	88	 3	163 	 931 	 9.31 

707	0	 4	 0	Row	90	 11	233 	 3049 	 30.49 
707	0	 4	 0	Col	90	 11	211 	 3027 	 30.27 

708	0	 4	 0	Row	16	 9	31 	 2335 	 23.35 
708	0	 4	 0	Col	16	 9	11 	 2315 	 23.15 

709	0	 4	 0	Row	22	 15	39 	 3879 	 38.79 
709	0	 4	 0	Col	22	 15	19 	 3859 	 38.59 

710	0	 4	 0	Row	41	 12	90 	 3162 	 31.62 
710	0	 4	 0	Col	41	 12	73 	 3145 	 31.45 

711	0	 4	 0	Row	224	 12	57 	 3129 	 31.29 
711	0	 4	 0	Col	224	 12	36 	 3108 	 31.08 

712	0	 4	 0	Row	201	 3	33 	 801 	 8.01 
712	0	 4	 0	Col	201	 2	233 	 745 	 7.45 

713	0	 4	 0	Row	86	 10	201 	 2761 	 27.61 
713	0	 4	 0	Col	86	 10	185 	 2745 	 27.45 

714	0	 4	 0	Row	238	 15	166 	 4006 	 40.06 
714	0	 4	 0	Col	238	 15	146 	 3986 	 39.86 

715	0	 4	 0	Row	255	 12	195 	 3267 	 32.67 
715	0	 4	 0	Col	255	 12	176 	 3248 	 32.48 

716	0	 4	 0	Row	139	 5	97 	 1377 	 13.77 
716	0	 4	 0	Col	139	 5	75 	 1355 	 13.55 

717	0	 4	 0	Row	21	 12	233 	 3305 	 33.05 
717	0	 4	 0	Col	21	 12	214 	 3286 	 32.86 

718	0	 4	 0	Row	154	 7	253 	 2045 	 20.45 
718	0	 4	 0	Col	154	 7	232 	 2024 	 20.24 

719	0	 4	 0	Row	137	 6	220 	 1756 	 17.56 
719	0	 4	 0	Col	137	 6	195 	 1731 	 17.31 

720	0	 4	 0	Row	102	 10	140 	 2700 	 27.0 
720	0	 4	 0	Col	102	 10	122 	 2682 	 26.82 

721	0	 4	 0	Row	108	 11	100 	 2916 	 29.16 
721	0	 4	 0	Col	108	 11	81 	 2897 	 28.97 

722	0	 4	 0	Row	19	 7	30 	 1822 	 18.22 
722	0	 4	 0	Col	19	 7	7 	 1799 	 17.99 

723	0	 4	 0	Row	205	 10	78 	 2638 	 26.38 
723	0	 4	 0	Col	205	 10	61 	 2621 	 26.21 

724	0	 4	 0	Row	54	 9	178 	 2482 	 24.82 
724	0	 4	 0	Col	54	 9	162 	 2466 	 24.66 

725	0	 4	 0	Row	138	 12	191 	 3263 	 32.63 
725	0	 4	 0	Col	138	 12	172 	 3244 	 32.44 

726	0	 4	 0	Row	55	 8	161 	 2209 	 22.09 
726	0	 4	 0	Col	55	 8	137 	 2185 	 21.85 

727	0	 4	 0	Row	64	 13	38 	 3366 	 33.66 
727	0	 4	 0	Col	64	 13	16 	 3344 	 33.44 

728	0	 4	 0	Row	32	 6	3 	 1539 	 15.39 
728	0	 4	 0	Col	32	 5	231 	 1511 	 15.11 

729	0	 4	 0	Row	218	 1	47 	 303 	 3.03 
729	0	 4	 0	Col	218	 1	22 	 278 	 2.78 

730	0	 4	 0	Row	219	 2	94 	 606 	 6.06 
730	0	 4	 0	Col	219	 2	73 	 585 	 5.85 

731	0	 4	 0	Row	106	 0	96 	 96 	 0.96 
731	0	 4	 0	Col	106	 0	77 	 77 	 0.77 

732	0	 4	 0	Row	166	 6	203 	 1739 	 17.39 
732	0	 4	 0	Col	166	 6	181 	 1717 	 17.17 

733	0	 4	 0	Row	231	 4	171 	 1195 	 11.95 
733	0	 4	 0	Col	231	 4	144 	 1168 	 11.68 

734	0	 4	 0	Row	147	 5	85 	 1365 	 13.65 
734	0	 4	 0	Col	147	 5	64 	 1344 	 13.44 

735	0	 4	 0	Row	32	 7	18 	 1810 	 18.1 
735	0	 4	 0	Col	32	 6	250 	 1786 	 17.86 

736	0	 4	 0	Row	5	 1	133 	 389 	 3.89 
736	0	 4	 0	Col	5	 1	108 	 364 	 3.64 

737	0	 4	 0	Row	103	 5	177 	 1457 	 14.57 
737	0	 4	 0	Col	103	 5	158 	 1438 	 14.38 

738	0	 4	 0	Row	85	 3	192 	 960 	 9.6 
738	0	 4	 0	Col	85	 3	174 	 942 	 9.42 

739	0	 4	 0	Row	25	 14	132 	 3716 	 37.16 
739	0	 4	 0	Col	25	 14	111 	 3695 	 36.95 

740	0	 4	 0	Row	206	 4	143 	 1167 	 11.67 
740	0	 4	 0	Col	206	 4	119 	 1143 	 11.43 

741	0	 4	 0	Row	73	 3	109 	 877 	 8.77 
741	0	 4	 0	Col	73	 3	90 	 858 	 8.58 

742	0	 4	 0	Row	204	 3	224 	 992 	 9.92 
742	0	 4	 0	Col	204	 3	197 	 965 	 9.65 

743	0	 4	 0	Row	69	 7	114 	 1906 	 19.06 
743	0	 4	 0	Col	69	 7	95 	 1887 	 18.87 

744	0	 4	 0	Row	42	 8	86 	 2134 	 21.34 
744	0	 4	 0	Col	42	 8	68 	 2116 	 21.16 

745	0	 4	 0	Row	171	 12	95 	 3167 	 31.67 
745	0	 4	 0	Col	171	 12	78 	 3150 	 31.5 

746	0	 4	 0	Row	89	 12	108 	 3180 	 31.8 
746	0	 4	 0	Col	89	 12	91 	 3163 	 31.63 

747	0	 4	 0	Row	118	 3	244 	 1012 	 10.12 
747	0	 4	 0	Col	118	 3	215 	 983 	 9.83 

748	0	 4	 0	Row	129	 12	24 	 3096 	 30.96 
748	0	 4	 0	Col	129	 12	9 	 3081 	 30.81 

749	0	 4	 0	Row	230	 4	77 	 1101 	 11.01 
749	0	 4	 0	Col	230	 4	61 	 1085 	 10.85 

750	0	 4	 0	Row	34	 12	29 	 3101 	 31.01 
750	0	 4	 0	Col	34	 12	4 	 3076 	 30.76 

751	0	 4	 0	Row	23	 6	146 	 1682 	 16.82 
751	0	 4	 0	Col	23	 6	128 	 1664 	 16.64 

752	0	 4	 0	Row	168	 10	78 	 2638 	 26.38 
752	0	 4	 0	Col	168	 10	49 	 2609 	 26.09 

753	0	 4	 0	Row	87	 6	135 	 1671 	 16.71 
753	0	 4	 0	Col	87	 6	104 	 1640 	 16.4 

754	0	 4	 0	Row	7	 4	22 	 1046 	 10.46 
754	0	 4	 0	Col	7	 4	0 	 1024 	 10.24 

755	0	 4	 0	Row	243	 10	199 	 2759 	 27.59 
755	0	 4	 0	Col	243	 10	175 	 2735 	 27.35 

756	0	 4	 0	Row	134	 9	182 	 2486 	 24.86 
756	0	 4	 0	Col	134	 9	156 	 2460 	 24.6 

757	0	 4	 0	Row	141	 1	22 	 278 	 2.78 
757	0	 4	 0	Col	141	 1	0 	 256 	 2.56 

758	0	 4	 0	Row	167	 13	6 	 3334 	 33.34 
758	0	 4	 0	Col	167	 12	234 	 3306 	 33.06 

759	0	 4	 0	Row	192	 7	186 	 1978 	 19.78 
759	0	 4	 0	Col	192	 7	165 	 1957 	 19.57 

760	0	 4	 0	Row	38	 13	0 	 3328 	 33.28 
760	0	 4	 0	Col	38	 12	222 	 3294 	 32.94 

761	0	 4	 0	Row	205	 9	187 	 2491 	 24.91 
761	0	 4	 0	Col	205	 9	166 	 2470 	 24.7 

762	0	 4	 0	Row	190	 7	229 	 2021 	 20.21 
762	0	 4	 0	Col	190	 7	208 	 2000 	 20.0 

763	0	 4	 0	Row	144	 4	7 	 1031 	 10.31 
763	0	 4	 0	Col	144	 3	232 	 1000 	 10.0 

764	0	 4	 0	Row	149	 1	165 	 421 	 4.21 
764	0	 4	 0	Col	149	 1	143 	 399 	 3.99 

765	0	 4	 0	Row	187	 12	114 	 3186 	 31.86 
765	0	 4	 0	Col	187	 12	89 	 3161 	 31.61 

766	0	 4	 0	Row	41	 4	190 	 1214 	 12.14 
766	0	 4	 0	Col	41	 4	169 	 1193 	 11.93 

767	0	 4	 0	Row	82	 3	188 	 956 	 9.56 
767	0	 4	 0	Col	82	 3	170 	 938 	 9.38 

768	0	 4	 0	Row	200	 15	14 	 3854 	 38.54 
768	0	 4	 0	Col	200	 14	253 	 3837 	 38.37 

769	0	 4	 0	Row	205	 11	132 	 2948 	 29.48 
769	0	 4	 0	Col	205	 11	112 	 2928 	 29.28 

770	0	 4	 0	Row	4	 12	82 	 3154 	 31.54 
770	0	 4	 0	Col	5	 12	63 	 3135 	 31.35 

771	0	 4	 0	Row	132	 11	0 	 2816 	 28.16 
771	0	 4	 0	Col	132	 10	240 	 2800 	 28.0 

772	0	 4	 0	Row	21	 4	254 	 1278 	 12.78 
772	0	 4	 0	Col	21	 4	237 	 1261 	 12.61 

773	0	 4	 0	Row	102	 11	27 	 2843 	 28.43 
773	0	 4	 0	Col	102	 11	9 	 2825 	 28.25 

774	0	 4	 0	Row	41	 4	103 	 1127 	 11.27 
774	0	 4	 0	Col	41	 4	85 	 1109 	 11.09 

775	0	 4	 0	Row	0	 9	147 	 2451 	 24.51 
775	0	 4	 0	Col	0	 9	124 	 2428 	 24.28 

776	0	 4	 0	Row	216	 12	119 	 3191 	 31.91 
776	0	 4	 0	Col	216	 12	92 	 3164 	 31.64 

777	0	 4	 0	Row	65	 8	223 	 2271 	 22.71 
777	0	 4	 0	Col	65	 8	204 	 2252 	 22.52 

778	0	 4	 0	Row	160	 14	46 	 3630 	 36.3 
778	0	 4	 0	Col	160	 14	22 	 3606 	 36.06 

779	0	 4	 0	Row	218	 15	89 	 3929 	 39.29 
779	0	 4	 0	Col	218	 15	66 	 3906 	 39.06 

780	0	 4	 0	Row	88	 7	205 	 1997 	 19.97 
780	0	 4	 0	Col	88	 7	181 	 1973 	 19.73 

781	0	 4	 0	Row	177	 3	189 	 957 	 9.57 
781	0	 4	 0	Col	177	 3	171 	 939 	 9.39 

782	0	 4	 0	Row	71	 9	72 	 2376 	 23.76 
782	0	 4	 0	Col	71	 9	34 	 2338 	 23.38 

783	0	 4	 0	Row	170	 13	0 	 3328 	 33.28 
783	0	 4	 0	Col	170	 12	236 	 3308 	 33.08 

784	0	 4	 0	Row	134	 13	167 	 3495 	 34.95 
784	0	 4	 0	Col	134	 13	147 	 3475 	 34.75 

785	0	 4	 0	Row	73	 12	142 	 3214 	 32.14 
785	0	 4	 0	Col	73	 12	122 	 3194 	 31.94 

786	0	 4	 0	Row	229	 15	119 	 3959 	 39.59 
786	0	 4	 0	Col	229	 15	91 	 3931 	 39.31 

787	0	 4	 0	Row	149	 11	102 	 2918 	 29.18 
787	0	 4	 0	Col	149	 11	82 	 2898 	 28.98 

788	0	 4	 0	Row	21	 8	202 	 2250 	 22.5 
788	0	 4	 0	Col	21	 8	182 	 2230 	 22.3 

789	0	 4	 0	Row	22	 7	151 	 1943 	 19.43 
789	0	 4	 0	Col	22	 7	131 	 1923 	 19.23 

790	0	 4	 0	Row	67	 12	34 	 3106 	 31.06 
790	0	 4	 0	Col	67	 12	13 	 3085 	 30.85 

791	0	 4	 0	Row	105	 13	26 	 3354 	 33.54 
791	0	 4	 0	Col	105	 13	1 	 3329 	 33.29 

792	0	 4	 0	Row	74	 6	101 	 1637 	 16.37 
792	0	 4	 0	Col	74	 6	84 	 1620 	 16.2 

793	0	 4	 0	Row	107	 6	99 	 1635 	 16.35 
793	0	 4	 0	Col	107	 6	80 	 1616 	 16.16 

794	0	 4	 0	Row	44	 7	77 	 1869 	 18.69 
794	0	 4	 0	Col	44	 7	60 	 1852 	 18.52 

795	0	 4	 0	Row	78	 4	91 	 1115 	 11.15 
795	0	 4	 0	Col	78	 4	67 	 1091 	 10.91 

796	0	 4	 0	Row	243	 12	14 	 3086 	 30.86 
796	0	 4	 0	Col	243	 11	249 	 3065 	 30.65 

797	0	 4	 0	Row	238	 3	255 	 1023 	 10.23 
797	0	 4	 0	Col	238	 3	224 	 992 	 9.92 

798	0	 4	 0	Row	26	 6	84 	 1620 	 16.2 
798	0	 4	 0	Col	26	 6	61 	 1597 	 15.97 

799	0	 4	 0	Row	77	 6	134 	 1670 	 16.7 
799	0	 4	 0	Col	77	 6	118 	 1654 	 16.54 

800	0	 4	 0	Row	179	 3	124 	 892 	 8.92 
800	0	 4	 0	Col	180	 3	94 	 862 	 8.62 

801	0	 4	 0	Row	160	 8	64 	 2112 	 21.12 
801	0	 4	 0	Col	160	 8	40 	 2088 	 20.88 

802	0	 4	 0	Row	72	 11	60 	 2876 	 28.76 
802	0	 4	 0	Col	72	 11	32 	 2848 	 28.48 

803	0	 4	 0	Row	103	 11	92 	 2908 	 29.08 
803	0	 4	 0	Col	103	 11	76 	 2892 	 28.92 

804	0	 4	 0	Row	24	 8	19 	 2067 	 20.67 
804	0	 4	 0	Col	24	 7	255 	 2047 	 20.47 

805	0	 4	 0	Row	45	 6	108 	 1644 	 16.44 
805	0	 4	 0	Col	45	 6	83 	 1619 	 16.19 

806	0	 4	 0	Row	128	 12	249 	 3321 	 33.21 
806	0	 4	 0	Col	128	 12	227 	 3299 	 32.99 

807	0	 4	 0	Row	13	 14	0 	 3584 	 35.84 
807	0	 4	 0	Col	13	 13	238 	 3566 	 35.66 

808	0	 4	 0	Row	122	 3	210 	 978 	 9.78 
808	0	 4	 0	Col	122	 3	185 	 953 	 9.53 

809	0	 4	 0	Row	103	 12	208 	 3280 	 32.8 
809	0	 4	 0	Col	103	 12	184 	 3256 	 32.56 

810	0	 4	 0	Row	102	 5	18 	 1298 	 12.98 
810	0	 4	 0	Col	102	 4	246 	 1270 	 12.7 

811	0	 4	 0	Row	128	 13	43 	 3371 	 33.71 
811	0	 4	 0	Col	128	 13	23 	 3351 	 33.51 

812	0	 4	 0	Row	222	 12	52 	 3124 	 31.24 
812	0	 4	 0	Col	222	 12	28 	 3100 	 31.0 

813	0	 4	 0	Row	130	 7	192 	 1984 	 19.84 
813	0	 4	 0	Col	130	 7	166 	 1958 	 19.58 

814	0	 4	 0	Row	141	 13	46 	 3374 	 33.74 
814	0	 4	 0	Col	141	 13	20 	 3348 	 33.48 

815	0	 4	 0	Row	239	 8	162 	 2210 	 22.1 
815	0	 4	 0	Col	239	 8	147 	 2195 	 21.95 

816	0	 4	 0	Row	86	 12	247 	 3319 	 33.19 
816	0	 4	 0	Col	86	 12	228 	 3300 	 33.0 

817	0	 4	 0	Row	171	 10	164 	 2724 	 27.24 
817	0	 4	 0	Col	171	 10	142 	 2702 	 27.02 

818	0	 4	 0	Row	216	 15	68 	 3908 	 39.08 
818	0	 4	 0	Col	216	 15	46 	 3886 	 38.86 

819	0	 4	 0	Row	70	 4	77 	 1101 	 11.01 
819	0	 4	 0	Col	70	 4	62 	 1086 	 10.86 

820	0	 4	 0	Row	210	 0	121 	 121 	 1.21 
820	0	 4	 0	Col	210	 0	92 	 92 	 0.92 

821	0	 4	 0	Row	197	 9	83 	 2387 	 23.87 
821	0	 4	 0	Col	197	 9	69 	 2373 	 23.73 

822	0	 4	 0	Row	54	 12	165 	 3237 	 32.37 
822	0	 4	 0	Col	54	 12	141 	 3213 	 32.13 

823	0	 4	 0	Row	17	 12	29 	 3101 	 31.01 
823	0	 4	 0	Col	17	 12	9 	 3081 	 30.81 

824	0	 4	 0	Row	238	 14	17 	 3601 	 36.01 
824	0	 4	 0	Col	238	 13	254 	 3582 	 35.82 

825	0	 4	 0	Row	156	 6	163 	 1699 	 16.99 
825	0	 4	 0	Col	156	 6	145 	 1681 	 16.81 

826	0	 4	 0	Row	58	 6	196 	 1732 	 17.32 
826	0	 4	 0	Col	58	 6	168 	 1704 	 17.04 

827	0	 4	 0	Row	0	 10	45 	 2605 	 26.05 
827	0	 4	 0	Col	0	 10	26 	 2586 	 25.86 

828	0	 4	 0	Row	45	 11	216 	 3032 	 30.32 
828	0	 4	 0	Col	45	 11	197 	 3013 	 30.13 

829	0	 4	 0	Row	197	 11	169 	 2985 	 29.85 
829	0	 4	 0	Col	197	 11	148 	 2964 	 29.64 

830	0	 4	 0	Row	176	 4	233 	 1257 	 12.57 
830	0	 4	 0	Col	176	 4	216 	 1240 	 12.4 

831	0	 4	 0	Row	170	 3	248 	 1016 	 10.16 
831	0	 4	 0	Col	170	 3	218 	 986 	 9.86 

832	0	 4	 0	Row	13	 13	44 	 3372 	 33.72 
832	0	 4	 0	Col	13	 13	23 	 3351 	 33.51 

833	0	 4	 0	Row	123	 9	118 	 2422 	 24.22 
833	0	 4	 0	Col	123	 9	102 	 2406 	 24.06 

834	0	 4	 0	Row	165	 12	24 	 3096 	 30.96 
834	0	 4	 0	Col	165	 12	5 	 3077 	 30.77 

835	0	 4	 0	Row	198	 4	87 	 1111 	 11.11 
835	0	 4	 0	Col	198	 4	68 	 1092 	 10.92 

836	0	 4	 0	Row	68	 5	168 	 1448 	 14.48 
836	0	 4	 0	Col	68	 5	141 	 1421 	 14.21 

837	0	 4	 0	Row	245	 6	21 	 1557 	 15.57 
837	0	 4	 0	Col	245	 5	251 	 1531 	 15.31 

838	0	 4	 0	Row	71	 3	175 	 943 	 9.43 
838	0	 4	 0	Col	72	 3	117 	 885 	 8.85 

839	0	 4	 0	Row	77	 4	32 	 1056 	 10.56 
839	0	 4	 0	Col	77	 4	14 	 1038 	 10.38 

840	0	 4	 0	Row	35	 10	221 	 2781 	 27.81 
840	0	 4	 0	Col	35	 10	188 	 2748 	 27.48 

841	0	 4	 0	Row	142	 0	191 	 191 	 1.91 
841	0	 4	 0	Col	142	 0	167 	 167 	 1.67 

842	0	 4	 0	Row	203	 11	211 	 3027 	 30.27 
842	0	 4	 0	Col	203	 11	184 	 3000 	 30.0 

843	0	 4	 0	Row	196	 11	99 	 2915 	 29.15 
843	0	 4	 0	Col	196	 11	83 	 2899 	 28.99 

844	0	 4	 0	Row	135	 9	241 	 2545 	 25.45 
844	0	 4	 0	Col	135	 9	213 	 2517 	 25.17 

845	0	 4	 0	Row	137	 4	182 	 1206 	 12.06 
845	0	 4	 0	Col	137	 4	154 	 1178 	 11.78 

846	0	 4	 0	Row	154	 7	41 	 1833 	 18.33 
846	0	 4	 0	Col	154	 7	10 	 1802 	 18.02 

847	0	 4	 0	Row	251	 2	74 	 586 	 5.86 
847	0	 4	 0	Col	251	 2	30 	 542 	 5.42 

848	0	 4	 0	Row	40	 5	200 	 1480 	 14.8 
848	0	 4	 0	Col	40	 5	180 	 1460 	 14.6 

849	0	 4	 0	Row	115	 11	48 	 2864 	 28.64 
849	0	 4	 0	Col	115	 11	24 	 2840 	 28.4 

850	0	 4	 0	Row	28	 7	75 	 1867 	 18.67 
850	0	 4	 0	Col	28	 7	54 	 1846 	 18.46 

851	0	 4	 0	Row	122	 6	102 	 1638 	 16.38 
851	0	 4	 0	Col	122	 6	84 	 1620 	 16.2 

852	0	 4	 0	Row	113	 10	85 	 2645 	 26.45 
852	0	 4	 0	Col	113	 10	68 	 2628 	 26.28 

853	0	 4	 0	Row	38	 11	97 	 2913 	 29.13 
853	0	 4	 0	Col	38	 11	78 	 2894 	 28.94 

854	0	 4	 0	Row	45	 12	85 	 3157 	 31.57 
854	0	 4	 0	Col	45	 12	62 	 3134 	 31.34 

855	0	 4	 0	Row	130	 4	96 	 1120 	 11.2 
855	0	 4	 0	Col	130	 4	76 	 1100 	 11.0 

856	0	 4	 0	Row	36	 9	214 	 2518 	 25.18 
856	0	 4	 0	Col	36	 9	194 	 2498 	 24.98 

857	0	 4	 0	Row	91	 7	228 	 2020 	 20.2 
857	0	 4	 0	Col	91	 7	211 	 2003 	 20.03 

858	0	 4	 0	Row	160	 6	234 	 1770 	 17.7 
858	0	 4	 0	Col	160	 6	215 	 1751 	 17.51 

859	0	 4	 0	Row	113	 10	55 	 2615 	 26.15 
859	0	 4	 0	Col	113	 10	38 	 2598 	 25.98 

860	0	 4	 0	Row	102	 12	37 	 3109 	 31.09 
860	0	 4	 0	Col	102	 12	17 	 3089 	 30.89 

861	0	 4	 0	Row	143	 12	158 	 3230 	 32.3 
861	0	 4	 0	Col	143	 12	137 	 3209 	 32.09 

862	0	 4	 0	Row	5	 11	83 	 2899 	 28.99 
862	0	 4	 0	Col	5	 11	68 	 2884 	 28.84 

863	0	 4	 0	Row	209	 14	153 	 3737 	 37.37 
863	0	 4	 0	Col	210	 14	124 	 3708 	 37.08 

864	0	 4	 0	Row	208	 9	184 	 2488 	 24.88 
864	0	 4	 0	Col	208	 9	164 	 2468 	 24.68 

865	0	 4	 0	Row	157	 12	254 	 3326 	 33.26 
865	0	 4	 0	Col	157	 12	234 	 3306 	 33.06 

866	0	 4	 0	Row	19	 0	26 	 26 	 0.26 
866	0	 4	 0	Col	19	 0	3 	 3 	 0.03 

867	0	 4	 0	Row	57	 8	160 	 2208 	 22.08 
867	0	 4	 0	Col	57	 8	139 	 2187 	 21.87 

868	0	 4	 0	Row	225	 2	245 	 757 	 7.57 
868	0	 4	 0	Col	225	 2	218 	 730 	 7.3 

869	0	 4	 0	Row	152	 15	132 	 3972 	 39.72 
869	0	 4	 0	Col	152	 15	116 	 3956 	 39.56 

870	0	 4	 0	Row	126	 5	72 	 1352 	 13.52 
870	0	 4	 0	Col	126	 5	50 	 1330 	 13.3 

871	0	 4	 0	Row	122	 12	220 	 3292 	 32.92 
871	0	 4	 0	Col	122	 12	199 	 3271 	 32.71 

872	0	 4	 0	Row	52	 8	22 	 2070 	 20.7 
872	0	 4	 0	Col	52	 8	0 	 2048 	 20.48 

873	0	 4	 0	Row	174	 8	184 	 2232 	 22.32 
873	0	 4	 0	Col	174	 8	160 	 2208 	 22.08 

874	0	 4	 0	Row	177	 11	178 	 2994 	 29.94 
874	0	 4	 0	Col	177	 11	159 	 2975 	 29.75 

875	0	 4	 0	Row	21	 10	100 	 2660 	 26.6 
875	0	 4	 0	Col	21	 10	78 	 2638 	 26.38 

876	0	 4	 0	Row	138	 0	122 	 122 	 1.22 
876	0	 4	 0	Col	138	 0	100 	 100 	 1.0 

877	0	 4	 0	Row	84	 9	212 	 2516 	 25.16 
877	0	 4	 0	Col	84	 9	195 	 2499 	 24.99 

878	0	 4	 0	Row	22	 12	127 	 3199 	 31.99 
878	0	 4	 0	Col	22	 12	103 	 3175 	 31.75 

879	0	 4	 0	Row	16	 13	54 	 3382 	 33.82 
879	0	 4	 0	Col	16	 13	34 	 3362 	 33.62 

880	0	 4	 0	Row	15	 8	60 	 2108 	 21.08 
880	0	 4	 0	Col	15	 8	43 	 2091 	 20.91 

881	0	 4	 0	Row	76	 7	253 	 2045 	 20.45 
881	0	 4	 0	Col	76	 7	238 	 2030 	 20.3 

882	0	 4	 0	Row	79	 8	52 	 2100 	 21.0 
882	0	 4	 0	Col	79	 8	33 	 2081 	 20.81 

883	0	 4	 0	Row	148	 11	246 	 3062 	 30.62 
883	0	 4	 0	Col	148	 11	223 	 3039 	 30.39 

884	0	 4	 0	Row	10	 8	233 	 2281 	 22.81 
884	0	 4	 0	Col	10	 8	214 	 2262 	 22.62 

885	0	 4	 0	Row	167	 7	88 	 1880 	 18.8 
885	0	 4	 0	Col	167	 7	68 	 1860 	 18.6 

886	0	 4	 0	Row	248	 6	71 	 1607 	 16.07 
886	0	 4	 0	Col	248	 6	50 	 1586 	 15.86 

887	0	 4	 0	Row	237	 3	196 	 964 	 9.64 
887	0	 4	 0	Col	237	 3	169 	 937 	 9.37 

888	0	 4	 0	Row	17	 6	158 	 1694 	 16.94 
888	0	 4	 0	Col	17	 6	138 	 1674 	 16.74 

889	0	 4	 0	Row	230	 14	151 	 3735 	 37.35 
889	0	 4	 0	Col	230	 14	135 	 3719 	 37.19 

890	0	 4	 0	Row	227	 10	121 	 2681 	 26.81 
890	0	 4	 0	Col	227	 10	105 	 2665 	 26.65 

891	0	 4	 0	Row	232	 5	129 	 1409 	 14.09 
891	0	 4	 0	Col	232	 5	98 	 1378 	 13.78 

892	0	 4	 0	Row	91	 4	232 	 1256 	 12.56 
892	0	 4	 0	Col	91	 4	213 	 1237 	 12.37 

893	0	 4	 0	Row	112	 7	31 	 1823 	 18.23 
893	0	 4	 0	Col	112	 7	12 	 1804 	 18.04 

894	0	 4	 0	Row	159	 12	158 	 3230 	 32.3 
894	0	 4	 0	Col	159	 12	137 	 3209 	 32.09 

895	0	 4	 0	Row	89	 12	89 	 3161 	 31.61 
895	0	 4	 0	Col	89	 12	69 	 3141 	 31.41 

896	0	 4	 0	Row	19	 13	170 	 3498 	 34.98 
896	0	 4	 0	Col	19	 13	153 	 3481 	 34.81 

897	0	 4	 0	Row	98	 6	174 	 1710 	 17.1 
897	0	 4	 0	Col	98	 6	147 	 1683 	 16.83 

898	0	 4	 0	Row	21	 13	241 	 3569 	 35.69 
898	0	 4	 0	Col	21	 13	223 	 3551 	 35.51 

899	0	 4	 0	Row	94	 8	49 	 2097 	 20.97 
899	0	 4	 0	Col	94	 8	32 	 2080 	 20.8 

900	0	 4	 0	Row	233	 14	22 	 3606 	 36.06 
900	0	 4	 0	Col	233	 14	4 	 3588 	 35.88 

901	0	 4	 0	Row	227	 3	108 	 876 	 8.76 
901	0	 4	 0	Col	228	 3	64 	 832 	 8.32 

902	0	 4	 0	Row	35	 9	21 	 2325 	 23.25 
902	0	 4	 0	Col	36	 8	253 	 2301 	 23.01 

903	0	 4	 0	Row	126	 15	237 	 4077 	 40.77 
903	0	 4	 0	Col	126	 15	220 	 4060 	 40.6 

904	0	 4	 0	Row	235	 8	24 	 2072 	 20.72 
904	0	 4	 0	Col	235	 8	4 	 2052 	 20.52 

905	0	 4	 0	Row	57	 4	76 	 1100 	 11.0 
905	0	 4	 0	Col	57	 4	39 	 1063 	 10.63 

906	0	 4	 0	Row	73	 10	172 	 2732 	 27.32 
906	0	 4	 0	Col	73	 10	155 	 2715 	 27.15 

907	0	 4	 0	Row	11	 4	51 	 1075 	 10.75 
907	0	 4	 0	Col	11	 4	24 	 1048 	 10.48 

908	0	 4	 0	Row	126	 1	80 	 336 	 3.36 
908	0	 4	 0	Col	126	 1	62 	 318 	 3.18 

909	0	 4	 0	Row	205	 6	195 	 1731 	 17.31 
909	0	 4	 0	Col	205	 6	176 	 1712 	 17.12 

910	0	 4	 0	Row	227	 2	248 	 760 	 7.6 
910	0	 4	 0	Col	227	 2	230 	 742 	 7.42 

911	0	 4	 0	Row	70	 8	21 	 2069 	 20.69 
911	0	 4	 0	Col	70	 7	253 	 2045 	 20.45 

912	0	 4	 0	Row	83	 5	199 	 1479 	 14.79 
912	0	 4	 0	Col	83	 5	169 	 1449 	 14.49 

913	0	 4	 0	Row	217	 10	221 	 2781 	 27.81 
913	0	 4	 0	Col	217	 10	195 	 2755 	 27.55 

914	0	 4	 0	Row	190	 13	170 	 3498 	 34.98 
914	0	 4	 0	Col	190	 13	154 	 3482 	 34.82 

915	0	 4	 0	Row	74	 7	95 	 1887 	 18.87 
915	0	 4	 0	Col	74	 7	77 	 1869 	 18.69 

916	0	 4	 0	Row	212	 0	247 	 247 	 2.47 
916	0	 4	 0	Col	212	 0	227 	 227 	 2.27 

917	0	 4	 0	Row	106	 9	191 	 2495 	 24.95 
917	0	 4	 0	Col	106	 9	171 	 2475 	 24.75 

918	0	 4	 0	Row	105	 9	200 	 2504 	 25.04 
918	0	 4	 0	Col	105	 9	182 	 2486 	 24.86 

919	0	 4	 0	Row	229	 3	12 	 780 	 7.8 
919	0	 4	 0	Col	229	 2	241 	 753 	 7.53 

920	0	 4	 0	Row	174	 10	28 	 2588 	 25.88 
920	0	 4	 0	Col	174	 10	6 	 2566 	 25.66 

921	0	 4	 0	Row	77	 11	238 	 3054 	 30.54 
921	0	 4	 0	Col	77	 11	217 	 3033 	 30.33 

922	0	 4	 0	Row	100	 8	7 	 2055 	 20.55 
922	0	 4	 0	Col	100	 7	241 	 2033 	 20.33 

923	0	 4	 0	Row	27	 11	89 	 2905 	 29.05 
923	0	 4	 0	Col	27	 11	71 	 2887 	 28.87 

924	0	 4	 0	Row	229	 8	4 	 2052 	 20.52 
924	0	 4	 0	Col	229	 7	238 	 2030 	 20.3 

925	0	 4	 0	Row	165	 9	31 	 2335 	 23.35 
925	0	 4	 0	Col	165	 9	13 	 2317 	 23.17 

926	0	 4	 0	Row	209	 6	185 	 1721 	 17.21 
926	0	 4	 0	Col	209	 6	163 	 1699 	 16.99 

927	0	 4	 0	Row	122	 11	209 	 3025 	 30.25 
927	0	 4	 0	Col	122	 11	189 	 3005 	 30.05 

928	0	 4	 0	Row	47	 4	190 	 1214 	 12.14 
928	0	 4	 0	Col	47	 4	167 	 1191 	 11.91 

929	0	 4	 0	Row	7	 10	175 	 2735 	 27.35 
929	0	 4	 0	Col	7	 10	154 	 2714 	 27.14 

930	0	 4	 0	Row	123	 11	204 	 3020 	 30.2 
930	0	 4	 0	Col	123	 11	184 	 3000 	 30.0 

931	0	 4	 0	Row	36	 13	26 	 3354 	 33.54 
931	0	 4	 0	Col	36	 13	1 	 3329 	 33.29 

932	0	 4	 0	Row	215	 14	157 	 3741 	 37.41 
932	0	 4	 0	Col	215	 14	142 	 3726 	 37.26 

933	0	 4	 0	Row	163	 11	163 	 2979 	 29.79 
933	0	 4	 0	Col	163	 11	139 	 2955 	 29.55 

934	0	 4	 0	Row	247	 12	242 	 3314 	 33.14 
934	0	 4	 0	Col	247	 12	223 	 3295 	 32.95 

935	0	 4	 0	Row	137	 11	242 	 3058 	 30.58 
935	0	 4	 0	Col	138	 11	222 	 3038 	 30.38 

936	0	 4	 0	Row	153	 6	31 	 1567 	 15.67 
936	0	 4	 0	Col	153	 6	4 	 1540 	 15.4 

937	0	 4	 0	Row	16	 14	251 	 3835 	 38.35 
937	0	 4	 0	Col	16	 14	232 	 3816 	 38.16 

938	0	 4	 0	Row	154	 9	129 	 2433 	 24.33 
938	0	 4	 0	Col	154	 9	108 	 2412 	 24.12 

939	0	 4	 0	Row	7	 0	46 	 46 	 0.46 
939	0	 4	 0	Col	7	 0	22 	 22 	 0.22 

940	0	 4	 0	Row	179	 12	127 	 3199 	 31.99 
940	0	 4	 0	Col	179	 12	109 	 3181 	 31.81 

941	0	 4	 0	Row	104	 9	54 	 2358 	 23.58 
941	0	 4	 0	Col	104	 9	35 	 2339 	 23.39 

942	0	 4	 0	Row	170	 13	140 	 3468 	 34.68 
942	0	 4	 0	Col	170	 13	121 	 3449 	 34.49 

943	0	 4	 0	Row	51	 4	114 	 1138 	 11.38 
943	0	 4	 0	Col	51	 4	88 	 1112 	 11.12 

944	0	 4	 0	Row	109	 11	161 	 2977 	 29.77 
944	0	 4	 0	Col	109	 11	139 	 2955 	 29.55 

945	0	 4	 0	Row	231	 12	125 	 3197 	 31.97 
945	0	 4	 0	Col	231	 12	108 	 3180 	 31.8 

946	0	 4	 0	Row	13	 11	71 	 2887 	 28.87 
946	0	 4	 0	Col	13	 11	51 	 2867 	 28.67 

947	0	 4	 0	Row	167	 6	28 	 1564 	 15.64 
947	0	 4	 0	Col	167	 6	8 	 1544 	 15.44 

948	0	 4	 0	Row	239	 8	205 	 2253 	 22.53 
948	0	 4	 0	Col	239	 8	187 	 2235 	 22.35 

949	0	 4	 0	Row	175	 4	182 	 1206 	 12.06 
949	0	 4	 0	Col	175	 4	161 	 1185 	 11.85 

950	0	 4	 0	Row	105	 4	203 	 1227 	 12.27 
950	0	 4	 0	Col	105	 4	184 	 1208 	 12.08 

951	0	 4	 0	Row	26	 6	64 	 1600 	 16.0 
951	0	 4	 0	Col	26	 6	45 	 1581 	 15.81 

952	0	 4	 0	Row	41	 0	180 	 180 	 1.8 
952	0	 4	 0	Col	41	 0	163 	 163 	 1.63 

953	0	 4	 0	Row	92	 5	80 	 1360 	 13.6 
953	0	 4	 0	Col	92	 5	52 	 1332 	 13.32 

