Voltageboard settings: [1.1, 1, 0, 0, 1, 1.1, 0, 0]
Digital: {'interrupt_pushpull': 1, 'En_Inj1': 0, 'En_Inj2': 0, 'En_Inj3': 0, 'En_Inj4': 0, 'En_Inj5': 0, 'En_Inj6': 0, 'En_Inj7': 0, 'En_Inj8': 0, 'En_Inj9': 0, 'En_Inj10': 0, 'En_Inj11': 0, 'En_Inj12': 0, 'En_Inj13': 0, 'En_Inj14': 0, 'En_Inj15': 0, 'En_Inj16': 0, 'En_Inj17': 0, 'En_Inj18': 0, 'ResetB': 0, 'Extrabit0': 1, 'Extrabit1': 1, 'Extrabit2': 1, 'Extrabit3': 1, 'Extrabit4': 1, 'Extrabit5': 1, 'Extrabit6': 1, 'Extrabit7': 1, 'Extrabit8': 0, 'Extrabit9': 0, 'Extrabit10': 0, 'Extrabit11': 0, 'Extrabit12': 0, 'Extrabit13': 0, 'Extrabit14': 0}
Biasblock: {'DisHiDR': 0, 'q01': 0, 'qon0': 0, 'qon1': 1, 'qon2': 0, 'qon3': 1}
DAC: {'blres': 0, 'nu1': 0, 'vn1': 20, 'vnfb': 1, 'vnfoll': 10, 'nu5': 0, 'nu6': 0, 'nu7': 0, 'nu8': 0, 'vn2': 0, 'vnfoll2': 1, 'vnbias': 0, 'vpload': 5, 'nu13': 0, 'vncomp': 2, 'vpfoll': 60, 'nu16': 0, 'vprec': 30, 'vnrec': 30}
Receiver: {'ColConfig0': 34605772497, 'ColConfig1': 26592144272, 'ColConfig2': 46140120418, 'ColConfig3': 19309649756, 'ColConfig4': 28852274162, 'ColConfig5': 32057831978, 'ColConfig6': 33679144478, 'ColConfig7': 47729065702, 'ColConfig8': 59945999166, 'ColConfig9': 55820206162, 'ColConfig10': 68144843706, 'ColConfig11': 13670822826, 'ColConfig12': 49190318632, 'ColConfig13': 36502151100, 'ColConfig14': 53481254244, 'ColConfig15': 68039523890, 'ColConfig16': 43169140558, 'ColConfig17': 5903105966, 'ColConfig18': 40707875710, 'ColConfig19': 22670115802, 'ColConfig20': 3555407280, 'ColConfig21': 11534441726, 'ColConfig22': 53575929482, 'ColConfig23': 13690175386, 'ColConfig24': 58350780042, 'ColConfig25': 58448658238, 'ColConfig26': 62184751034, 'ColConfig27': 34057739962, 'ColConfig28': 64424344062, 'ColConfig29': 51526950910, 'ColConfig30': 63349587066, 'ColConfig31': 33149419518, 'ColConfig32': 25231884286, 'ColConfig33': 67637215230, 'ColConfig34': 32480557054}

NEvent	ChipId	Payload	Locatn	Row/Col	tStamp	MSB	LSB	ToT	ToT(us)	RealTime
0	0	 4	 0	Row	76	 10	62 	 2622 	 26.22	1656114013.7114751 
0	0	 4	 1	Row	45	 4	65 	 1089 	 10.89	1656114013.7114751 
0	0	 4	 2	Row	214	 4	138 	 1162 	 11.62	1656114013.7114751 
0	0	 4	 3	Row	126	 3	180 	 948 	 9.48	1656114013.7114751 
0	0	 4	 4	Row	138	 4	3 	 1027 	 10.27	1656114013.7114751 
0	[0;31;40m15[0m	 [0;31;40m6[0m	 3	Row	180	 4	4 	 1028 	 10.28	1656114013.7114751 

1	0	 [0;31;40m0[0m	 4	Row	14	 9	6 	 2310 	 23.1	1656114014.5416062 
1	[0;31;40m23[0m	 [0;31;40m7[0m	 4	Row	34	 14	15 	 3599 	 35.99	1656114014.5416062 
1	[0;31;40m30[0m	 [0;31;40m0[0m	 4	Row	129	 8	9 	 2057 	 20.57	1656114014.5416062 
1	[0;31;40m29[0m	 [0;31;40m1[0m	 4	Row	132	 8	11 	 2059 	 20.59	1656114014.5416062 
1	[0;31;40m13[0m	 [0;31;40m0[0m	 4	Row	132	 8	14 	 2062 	 20.62	1656114014.5416062 
1	[0;31;40m1[0m	 [0;31;40m5[0m	 4	Row	134	 11	0 	 2816 	 28.16	1656114014.5416062 
1	[0;31;40m4[0m	 4	 4	Row	129	 8	10 	 2058 	 20.58	1656114014.5416062 
1	[0;31;40m3[0m	 [0;31;40m6[0m	 4	Row	145	 5	6 	 1286 	 12.86	1656114014.5416062 
1	[0;31;40m24[0m	 4	 4	Row	146	 5	6 	 1286 	 12.86	1656114014.5416062 
1	[0;31;40m13[0m	 [0;31;40m2[0m	 4	Row	134	 11	1 	 2817 	 28.17	1656114014.5416062 
1	[0;31;40m16[0m	 [0;31;40m7[0m	 6	Row	43	 1	135 	 391 	 3.91	1656114014.5416062 
1	0	 4	 34	Row	87	 6	131 	 1667 	 16.67	1656114014.5416062 
1	0	 4	 4	Col	180	 10	0 	 2560 	 25.6	1656114014.5416062 
1	0	 4	 19	Col	136	 4	44 	 1068 	 10.68	1656114014.5416062 
1	0	 4	 20	Col	229	 4	81 	 1105 	 11.05	1656114014.5416062 
1	0	 4	 1	Col	87	 13	215 	 3543 	 35.43	1656114014.5416062 
1	0	 4	 6	Col	154	 13	122 	 3450 	 34.5	1656114014.5416062 
1	0	 4	 4	Col	180	 11	213 	 3029 	 30.29	1656114014.5416062 
1	0	 4	 21	Col	2	 10	224 	 2784 	 27.84	1656114014.5416062 
1	0	 4	 1	Col	121	 4	50 	 1074 	 10.74	1656114014.5416062 
1	0	 4	 22	Col	6	 6	27 	 1563 	 15.63	1656114014.5416062 
1	0	 4	 23	Col	41	 6	183 	 1719 	 17.19	1656114014.5416062 
1	0	 4	 24	Col	41	 11	223 	 3039 	 30.39	1656114014.5416062 
1	0	 4	 34	Row	87	 13	208 	 3536 	 35.36	1656114014.5416062 
1	0	 4	 1	Col	221	 9	94 	 2398 	 23.98	1656114014.5416062 
1	0	 4	 4	Col	3	 5	236 	 1516 	 15.16	1656114014.5416062 
1	0	 4	 6	Col	95	 10	52 	 2612 	 26.12	1656114014.5416062 
1	0	 4	 25	Col	123	 10	85 	 2645 	 26.45	1656114014.5416062 
1	0	 4	 1	Col	221	 3	77 	 845 	 8.45	1656114014.5416062 
1	0	 4	 26	Col	232	 4	194 	 1218 	 12.18	1656114014.5416062 
1	0	 4	 4	Col	3	 10	47 	 2607 	 26.07	1656114014.5416062 
1	0	 4	 6	Col	95	 8	95 	 2143 	 21.43	1656114014.5416062 
1	0	 4	 1	Col	7	 15	244 	 4084 	 40.84	1656114014.5416062 
1	0	 4	 27	Col	58	 3	235 	 1003 	 10.03	1656114014.5416062 
1	0	 4	 28	Col	34	 15	21 	 3861 	 38.61	1656114014.5416062 
1	0	 4	 29	Col	140	 8	143 	 2191 	 21.91	1656114014.5416062 
1	0	 4	 1	Col	36	 15	250 	 4090 	 40.9	1656114014.5416062 
1	0	 4	 34	Row	60	 4	46 	 1070 	 10.7	1656114014.5416062 
1	0	 4	 4	Col	201	 8	24 	 2072 	 20.72	1656114014.5416062 
1	0	 4	 6	Col	36	 4	57 	 1081 	 10.81	1656114014.5416062 
1	0	 4	 1	Col	60	 1	0 	 256 	 2.56	1656114014.5416062 
1	0	 4	 30	Col	248	 5	126 	 1406 	 14.06	1656114014.5416062 
1	0	 4	 31	Col	65	 10	38 	 2598 	 25.98	1656114014.5416062 
1	0	 4	 4	Col	201	 0	252 	 252 	 2.52	1656114014.5416062 
1	0	 4	 6	Col	36	 6	254 	 1790 	 17.9	1656114014.5416062 
1	0	 4	 34	Row	12	 12	215 	 3287 	 32.87	1656114014.5416062 
1	0	 4	 1	Col	102	 12	88 	 3160 	 31.6	1656114014.5416062 
1	0	 4	 32	Col	18	 13	141 	 3469 	 34.69	1656114014.5416062 
1	0	 4	 33	Col	146	 9	2 	 2306 	 23.06	1656114014.5416062 
1	0	 4	 1	Col	102	 14	107 	 3691 	 36.91	1656114014.5416062 
1	0	 4	 4	Col	12	 7	154 	 1946 	 19.46	1656114014.5416062 
1	0	 4	 6	Col	135	 12	53 	 3125 	 31.25	1656114014.5416062 
1	0	 4	 34	Col	34	 0	85 	 85 	 0.85	1656114014.5416062 
1	0	 4	 1	Col	121	 15	92 	 3932 	 39.32	1656114014.5416062 
1	0	 4	 4	Col	83	 8	84 	 2132 	 21.32	1656114014.5416062 
1	0	 4	 34	Row	12	 0	216 	 216 	 2.16	1656114014.5416062 
1	0	 4	 1	Col	141	 3	155 	 923 	 9.23	1656114014.5416062 
1	0	 4	 6	Col	241	 12	129 	 3201 	 32.01	1656114014.5416062 

2	0	 [0;31;40m7[0m	 0	Row	52	 4	34 	 1058 	 10.58	1656114015.2946677 
2	[0;31;40m21[0m	 [0;31;40m1[0m	 2	Row	82	 4	129 	 1153 	 11.53	1656114015.2946677 
2	0	 [0;31;40m1[0m	 6	Row	180	 4	132 	 1156 	 11.56	1656114015.2946677 
2	[0;31;40m17[0m	 [0;31;40m7[0m	 8	Row	28	 4	132 	 1156 	 11.56	1656114015.2946677 
2	[0;31;40m17[0m	 [0;31;40m7[0m	 4	Row	216	 4	34 	 1058 	 10.58	1656114015.2946677 
2	[0;31;40m25[0m	 [0;31;40m2[0m	 1	Row	169	 4	129 	 1153 	 11.53	1656114015.2946677 
2	[0;31;40m3[0m	 [0;31;40m0[0m	 13	Row	196	 4	134 	 1158 	 11.58	1656114015.2946677 
2	[0;31;40m22[0m	 [0;31;40m5[0m	 14	Row	252	 4	156 	 1180 	 11.8	1656114015.2946677 
2	[0;31;40m7[0m	 4	 6	Row	254	 4	129 	 1153 	 11.53	1656114015.2946677 
2	[0;31;40m3[0m	 [0;31;40m0[0m	 7	Row	77	 4	160 	 1184 	 11.84	1656114015.2946677 
2	[0;31;40m7[0m	 [0;31;40m3[0m	 9	Row	36	 4	132 	 1156 	 11.56	1656114015.2946677 
2	[0;31;40m25[0m	 [0;31;40m2[0m	 8	Row	222	 4	134 	 1158 	 11.58	1656114015.2946677 
2	[0;31;40m22[0m	 [0;31;40m5[0m	 1	Row	211	 4	129 	 1153 	 11.53	1656114015.2946677 
2	[0;31;40m6[0m	 [0;31;40m1[0m	 15	Row	171	 13	61 	 3389 	 33.89	1656114015.2946677 
2	0	 4	 4	Col	0	 5	164 	 1444 	 14.44	1656114015.2946677 
2	0	 4	 1	Col	76	 15	192 	 4032 	 40.32	1656114015.2946677 
2	0	 4	 6	Col	33	 11	213 	 3029 	 30.29	1656114015.2946677 
2	0	 4	 1	Col	97	 1	126 	 382 	 3.82	1656114015.2946677 
2	0	 4	 4	Col	65	 5	69 	 1349 	 13.49	1656114015.2946677 
2	0	 4	 6	Col	136	 11	228 	 3044 	 30.44	1656114015.2946677 
2	0	 4	 1	Col	131	 1	114 	 370 	 3.7	1656114015.2946677 
2	0	 4	 4	Col	134	 7	78 	 1870 	 18.7	1656114015.2946677 
2	0	 4	 1	Col	169	 15	149 	 3989 	 39.89	1656114015.2946677 
2	0	 4	 6	Col	246	 9	43 	 2347 	 23.47	1656114015.2946677 
2	0	 4	 1	Col	187	 15	201 	 4041 	 40.41	1656114015.2946677 
2	0	 4	 11	Row	111	 4	146 	 1170 	 11.7	1656114015.2946677 
2	0	 4	 22	Col	111	 4	142 	 1166 	 11.66	1656114015.2946677 
2	0	 4	 4	Col	207	 7	244 	 2036 	 20.36	1656114015.2946677 
2	0	 4	 15	Col	7	 4	4 	 1028 	 10.28	1656114015.2946677 
2	0	 [0;31;40m1[0m	 21	Col	7	 14	4 	 3588 	 35.88	1656114015.2946677 
2	[0;31;40m20[0m	 [0;31;40m2[0m	 33	Col	7	 14	61 	 3645 	 36.45	1656114015.2946677 
2	0	 4	 1	Row	227	 5	121 	 1401 	 14.01	1656114015.2946677 
2	0	 4	 4	Col	28	 8	3 	 2051 	 20.51	1656114015.2946677 
2	0	 4	 6	Col	140	 0	5 	 5 	 0.05	1656114015.2946677 
2	0	 4	 1	Col	245	 13	243 	 3571 	 35.71	1656114015.2946677 
2	0	 4	 4	Col	94	 7	55 	 1847 	 18.47	1656114015.2946677 
2	0	 4	 1	Col	252	 15	146 	 3986 	 39.86	1656114015.2946677 
2	0	 4	 6	Col	216	 11	16 	 2832 	 28.32	1656114015.2946677 
2	0	 4	 1	Col	20	 14	198 	 3782 	 37.82	1656114015.2946677 
2	0	 4	 4	Col	158	 4	178 	 1202 	 12.02	1656114015.2946677 
2	0	 4	 6	Col	67	 12	105 	 3177 	 31.77	1656114015.2946677 
2	0	 4	 1	Col	43	 1	141 	 397 	 3.97	1656114015.2946677 
2	0	 4	 4	Col	214	 10	180 	 2740 	 27.4	1656114015.2946677 
2	0	 4	 1	Col	73	 0	238 	 238 	 2.38	1656114015.2946677 
2	0	 4	 6	Col	166	 9	74 	 2378 	 23.78	1656114015.2946677 

3	0	 4	 6	Col	166	 9	74 	 2378 	 23.78	1656114016.0623305 
3	0	 4	 34	Row	126	 4	80 	 1104 	 11.04	1656114016.0623305 
3	0	 4	 1	Col	206	 9	196 	 2500 	 25.0	1656114016.0623305 
3	0	 4	 1	Col	206	 9	51 	 2355 	 23.55	1656114016.0623305 
3	0	 4	 4	Col	102	 14	254 	 3838 	 38.38	1656114016.0623305 
3	0	 4	 6	Col	162	 7	3 	 1795 	 17.95	1656114016.0623305 
3	0	 4	 1	Col	236	 15	196 	 4036 	 40.36	1656114016.0623305 
3	0	 4	 6	Col	162	 3	70 	 838 	 8.38	1656114016.0623305 
3	0	 4	 4	Col	175	 12	151 	 3223 	 32.23	1656114016.0623305 
3	0	 4	 1	Col	251	 15	106 	 3946 	 39.46	1656114016.0623305 
3	0	 4	 6	Col	7	 13	114 	 3442 	 34.42	1656114016.0623305 
3	0	 4	 1	Col	32	 15	165 	 4005 	 40.05	1656114016.0623305 
3	0	 4	 4	Col	16	 7	80 	 1872 	 18.72	1656114016.0623305 
3	0	 4	 1	Col	58	 14	16 	 3600 	 36.0	1656114016.0623305 
3	0	 4	 6	Col	133	 14	15 	 3599 	 35.99	1656114016.0623305 
3	0	 4	 34	Row	230	 3	196 	 964 	 9.64	1656114016.0623305 
3	0	 4	 1	Col	76	 15	164 	 4004 	 40.04	1656114016.0623305 
3	0	 4	 4	Col	95	 9	100 	 2404 	 24.04	1656114016.0623305 
3	0	 4	 1	Col	102	 13	139 	 3467 	 34.67	1656114016.0623305 
3	0	 4	 6	Col	230	 14	56 	 3640 	 36.4	1656114016.0623305 
3	0	 4	 4	Col	195	 9	239 	 2543 	 25.43	1656114016.0623305 
3	0	 4	 1	Col	114	 14	233 	 3817 	 38.17	1656114016.0623305 
3	0	 4	 6	Col	81	 2	149 	 661 	 6.61	1656114016.0623305 
3	0	 4	 1	Col	126	 13	160 	 3488 	 34.88	1656114016.0623305 
3	0	 4	 34	Row	151	 8	14 	 2062 	 20.62	1656114016.0623305 
3	0	 4	 4	Col	252	 6	222 	 1758 	 17.58	1656114016.0623305 
3	0	 4	 1	Col	151	 15	86 	 3926 	 39.26	1656114016.0623305 
3	0	 4	 6	Col	208	 0	138 	 138 	 1.38	1656114016.0623305 
3	0	 4	 4	Col	43	 8	253 	 2301 	 23.01	1656114016.0623305 
3	0	 4	 34	Row	65	 7	168 	 1960 	 19.6	1656114016.0623305 
3	0	 4	 1	Col	166	 15	246 	 4086 	 40.86	1656114016.0623305 
3	0	 4	 1	Col	192	 0	10 	 10 	 0.1	1656114016.0623305 
3	0	 4	 6	Col	65	 2	45 	 557 	 5.57	1656114016.0623305 
3	0	 4	 4	Col	108	 9	157 	 2461 	 24.61	1656114016.0623305 
3	0	 4	 1	Col	208	 0	14 	 14 	 0.14	1656114016.0623305 
3	0	 4	 6	Col	181	 2	26 	 538 	 5.38	1656114016.0623305 
3	0	 4	 4	Col	167	 8	167 	 2215 	 22.15	1656114016.0623305 
3	0	 4	 34	Row	65	 14	201 	 3785 	 37.85	1656114016.0623305 
3	0	 4	 1	Col	251	 3	110 	 878 	 8.78	1656114016.0623305 
3	0	 4	 1	Col	251	 12	14 	 3086 	 30.86	1656114016.0623305 
3	0	 4	 4	Col	242	 3	93 	 861 	 8.61	1656114016.0623305 
3	0	 4	 6	Col	50	 15	145 	 3985 	 39.85	1656114016.0623305 
3	0	 4	 1	Col	5	 12	199 	 3271 	 32.71	1656114016.0623305 

4	0	 4	 1	Row	162	 7	203 	 1995 	 19.95	1656114016.818629 
4	0	 4	 34	Row	30	 0	176 	 176 	 1.76	1656114016.818629 
4	0	 4	 1	Col	133	 2	40 	 552 	 5.52	1656114016.818629 
4	0	 4	 4	Col	253	 4	185 	 1209 	 12.09	1656114016.818629 
4	0	 4	 6	Col	100	 11	133 	 2949 	 29.49	1656114016.818629 
4	0	 4	 1	Col	133	 10	198 	 2758 	 27.58	1656114016.818629 
4	0	 4	 9	Col	162	 7	223 	 2015 	 20.15	1656114016.818629 
4	0	 4	 6	Col	100	 6	250 	 1786 	 17.86	1656114016.818629 
4	0	 4	 1	Col	139	 13	202 	 3530 	 35.3	1656114016.818629 
4	0	 4	 4	Col	63	 6	64 	 1600 	 16.0	1656114016.818629 
4	0	 4	 1	Col	156	 14	199 	 3783 	 37.83	1656114016.818629 
4	0	 4	 6	Col	195	 12	159 	 3231 	 32.31	1656114016.818629 
4	0	 4	 4	Col	106	 6	192 	 1728 	 17.28	1656114016.818629 
4	0	 4	 16	Row	0	 5	143 	 1423 	 14.23	1656114016.818629 
4	0	 4	 26	Row	253	 8	73 	 2121 	 21.21	1656114016.818629 
4	0	 4	 1	Col	180	 4	190 	 1214 	 12.14	1656114016.818629 
4	0	 4	 31	Col	252	 15	215 	 4055 	 40.55	1656114016.818629 
4	0	 4	 34	Col	251	 7	52 	 1844 	 18.44	1656114016.818629 
4	0	 4	 1	Col	180	 11	184 	 3000 	 30.0	1656114016.818629 
4	0	 4	 6	Col	24	 11	5 	 2821 	 28.21	1656114016.818629 
4	0	 4	 4	Col	171	 7	114 	 1906 	 19.06	1656114016.818629 
4	0	 4	 1	Col	192	 12	160 	 3232 	 32.32	1656114016.818629 
4	0	 4	 34	Col	252	 4	174 	 1198 	 11.98	1656114016.818629 
4	0	 4	 6	Col	132	 10	118 	 2678 	 26.78	1656114016.818629 
4	0	 4	 1	Col	199	 13	87 	 3415 	 34.15	1656114016.818629 
4	0	 4	 34	Row	30	 5	188 	 1468 	 14.68	1656114016.818629 
4	0	 4	 4	Col	239	 8	45 	 2093 	 20.93	1656114016.818629 
4	0	 4	 1	Col	218	 0	108 	 108 	 1.08	1656114016.818629 
4	0	 4	 6	Col	231	 10	57 	 2617 	 26.17	1656114016.818629 
4	0	 4	 4	Col	60	 8	166 	 2214 	 22.14	1656114016.818629 
4	0	 4	 1	Col	251	 0	217 	 217 	 2.17	1656114016.818629 
4	0	 4	 6	Col	68	 11	125 	 2941 	 29.41	1656114016.818629 
4	0	 4	 1	Col	25	 0	222 	 222 	 2.22	1656114016.818629 
4	0	 4	 34	Row	218	 10	236 	 2796 	 27.96	1656114016.818629 
4	0	 4	 4	Col	123	 8	180 	 2228 	 22.28	1656114016.818629 
4	0	 4	 1	Col	68	 2	176 	 688 	 6.88	1656114016.818629 
4	0	 4	 6	Col	164	 12	252 	 3324 	 33.24	1656114016.818629 
4	0	 4	 4	Col	201	 10	41 	 2601 	 26.01	1656114016.818629 
4	0	 4	 1	Col	107	 2	100 	 612 	 6.12	1656114016.818629 
4	0	 4	 1	Col	135	 14	98 	 3682 	 36.82	1656114016.818629 
4	0	 4	 6	Col	3	 9	114 	 2418 	 24.18	1656114016.818629 
4	0	 4	 34	Row	149	 9	208 	 2512 	 25.12	1656114016.818629 
4	0	 4	 4	Col	61	 1	96 	 352 	 3.52	1656114016.818629 
4	0	 [0;31;40m1[0m	 32	Row	61	 4	129 	 1153 	 11.53	1656114016.818629 
4	0	 4	 1	Col	149	 0	174 	 174 	 1.74	1656114016.818629 
4	0	 4	 6	Col	86	 8	107 	 2155 	 21.55	1656114016.818629 
4	0	 4	 4	Col	61	 11	234 	 3050 	 30.5	1656114016.818629 
4	[0;31;40m1[0m	 [0;31;40m3[0m	 42	Col	4	 2	149 	 661 	 6.61	1656114016.818629 
4	[0;31;40m1[0m	 [0;31;40m0[0m	 47	Col	4	 1	173 	 429 	 4.29	1656114016.818629 
4	0	 [0;31;40m0[0m	 50	Col	61	 13	61 	 3389 	 33.89	1656114016.818629 

5	0	 4	 15	Row	47	 6	101 	 1637 	 16.37	1656114017.5731885 
5	0	 4	 34	Row	91	 5	176 	 1456 	 14.56	1656114017.5731885 
5	0	 4	 1	Col	244	 5	160 	 1440 	 14.4	1656114017.5731885 
5	0	 4	 4	Col	208	 8	11 	 2059 	 20.59	1656114017.5731885 
5	0	 4	 1	Col	244	 7	137 	 1929 	 19.29	1656114017.5731885 
5	0	 4	 6	Col	81	 14	168 	 3752 	 37.52	1656114017.5731885 
5	0	 4	 17	Col	47	 6	92 	 1628 	 16.28	1656114017.5731885 
5	0	 4	 6	Col	81	 14	76 	 3660 	 36.6	1656114017.5731885 
5	0	 4	 1	Col	31	 2	72 	 584 	 5.84	1656114017.5731885 
5	0	 4	 4	Col	19	 3	161 	 929 	 9.29	1656114017.5731885 
5	0	 4	 1	Col	75	 0	85 	 85 	 0.85	1656114017.5731885 
5	0	 4	 6	Col	185	 13	43 	 3371 	 33.71	1656114017.5731885 
5	0	 4	 4	Col	79	 8	230 	 2278 	 22.78	1656114017.5731885 
5	0	 4	 34	Row	91	 10	29 	 2589 	 25.89	1656114017.5731885 
5	0	 4	 1	Col	122	 13	208 	 3536 	 35.36	1656114017.5731885 
5	0	 4	 1	Col	122	 0	235 	 235 	 2.35	1656114017.5731885 
5	0	 4	 6	Col	38	 12	200 	 3272 	 32.72	1656114017.5731885 
5	0	 4	 4	Col	151	 6	211 	 1747 	 17.47	1656114017.5731885 
5	0	 4	 1	Col	154	 14	158 	 3742 	 37.42	1656114017.5731885 
5	0	 4	 6	Col	121	 12	42 	 3114 	 31.14	1656114017.5731885 
5	0	 4	 16	Row	189	 10	106 	 2666 	 26.66	1656114017.5731885 
5	0	 4	 33	Row	188	 5	235 	 1515 	 15.15	1656114017.5731885 
5	0	 4	 34	Row	172	 14	70 	 3654 	 36.54	1656114017.5731885 
5	0	 4	 0	Col	188	 5	248 	 1528 	 15.28	1656114017.5731885 
5	0	 4	 1	Col	172	 3	88 	 856 	 8.56	1656114017.5731885 
5	0	 4	 1	Col	172	 11	136 	 2952 	 29.52	1656114017.5731885 
5	0	 4	 4	Col	18	 12	160 	 3232 	 32.32	1656114017.5731885 
5	0	 4	 6	Col	217	 0	149 	 149 	 1.49	1656114017.5731885 
5	0	 4	 22	Row	187	 7	120 	 1912 	 19.12	1656114017.5731885 
5	0	 4	 1	Col	200	 14	126 	 3710 	 37.1	1656114017.5731885 
5	0	 4	 4	Col	85	 0	114 	 114 	 1.14	1656114017.5731885 
5	0	 4	 18	Col	187	 7	117 	 1909 	 19.09	1656114017.5731885 
5	0	 4	 34	Col	189	 10	105 	 2665 	 26.65	1656114017.5731885 
5	0	 4	 1	Col	220	 0	64 	 64 	 0.64	1656114017.5731885 
5	0	 4	 34	Row	172	 1	25 	 281 	 2.81	1656114017.5731885 
5	0	 4	 4	Col	85	 3	57 	 825 	 8.25	1656114017.5731885 
5	0	 4	 6	Col	194	 14	60 	 3644 	 36.44	1656114017.5731885 
5	0	 4	 1	Col	1	 15	149 	 3989 	 39.89	1656114017.5731885 
5	0	 4	 6	Col	194	 13	112 	 3440 	 34.4	1656114017.5731885 
5	0	 4	 4	Col	160	 9	144 	 2448 	 24.48	1656114017.5731885 
5	0	 4	 34	Row	1	 5	204 	 1484 	 14.84	1656114017.5731885 
5	0	 4	 1	Col	41	 6	192 	 1728 	 17.28	1656114017.5731885 
5	0	 4	 1	Col	41	 0	217 	 217 	 2.17	1656114017.5731885 
5	0	 [0;31;40m1[0m	 41	Row	0	 1	4 	 260 	 2.6	1656114017.5731885 
5	0	 4	 53	Col	7	 0	61 	 61 	 0.61	1656114017.5731885 
5	0	 4	 1	Row	71	 0	5 	 5 	 0.05	1656114017.5731885 

6	0	 4	 34	Row	121	 15	240 	 4080 	 40.8	1656114018.3359053 
6	0	 4	 1	Col	120	 14	148 	 3732 	 37.32	1656114018.3359053 
6	0	 4	 1	Col	120	 3	179 	 947 	 9.47	1656114018.3359053 
6	0	 4	 4	Col	229	 2	32 	 544 	 5.44	1656114018.3359053 
6	0	 4	 6	Col	124	 9	70 	 2374 	 23.74	1656114018.3359053 
6	0	 4	 4	Col	229	 10	89 	 2649 	 26.49	1656114018.3359053 
6	0	 4	 1	Col	129	 12	129 	 3201 	 32.01	1656114018.3359053 
6	0	 4	 6	Col	221	 10	151 	 2711 	 27.11	1656114018.3359053 
6	0	 4	 1	Col	141	 14	87 	 3671 	 36.71	1656114018.3359053 
6	0	 4	 4	Col	57	 10	195 	 2755 	 27.55	1656114018.3359053 
6	0	 4	 1	Col	148	 13	239 	 3567 	 35.67	1656114018.3359053 
6	0	 4	 6	Col	45	 12	24 	 3096 	 30.96	1656114018.3359053 
6	0	 4	 4	Col	111	 11	224 	 3040 	 30.4	1656114018.3359053 
6	0	 4	 34	Row	121	 14	73 	 3657 	 36.57	1656114018.3359053 
6	0	 4	 1	Col	163	 10	1 	 2561 	 25.61	1656114018.3359053 
6	0	 4	 1	Col	163	 10	208 	 2768 	 27.68	1656114018.3359053 
6	0	 4	 6	Col	146	 13	155 	 3483 	 34.83	1656114018.3359053 
6	0	 4	 4	Col	172	 8	0 	 2048 	 20.48	1656114018.3359053 
6	0	 4	 1	Col	178	 14	81 	 3665 	 36.65	1656114018.3359053 
6	0	 4	 6	Col	3	 2	247 	 759 	 7.59	1656114018.3359053 
6	0	 4	 34	Row	146	 2	39 	 551 	 5.51	1656114018.3359053 
6	0	 4	 1	Col	202	 15	138 	 3978 	 39.78	1656114018.3359053 
6	0	 4	 4	Col	48	 1	96 	 352 	 3.52	1656114018.3359053 
6	0	 4	 1	Col	202	 10	139 	 2699 	 26.99	1656114018.3359053 
6	0	 4	 4	Col	48	 15	152 	 3992 	 39.92	1656114018.3359053 
6	0	 4	 6	Col	128	 0	26 	 26 	 0.26	1656114018.3359053 
6	0	 4	 0	Row	250	 13	147 	 3475 	 34.75	1656114018.3359053 
6	0	 4	 26	Row	251	 13	170 	 3498 	 34.98	1656114018.3359053 
6	0	 4	 34	Row	115	 2	8 	 520 	 5.2	1656114018.3359053 
6	0	 4	 1	Col	214	 9	36 	 2340 	 23.4	1656114018.3359053 
6	0	 4	 1	Col	214	 7	33 	 1825 	 18.25	1656114018.3359053 
6	0	 4	 4	Col	115	 4	81 	 1105 	 11.05	1656114018.3359053 
6	0	 4	 6	Col	241	 15	33 	 3873 	 38.73	1656114018.3359053 
6	0	 4	 12	Col	250	 13	147 	 3475 	 34.75	1656114018.3359053 
6	0	 4	 1	Col	214	 13	93 	 3421 	 34.21	1656114018.3359053 
6	0	 4	 31	Col	251	 13	163 	 3491 	 34.91	1656114018.3359053 
6	0	 4	 4	Col	167	 7	61 	 1853 	 18.53	1656114018.3359053 
6	0	 4	 39	Col	7	 13	4 	 3332 	 33.32	1656114018.3359053 
6	0	 4	 2	Row	115	 1	4 	 260 	 2.6	1656114018.3359053 
6	0	 4	 6	Col	87	 11	7 	 2823 	 28.23	1656114018.3359053 
6	0	 4	 1	Col	240	 12	152 	 3224 	 32.24	1656114018.3359053 
6	0	 4	 12	Row	4	 14	140 	 3724 	 37.24	1656114018.3359053 
6	0	 4	 29	Col	4	 14	133 	 3717 	 37.17	1656114018.3359053 
6	0	 4	 4	Col	1	 11	3 	 2819 	 28.19	1656114018.3359053 
6	0	 4	 6	Col	172	 0	6 	 6 	 0.06	1656114018.3359053 
6	0	 4	 1	Col	251	 12	155 	 3227 	 32.27	1656114018.3359053 

7	0	 4	 34	Row	149	 15	244 	 4084 	 40.84	1656114019.0934775 
7	0	 4	 1	Col	149	 8	253 	 2301 	 23.01	1656114019.0934775 
7	0	 4	 4	Col	237	 8	172 	 2220 	 22.2	1656114019.0934775 
7	0	 4	 4	Col	237	 9	246 	 2550 	 25.5	1656114019.0934775 
7	0	 4	 6	Col	12	 14	211 	 3795 	 37.95	1656114019.0934775 
7	0	 4	 1	Col	166	 15	216 	 4056 	 40.56	1656114019.0934775 
7	0	 4	 1	Col	187	 15	201 	 4041 	 40.41	1656114019.0934775 
7	0	 4	 34	Row	149	 11	65 	 2881 	 28.81	1656114019.0934775 
7	0	 4	 4	Col	55	 7	232 	 2024 	 20.24	1656114019.0934775 
7	0	 4	 6	Col	135	 11	72 	 2888 	 28.88	1656114019.0934775 
7	0	 4	 1	Col	219	 0	47 	 47 	 0.47	1656114019.0934775 
7	0	 4	 4	Col	108	 5	36 	 1316 	 13.16	1656114019.0934775 
7	0	 4	 29	Row	251	 6	172 	 1708 	 17.08	1656114019.0934775 
7	0	 4	 19	Row	250	 1	117 	 373 	 3.73	1656114019.0934775 
7	0	 4	 34	Row	185	 1	142 	 398 	 3.98	1656114019.0934775 
7	0	 4	 1	Col	32	 13	158 	 3486 	 34.86	1656114019.0934775 
7	0	 4	 6	Col	84	 3	13 	 781 	 7.81	1656114019.0934775 
7	0	 4	 32	Col	250	 1	110 	 366 	 3.66	1656114019.0934775 
7	0	 4	 1	Col	32	 2	190 	 702 	 7.02	1656114019.0934775 
7	0	 4	 4	Col	185	 7	142 	 1934 	 19.34	1656114019.0934775 
7	0	 4	 6	Col	84	 9	61 	 2365 	 23.65	1656114019.0934775 
7	0	 4	 33	Col	254	 5	140 	 1420 	 14.2	1656114019.0934775 
7	0	 4	 1	Col	90	 3	167 	 935 	 9.35	1656114019.0934775 
7	0	 4	 34	Col	251	 6	144 	 1680 	 16.8	1656114019.0934775 
7	0	 4	 4	Col	246	 9	90 	 2394 	 23.94	1656114019.0934775 
7	0	 4	 6	Col	159	 11	142 	 2958 	 29.58	1656114019.0934775 
7	0	 4	 34	Row	185	 1	164 	 420 	 4.2	1656114019.0934775 
7	0	 4	 1	Col	126	 7	20 	 1812 	 18.12	1656114019.0934775 
7	0	 4	 1	Col	126	 12	80 	 3152 	 31.52	1656114019.0934775 
7	0	 4	 4	Col	78	 10	228 	 2788 	 27.88	1656114019.0934775 
7	0	 4	 6	Col	14	 12	85 	 3157 	 31.57	1656114019.0934775 
7	0	 4	 1	Col	136	 15	89 	 3929 	 39.29	1656114019.0934775 
7	0	 4	 4	Col	137	 4	155 	 1179 	 11.79	1656114019.0934775 
7	0	 4	 1	Col	164	 1	225 	 481 	 4.81	1656114019.0934775 
7	0	 4	 34	Row	190	 11	72 	 2888 	 28.88	1656114019.0934775 
7	0	 4	 6	Col	110	 12	245 	 3317 	 33.17	1656114019.0934775 
7	0	 4	 1	Col	190	 0	96 	 96 	 0.96	1656114019.0934775 
7	0	 4	 4	Col	197	 9	145 	 2449 	 24.49	1656114019.0934775 
7	0	 4	 6	Col	190	 8	202 	 2250 	 22.5	1656114019.0934775 
7	0	 4	 1	Col	214	 14	225 	 3809 	 38.09	1656114019.0934775 
7	0	 4	 1	Col	240	 0	105 	 105 	 1.05	1656114019.0934775 
7	0	 4	 4	Col	0	 7	46 	 1838 	 18.38	1656114019.0934775 
7	0	 4	 6	Col	14	 12	207 	 3279 	 32.79	1656114019.0934775 
7	0	 4	 1	Col	7	 0	56 	 56 	 0.56	1656114019.0934775 
7	0	 4	 4	Col	67	 5	88 	 1368 	 13.68	1656114019.0934775 
7	0	 4	 6	Col	120	 14	232 	 3816 	 38.16	1656114019.0934775 
7	0	 4	 1	Col	34	 3	199 	 967 	 9.67	1656114019.0934775 

8	0	 4	 34	Row	128	 6	16 	 1552 	 15.52	1656114019.8634884 
8	0	 4	 1	Col	202	 12	92 	 3164 	 31.64	1656114019.8634884 
8	0	 4	 4	Col	139	 6	128 	 1664 	 16.64	1656114019.8634884 
8	0	 4	 1	Col	202	 1	87 	 343 	 3.43	1656114019.8634884 
8	0	 4	 6	Col	28	 9	214 	 2518 	 25.18	1656114019.8634884 
8	0	 4	 4	Col	139	 12	115 	 3187 	 31.87	1656114019.8634884 
8	0	 4	 1	Col	219	 12	204 	 3276 	 32.76	1656114019.8634884 
8	0	 4	 6	Col	148	 13	26 	 3354 	 33.54	1656114019.8634884 
8	0	 4	 1	Col	229	 14	96 	 3680 	 36.8	1656114019.8634884 
8	0	 4	 4	Col	208	 5	179 	 1459 	 14.59	1656114019.8634884 
8	0	 4	 1	Col	231	 13	50 	 3378 	 33.78	1656114019.8634884 
8	0	 4	 6	Col	246	 0	121 	 121 	 1.21	1656114019.8634884 
8	0	 4	 1	Col	232	 12	225 	 3297 	 32.97	1656114019.8634884 
8	0	 4	 4	Col	6	 6	13 	 1549 	 15.49	1656114019.8634884 
8	0	 4	 1	Col	250	 15	237 	 4077 	 40.77	1656114019.8634884 
8	0	 4	 6	Col	100	 15	231 	 4071 	 40.71	1656114019.8634884 
8	0	 4	 4	Col	76	 4	237 	 1261 	 12.61	1656114019.8634884 
8	0	 4	 1	Col	15	 13	244 	 3572 	 35.72	1656114019.8634884 
8	0	 4	 32	Col	189	 3	42 	 810 	 8.1	1656114019.8634884 
8	0	 4	 6	Col	228	 0	72 	 72 	 0.72	1656114019.8634884 
8	0	 4	 1	Col	18	 12	27 	 3099 	 30.99	1656114019.8634884 
8	0	 4	 7	Row	187	 15	241 	 4081 	 40.81	1656114019.8634884 
8	0	 4	 34	Row	22	 5	96 	 1376 	 13.76	1656114019.8634884 
8	0	 4	 4	Col	195	 4	96 	 1120 	 11.2	1656114019.8634884 
8	0	 4	 27	Col	187	 15	244 	 4084 	 40.84	1656114019.8634884 
8	0	 4	 1	Col	22	 12	70 	 3142 	 31.42	1656114019.8634884 
8	0	 4	 6	Col	93	 9	247 	 2551 	 25.51	1656114019.8634884 
8	0	 4	 4	Col	195	 13	124 	 3452 	 34.52	1656114019.8634884 
8	0	 4	 1	Col	31	 13	70 	 3398 	 33.98	1656114019.8634884 
8	0	 4	 32	Col	246	 1	172 	 428 	 4.28	1656114019.8634884 
8	0	 4	 1	Col	42	 10	190 	 2750 	 27.5	1656114019.8634884 
8	0	 4	 6	Col	167	 12	64 	 3136 	 31.36	1656114019.8634884 
8	0	 4	 4	Col	1	 8	234 	 2282 	 22.82	1656114019.8634884 
8	0	 4	 1	Col	56	 13	220 	 3548 	 35.48	1656114019.8634884 
8	0	 4	 6	Col	2	 11	193 	 3009 	 30.09	1656114019.8634884 
8	0	 4	 34	Row	22	 3	234 	 1002 	 10.02	1656114019.8634884 
8	0	 4	 1	Col	71	 11	255 	 3071 	 30.71	1656114019.8634884 
8	0	 4	 4	Col	152	 13	32 	 3360 	 33.6	1656114019.8634884 
8	0	 4	 1	Col	86	 0	0 	 0 	 0.0	1656114019.8634884 
8	0	 4	 6	Col	94	 12	99 	 3171 	 31.71	1656114019.8634884 
8	0	 4	 4	Col	152	 1	218 	 474 	 4.74	1656114019.8634884 
8	0	 4	 1	Col	105	 15	236 	 4076 	 40.76	1656114019.8634884 

9	0	 4	 0	Row	0	 8	4 	 2052 	 20.52	1656114020.6214159 
9	0	 [0;31;40m2[0m	 26	Row	0	 2	4 	 516 	 5.16	1656114020.6214159 
9	[0;31;40m16[0m	 [0;31;40m1[0m	 2	Row	13	 1	4 	 260 	 2.6	1656114020.6214159 
9	[0;31;40m16[0m	 4	 47	Col	4	 8	4 	 2052 	 20.52	1656114020.6214159 
9	[0;31;40m16[0m	 [0;31;40m1[0m	 26	Row	1	 11	4 	 2820 	 28.2	1656114020.6214159 
9	[0;31;40m16[0m	 [0;31;40m6[0m	 16	Row	7	 8	4 	 2052 	 20.52	1656114020.6214159 
9	[0;31;40m16[0m	 [0;31;40m6[0m	 16	Row	4	 10	4 	 2564 	 25.64	1656114020.6214159 
9	[0;31;40m16[0m	 4	 47	Col	3	 11	4 	 2820 	 28.2	1656114020.6214159 
9	[0;31;40m16[0m	 [0;31;40m1[0m	 49	Row	14	 0	61 	 61 	 0.61	1656114020.6214159 
9	0	 4	 1	Col	62	 12	108 	 3180 	 31.8	1656114020.6214159 
9	0	 4	 6	Col	164	 12	54 	 3126 	 31.26	1656114020.6214159 
9	0	 4	 4	Col	221	 4	232 	 1256 	 12.56	1656114020.6214159 
9	0	 4	 1	Col	77	 14	176 	 3760 	 37.6	1656114020.6214159 
9	0	 4	 6	Col	10	 12	222 	 3294 	 32.94	1656114020.6214159 
9	0	 4	 4	Col	19	 4	106 	 1130 	 11.3	1656114020.6214159 
9	0	 4	 34	Row	26	 15	248 	 4088 	 40.88	1656114020.6214159 
9	0	 4	 1	Col	129	 1	152 	 408 	 4.08	1656114020.6214159 
9	0	 4	 1	Col	129	 13	191 	 3519 	 35.19	1656114020.6214159 
9	0	 4	 6	Col	89	 9	252 	 2556 	 25.56	1656114020.6214159 
9	0	 4	 4	Col	69	 2	233 	 745 	 7.45	1656114020.6214159 
9	0	 4	 1	Col	144	 14	253 	 3837 	 38.37	1656114020.6214159 
9	0	 4	 6	Col	183	 12	225 	 3297 	 32.97	1656114020.6214159 
9	0	 4	 4	Col	152	 7	191 	 1983 	 19.83	1656114020.6214159 
9	0	 4	 34	Row	69	 1	115 	 371 	 3.71	1656114020.6214159 
9	0	 4	 1	Col	204	 3	151 	 919 	 9.19	1656114020.6214159 
9	0	 4	 1	Col	204	 2	217 	 729 	 7.29	1656114020.6214159 
9	0	 [0;31;40m1[0m	 12	Col	2	 9	4 	 2308 	 23.08	1656114020.6214159 
9	0	 4	 39	Col	7	 7	61 	 1853 	 18.53	1656114020.6214159 
9	0	 4	 1	Row	226	 0	5 	 5 	 0.05	1656114020.6214159 
9	0	 4	 1	Col	254	 14	92 	 3676 	 36.76	1656114020.6214159 
9	0	 4	 34	Row	204	 10	87 	 2647 	 26.47	1656114020.6214159 
9	0	 4	 4	Col	53	 9	82 	 2386 	 23.86	1656114020.6214159 
9	0	 4	 6	Col	126	 12	113 	 3185 	 31.85	1656114020.6214159 
9	0	 4	 1	Col	12	 12	229 	 3301 	 33.01	1656114020.6214159 
9	0	 4	 4	Col	137	 4	174 	 1198 	 11.98	1656114020.6214159 
9	0	 4	 6	Col	219	 14	97 	 3681 	 36.81	1656114020.6214159 
9	0	 4	 34	Row	186	 10	8 	 2568 	 25.68	1656114020.6214159 
9	0	 4	 1	Col	44	 8	120 	 2168 	 21.68	1656114020.6214159 
9	0	 4	 33	Row	106	 3	240 	 1008 	 10.08	1656114020.6214159 
9	0	 4	 0	Col	105	 4	0 	 1024 	 10.24	1656114020.6214159 
9	0	 4	 1	Col	44	 11	34 	 2850 	 28.5	1656114020.6214159 
9	0	 4	 4	Col	186	 4	112 	 1136 	 11.36	1656114020.6214159 
9	0	 4	 6	Col	56	 10	46 	 2606 	 26.06	1656114020.6214159 
9	0	 4	 1	Col	62	 15	182 	 4022 	 40.22	1656114020.6214159 

10	0	 4	 4	Col	234	 5	61 	 1341 	 13.41	1656114021.4013476 
10	0	 [0;31;40m0[0m	 4	Row	34	 6	13 	 1549 	 15.49	1656114021.4013476 
10	[0;31;40m23[0m	 [0;31;40m0[0m	 4	Row	129	 7	14 	 1806 	 18.06	1656114021.4013476 
10	[0;31;40m13[0m	 4	 1	Row	167	 6	108 	 1644 	 16.44	1656114021.4013476 
10	0	 4	 34	Row	158	 5	65 	 1345 	 13.45	1656114021.4013476 
10	0	 4	 1	Col	189	 3	88 	 856 	 8.56	1656114021.4013476 
10	0	 4	 6	Col	145	 1	86 	 342 	 3.42	1656114021.4013476 
10	0	 4	 1	Col	189	 12	199 	 3271 	 32.71	1656114021.4013476 
10	0	 4	 4	Col	157	 8	115 	 2163 	 21.63	1656114021.4013476 
10	0	 4	 6	Col	145	 2	110 	 622 	 6.22	1656114021.4013476 
10	0	 4	 1	Col	215	 15	189 	 4029 	 40.29	1656114021.4013476 
10	0	 4	 1	Col	240	 14	103 	 3687 	 36.87	1656114021.4013476 
10	0	 4	 4	Col	232	 12	172 	 3244 	 32.44	1656114021.4013476 
10	0	 4	 6	Col	255	 11	239 	 3055 	 30.55	1656114021.4013476 
10	0	 4	 1	Col	250	 14	110 	 3694 	 36.94	1656114021.4013476 
10	0	 4	 4	Col	54	 8	238 	 2286 	 22.86	1656114021.4013476 
10	0	 4	 6	Col	102	 11	28 	 2844 	 28.44	1656114021.4013476 
10	0	 4	 1	Col	17	 0	34 	 34 	 0.34	1656114021.4013476 
10	0	 4	 1	Col	47	 13	168 	 3496 	 34.96	1656114021.4013476 
10	0	 4	 4	Col	118	 5	144 	 1424 	 14.24	1656114021.4013476 
10	0	 4	 6	Col	194	 15	171 	 4011 	 40.11	1656114021.4013476 
10	0	 4	 1	Col	69	 14	148 	 3732 	 37.32	1656114021.4013476 
10	0	 4	 4	Col	192	 6	12 	 1548 	 15.48	1656114021.4013476 
10	0	 4	 1	Col	92	 14	114 	 3698 	 36.98	1656114021.4013476 
10	0	 4	 6	Col	50	 13	34 	 3362 	 33.62	1656114021.4013476 
10	0	 4	 1	Col	98	 11	106 	 2922 	 29.22	1656114021.4013476 
10	0	 4	 4	Col	239	 6	36 	 1572 	 15.72	1656114021.4013476 
10	0	 4	 6	Col	184	 12	33 	 3105 	 31.05	1656114021.4013476 
10	0	 4	 1	Col	109	 1	34 	 290 	 2.9	1656114021.4013476 
10	0	 4	 4	Col	57	 11	129 	 2945 	 29.45	1656114021.4013476 
10	0	 4	 1	Col	132	 0	55 	 55 	 0.55	1656114021.4013476 
10	0	 4	 6	Col	38	 10	132 	 2692 	 26.92	1656114021.4013476 
10	0	 4	 1	Col	160	 0	110 	 110 	 1.1	1656114021.4013476 
10	0	 4	 4	Col	156	 8	144 	 2192 	 21.92	1656114021.4013476 
10	0	 4	 1	Col	182	 12	86 	 3158 	 31.58	1656114021.4013476 
10	0	 4	 6	Col	115	 11	73 	 2889 	 28.89	1656114021.4013476 
10	0	 4	 1	Col	191	 12	127 	 3199 	 31.99	1656114021.4013476 
10	0	 4	 4	Col	240	 11	21 	 2837 	 28.37	1656114021.4013476 
10	0	 4	 6	Col	212	 9	52 	 2356 	 23.56	1656114021.4013476 
10	0	 4	 1	Col	187	 12	213 	 3285 	 32.85	1656114021.4013476 

11	0	 4	 34	Row	66	 1	234 	 490 	 4.9	1656114022.1870914 
11	0	 4	 1	Col	121	 7	32 	 1824 	 18.24	1656114022.1870914 
11	0	 4	 4	Col	159	 10	204 	 2764 	 27.64	1656114022.1870914 
11	0	 4	 6	Col	73	 8	184 	 2232 	 22.32	1656114022.1870914 
11	0	 4	 6	Col	73	 9	111 	 2415 	 24.15	1656114022.1870914 
11	0	 4	 1	Col	121	 0	200 	 200 	 2.0	1656114022.1870914 
11	0	 4	 4	Col	159	 2	67 	 579 	 5.79	1656114022.1870914 
11	0	 4	 1	Col	152	 15	96 	 3936 	 39.36	1656114022.1870914 
11	0	 4	 6	Col	168	 0	86 	 86 	 0.86	1656114022.1870914 
11	0	 4	 1	Col	180	 15	158 	 3998 	 39.98	1656114022.1870914 
11	0	 4	 4	Col	200	 5	79 	 1359 	 13.59	1656114022.1870914 
11	0	 4	 6	Col	23	 12	205 	 3277 	 32.77	1656114022.1870914 
11	0	 4	 1	Col	213	 15	137 	 3977 	 39.77	1656114022.1870914 
11	0	 4	 4	Col	28	 5	252 	 1532 	 15.32	1656114022.1870914 
11	0	 4	 1	Col	233	 14	136 	 3720 	 37.2	1656114022.1870914 
11	0	 4	 6	Col	123	 12	187 	 3259 	 32.59	1656114022.1870914 
11	0	 4	 7	Row	188	 2	251 	 763 	 7.63	1656114022.1870914 
11	0	 4	 8	Row	190	 6	195 	 1731 	 17.31	1656114022.1870914 
11	0	 4	 9	Row	191	 3	120 	 888 	 8.88	1656114022.1870914 
11	0	 4	 16	Row	194	 6	134 	 1670 	 16.7	1656114022.1870914 
11	0	 4	 1	Col	12	 8	248 	 2296 	 22.96	1656114022.1870914 
11	0	 4	 4	Col	166	 7	128 	 1920 	 19.2	1656114022.1870914 
11	0	 4	 1	Col	12	 1	125 	 381 	 3.81	1656114022.1870914 
11	0	 4	 6	Col	222	 12	214 	 3286 	 32.86	1656114022.1870914 
11	0	 4	 21	Col	188	 2	255 	 767 	 7.67	1656114022.1870914 
11	0	 4	 4	Col	166	 14	172 	 3756 	 37.56	1656114022.1870914 
11	0	 4	 1	Col	32	 0	56 	 56 	 0.56	1656114022.1870914 
11	0	 4	 28	Col	190	 6	181 	 1717 	 17.17	1656114022.1870914 
11	0	 4	 34	Col	188	 8	130 	 2178 	 21.78	1656114022.1870914 
11	0	 4	 6	Col	38	 10	79 	 2639 	 26.39	1656114022.1870914 
11	0	 4	 1	Col	64	 1	214 	 470 	 4.7	1656114022.1870914 
11	0	 4	 34	Row	102	 0	60 	 60 	 0.6	1656114022.1870914 
11	0	 4	 4	Col	233	 5	40 	 1320 	 13.2	1656114022.1870914 
11	0	 4	 1	Col	102	 15	72 	 3912 	 39.12	1656114022.1870914 
11	0	 4	 6	Col	142	 15	32 	 3872 	 38.72	1656114022.1870914 
11	0	 4	 4	Col	48	 6	110 	 1646 	 16.46	1656114022.1870914 
11	0	 4	 1	Col	123	 0	175 	 175 	 1.75	1656114022.1870914 
11	0	 4	 6	Col	236	 9	229 	 2533 	 25.33	1656114022.1870914 
11	0	 4	 1	Col	149	 14	163 	 3747 	 37.47	1656114022.1870914 
11	0	 4	 29	Row	85	 5	168 	 1448 	 14.48	1656114022.1870914 
11	0	 4	 4	Col	124	 7	186 	 1978 	 19.78	1656114022.1870914 
11	0	 4	 34	Col	85	 5	167 	 1447 	 14.47	1656114022.1870914 
11	0	 4	 1	Col	162	 15	228 	 4068 	 40.68	1656114022.1870914 
11	0	 4	 6	Col	80	 10	141 	 2701 	 27.01	1656114022.1870914 
11	0	 4	 4	Col	190	 6	83 	 1619 	 16.19	1656114022.1870914 
11	0	 4	 34	Row	102	 3	127 	 895 	 8.95	1656114022.1870914 
11	0	 4	 1	Col	206	 5	184 	 1464 	 14.64	1656114022.1870914 
11	0	 4	 1	Col	206	 3	244 	 1012 	 10.12	1656114022.1870914 
11	0	 4	 6	Col	170	 12	230 	 3302 	 33.02	1656114022.1870914 

12	0	 4	 61	Row	61	 4	34 	 1058 	 10.58	1656114022.9604185 
12	0	 4	 34	Row	87	 12	144 	 3216 	 32.16	1656114022.9604185 
12	0	 4	 1	Col	184	 7	206 	 1998 	 19.98	1656114022.9604185 
12	0	 4	 4	Col	149	 10	168 	 2728 	 27.28	1656114022.9604185 
12	0	 4	 6	Col	87	 12	38 	 3110 	 31.1	1656114022.9604185 
12	0	 4	 1	Col	184	 7	54 	 1846 	 18.46	1656114022.9604185 
12	0	 4	 4	Col	149	 4	112 	 1136 	 11.36	1656114022.9604185 
12	0	 4	 6	Col	190	 14	99 	 3683 	 36.83	1656114022.9604185 
12	0	 4	 1	Col	204	 0	55 	 55 	 0.55	1656114022.9604185 
12	0	 4	 6	Col	190	 7	193 	 1985 	 19.85	1656114022.9604185 
12	0	 4	 4	Col	230	 8	181 	 2229 	 22.29	1656114022.9604185 
12	0	 4	 34	Row	87	 11	229 	 3045 	 30.45	1656114022.9604185 
12	0	 4	 1	Col	255	 3	200 	 968 	 9.68	1656114022.9604185 
12	0	 4	 1	Col	255	 13	22 	 3350 	 33.5	1656114022.9604185 
12	0	 4	 6	Col	4	 13	98 	 3426 	 34.26	1656114022.9604185 
12	0	 4	 4	Col	50	 10	197 	 2757 	 27.57	1656114022.9604185 
12	0	 4	 1	Col	19	 14	81 	 3665 	 36.65	1656114022.9604185 
12	0	 [0;31;40m1[0m	 19	Row	6	 1	4 	 260 	 2.6	1656114022.9604185 
12	[0;31;40m16[0m	 [0;31;40m1[0m	 33	Row	0	 8	4 	 2052 	 20.52	1656114022.9604185 
12	[0;31;40m4[0m	 [0;31;40m2[0m	 59	Row	1	 1	4 	 260 	 2.6	1656114022.9604185 
12	[0;31;40m16[0m	 4	 13	Col	11	 4	61 	 1085 	 10.85	1656114022.9604185 
12	0	 4	 1	Col	59	 15	212 	 4052 	 40.52	1656114022.9604185 
12	0	 4	 2	Row	237	 1	15 	 271 	 2.71	1656114022.9604185 
12	0	 4	 0	Col	237	 1	9 	 265 	 2.65	1656114022.9604185 
12	0	 4	 6	Col	216	 11	95 	 2911 	 29.11	1656114022.9604185 
12	0	 4	 4	Col	228	 9	17 	 2321 	 23.21	1656114022.9604185 
12	0	 4	 34	Row	59	 13	163 	 3491 	 34.91	1656114022.9604185 
12	0	 4	 1	Col	92	 6	192 	 1728 	 17.28	1656114022.9604185 
12	0	 4	 1	Col	92	 14	187 	 3771 	 37.71	1656114022.9604185 
12	0	 4	 6	Col	60	 14	121 	 3705 	 37.05	1656114022.9604185 
12	0	 4	 4	Col	42	 13	93 	 3421 	 34.21	1656114022.9604185 
12	0	 4	 1	Col	111	 15	57 	 3897 	 38.97	1656114022.9604185 
12	0	 4	 6	Col	180	 15	43 	 3883 	 38.83	1656114022.9604185 
12	0	 4	 34	Row	42	 10	79 	 2639 	 26.39	1656114022.9604185 
12	0	 4	 1	Col	137	 6	108 	 1644 	 16.44	1656114022.9604185 
12	0	 4	 4	Col	195	 8	0 	 2048 	 20.48	1656114022.9604185 
12	0	 4	 1	Col	137	 10	245 	 2805 	 28.05	1656114022.9604185 
12	0	 4	 4	Col	195	 0	110 	 110 	 1.1	1656114022.9604185 
12	0	 4	 6	Col	26	 13	165 	 3493 	 34.93	1656114022.9604185 
12	0	 4	 1	Col	166	 0	86 	 86 	 0.86	1656114022.9604185 
12	0	 4	 1	Col	175	 13	82 	 3410 	 34.1	1656114022.9604185 
12	0	 4	 4	Col	12	 11	144 	 2960 	 29.6	1656114022.9604185 
12	0	 4	 34	Row	205	 7	56 	 1848 	 18.48	1656114022.9604185 
12	0	 4	 6	Col	142	 1	164 	 420 	 4.2	1656114022.9604185 
12	0	 4	 1	Col	205	 3	169 	 937 	 9.37	1656114022.9604185 

13	0	 4	 4	Col	108	 11	162 	 2978 	 29.78	1656114023.7095802 
13	0	 4	 61	Row	2	 10	1 	 2561 	 25.61	1656114023.7095802 
13	0	 [0;31;40m2[0m	 58	Col	1	 0	4 	 4 	 0.04	1656114023.7095802 
13	[0;31;40m4[0m	 [0;31;40m2[0m	 5	Row	13	 0	4 	 4 	 0.04	1656114023.7095802 
13	[0;31;40m16[0m	 [0;31;40m1[0m	 4	Row	9	 12	4 	 3076 	 30.76	1656114023.7095802 
13	[0;31;40m16[0m	 4	 6	Col	14	 4	4 	 1028 	 10.28	1656114023.7095802 
13	[0;31;40m16[0m	 [0;31;40m1[0m	 4	Row	5	 13	4 	 3332 	 33.32	1656114023.7095802 
13	[0;31;40m16[0m	 [0;31;40m6[0m	 5	Row	7	 5	4 	 1284 	 12.84	1656114023.7095802 
13	[0;31;40m16[0m	 4	 6	Col	5	 12	61 	 3133 	 31.33	1656114023.7095802 
13	0	 4	 1	Col	99	 15	137 	 3977 	 39.77	1656114023.7095802 
13	0	 4	 6	Col	104	 13	86 	 3414 	 34.14	1656114023.7095802 
13	0	 4	 1	Col	105	 12	9 	 3081 	 30.81	1656114023.7095802 
13	0	 4	 4	Col	11	 9	102 	 2406 	 24.06	1656114023.7095802 
13	0	 4	 1	Col	121	 2	120 	 632 	 6.32	1656114023.7095802 
13	0	 4	 6	Col	210	 2	28 	 540 	 5.4	1656114023.7095802 
13	0	 4	 4	Col	84	 10	166 	 2726 	 27.26	1656114023.7095802 
13	0	 4	 34	Row	76	 9	80 	 2384 	 23.84	1656114023.7095802 
13	0	 4	 1	Col	159	 15	139 	 3979 	 39.79	1656114023.7095802 
13	0	 4	 1	Col	187	 14	1 	 3585 	 35.85	1656114023.7095802 
13	0	 4	 6	Col	76	 10	148 	 2708 	 27.08	1656114023.7095802 
13	0	 4	 4	Col	135	 2	246 	 758 	 7.58	1656114023.7095802 
13	0	 4	 1	Col	194	 0	71 	 71 	 0.71	1656114023.7095802 
13	0	 4	 6	Col	157	 13	250 	 3578 	 35.78	1656114023.7095802 
13	0	 4	 4	Col	170	 7	77 	 1869 	 18.69	1656114023.7095802 
13	0	 4	 34	Row	76	 2	222 	 734 	 7.34	1656114023.7095802 
13	0	 4	 1	Col	233	 14	168 	 3752 	 37.52	1656114023.7095802 
13	0	 4	 1	Col	233	 14	197 	 3781 	 37.81	1656114023.7095802 
13	0	 4	 6	Col	251	 0	184 	 184 	 1.84	1656114023.7095802 
13	0	 4	 4	Col	237	 10	62 	 2622 	 26.22	1656114023.7095802 
13	0	 4	 1	Col	2	 0	200 	 200 	 2.0	1656114023.7095802 
13	0	 4	 6	Col	97	 14	63 	 3647 	 36.47	1656114023.7095802 
13	0	 4	 34	Row	233	 7	4 	 1796 	 17.96	1656114023.7095802 
13	0	 4	 1	Col	54	 12	248 	 3320 	 33.2	1656114023.7095802 
13	0	 4	 4	Col	167	 15	132 	 3972 	 39.72	1656114023.7095802 
13	0	 4	 1	Col	54	 14	177 	 3761 	 37.61	1656114023.7095802 
13	0	 4	 6	Col	212	 12	249 	 3321 	 33.21	1656114023.7095802 
13	0	 4	 4	Col	167	 6	164 	 1700 	 17.0	1656114023.7095802 
13	0	 4	 32	Row	74	 7	152 	 1944 	 19.44	1656114023.7095802 
13	0	 4	 34	Row	3	 11	146 	 2962 	 29.62	1656114023.7095802 
13	0	 4	 1	Col	93	 3	228 	 996 	 9.96	1656114023.7095802 
13	0	 4	 32	Col	74	 7	138 	 1930 	 19.3	1656114023.7095802 
13	0	 4	 1	Col	93	 0	44 	 44 	 0.44	1656114023.7095802 
13	0	 4	 4	Col	3	 3	211 	 979 	 9.79	1656114023.7095802 
13	0	 4	 6	Col	75	 14	71 	 3655 	 36.55	1656114023.7095802 
13	0	 4	 1	Col	106	 12	192 	 3264 	 32.64	1656114023.7095802 

14	0	 4	 4	Col	54	 6	61 	 1597 	 15.97	1656114024.4736748 
14	0	 [0;31;40m7[0m	 4	Row	34	 10	10 	 2570 	 25.7	1656114024.4736748 
14	[0;31;40m29[0m	 4	 4	Row	129	 6	12 	 1548 	 15.48	1656114024.4736748 
14	[0;31;40m11[0m	 [0;31;40m3[0m	 4	Row	132	 15	2 	 3842 	 38.42	1656114024.4736748 
14	0	 [0;31;40m6[0m	 4	Row	134	 2	0 	 512 	 5.12	1656114024.4736748 
14	[0;31;40m29[0m	 4	 4	Row	6	 2	12 	 524 	 5.24	1656114024.4736748 
14	[0;31;40m18[0m	 [0;31;40m1[0m	 4	Row	129	 3	2 	 770 	 7.7	1656114024.4736748 
14	[0;31;40m13[0m	 [0;31;40m6[0m	 4	Row	3	 9	5 	 2309 	 23.09	1656114024.4736748 
14	[0;31;40m22[0m	 [0;31;40m7[0m	 4	Row	34	 14	13 	 3597 	 35.97	1656114024.4736748 
14	[0;31;40m19[0m	 [0;31;40m5[0m	 4	Row	132	 11	2 	 2818 	 28.18	1656114024.4736748 
14	[0;31;40m20[0m	 [0;31;40m0[0m	 4	Row	153	 9	5 	 2309 	 23.09	1656114024.4736748 
14	[0;31;40m23[0m	 [0;31;40m5[0m	 4	Row	129	 14	0 	 3584 	 35.84	1656114024.4736748 
14	[0;31;40m28[0m	 [0;31;40m0[0m	 4	Row	134	 2	3 	 515 	 5.15	1656114024.4736748 
14	[0;31;40m29[0m	 [0;31;40m5[0m	 4	Row	132	 11	5 	 2821 	 28.21	1656114024.4736748 
14	[0;31;40m14[0m	 [0;31;40m2[0m	 61	Row	4	 1	151 	 407 	 4.07	1656114024.4736748 
14	0	 4	 1	Col	151	 13	197 	 3525 	 35.25	1656114024.4736748 
14	0	 4	 1	Col	173	 14	157 	 3741 	 37.41	1656114024.4736748 
14	0	 4	 7	Row	96	 8	2 	 2050 	 20.5	1656114024.4736748 
14	0	 4	 16	Row	95	 3	25 	 793 	 7.93	1656114024.4736748 
14	0	 4	 29	Row	92	 5	170 	 1450 	 14.5	1656114024.4736748 
14	0	 4	 30	Row	96	 9	143 	 2447 	 24.47	1656114024.4736748 
14	0	 4	 1	Col	177	 13	90 	 3418 	 34.18	1656114024.4736748 
14	0	 4	 4	Col	186	 3	80 	 848 	 8.48	1656114024.4736748 
14	0	 4	 6	Col	181	 8	10 	 2058 	 20.58	1656114024.4736748 
14	0	 4	 6	Col	181	 3	90 	 858 	 8.58	1656114024.4736748 
14	0	 4	 34	Row	126	 2	109 	 621 	 6.21	1656114024.4736748 
14	0	 4	 1	Col	210	 1	76 	 332 	 3.32	1656114024.4736748 
14	0	 4	 4	Col	250	 14	212 	 3796 	 37.96	1656114024.4736748 
14	0	 4	 26	Col	96	 9	61 	 2365 	 23.65	1656114024.4736748 
14	0	 4	 1	Col	210	 12	32 	 3104 	 31.04	1656114024.4736748 
14	0	 4	 28	Col	95	 3	29 	 797 	 7.97	1656114024.4736748 
14	0	 4	 4	Col	250	 3	223 	 991 	 9.91	1656114024.4736748 
14	0	 4	 6	Col	20	 1	63 	 319 	 3.19	1656114024.4736748 
14	0	 4	 1	Col	230	 12	87 	 3159 	 31.59	1656114024.4736748 
14	0	 4	 30	Col	96	 8	6 	 2054 	 20.54	1656114024.4736748 
14	0	 4	 34	Col	92	 5	170 	 1450 	 14.5	1656114024.4736748 
14	0	 4	 1	Col	249	 0	88 	 88 	 0.88	1656114024.4736748 
14	0	 4	 34	Row	210	 13	226 	 3554 	 35.54	1656114024.4736748 
14	0	 4	 4	Col	66	 7	191 	 1983 	 19.83	1656114024.4736748 
14	0	 4	 6	Col	156	 14	183 	 3767 	 37.67	1656114024.4736748 
14	0	 4	 1	Col	14	 14	50 	 3634 	 36.34	1656114024.4736748 
14	0	 4	 4	Col	130	 4	73 	 1097 	 10.97	1656114024.4736748 
14	0	 4	 6	Col	8	 14	149 	 3733 	 37.33	1656114024.4736748 
14	0	 4	 34	Row	193	 10	252 	 2812 	 28.12	1656114024.4736748 
14	0	 4	 1	Col	41	 6	164 	 1700 	 17.0	1656114024.4736748 
14	0	 4	 1	Col	41	 10	163 	 2723 	 27.23	1656114024.4736748 
14	0	 4	 4	Col	193	 8	166 	 2214 	 22.14	1656114024.4736748 
14	0	 4	 6	Col	128	 15	14 	 3854 	 38.54	1656114024.4736748 
14	0	 4	 1	Col	44	 13	74 	 3402 	 34.02	1656114024.4736748 
14	0	 4	 4	Col	23	 5	241 	 1521 	 15.21	1656114024.4736748 
14	0	 4	 1	Col	61	 14	12 	 3596 	 35.96	1656114024.4736748 
14	[0;31;40m1[0m	 [0;31;40m6[0m	 12	Row	4	 2	73 	 585 	 5.85	1656114024.4736748 
14	0	 [0;31;40m6[0m	 2	Col	4	 6	236 	 1772 	 17.72	1656114024.4736748 
14	[0;31;40m1[0m	 [0;31;40m6[0m	 56	Col	61	 13	61 	 3389 	 33.89	1656114024.4736748 
14	0	 4	 1	Col	73	 12	254 	 3326 	 33.26	1656114024.4736748 

15	0	 4	 4	Col	90	 13	61 	 3389 	 33.89	1656114025.2644467 
15	0	 4	 34	Row	160	 0	130 	 130 	 1.3	1656114025.2644467 
15	0	 4	 1	Col	155	 13	104 	 3432 	 34.32	1656114025.2644467 
15	0	 4	 1	Col	155	 6	168 	 1704 	 17.04	1656114025.2644467 
15	0	 4	 4	Col	109	 8	239 	 2287 	 22.87	1656114025.2644467 
15	0	 4	 6	Col	226	 13	19 	 3347 	 33.47	1656114025.2644467 
15	0	 4	 1	Col	161	 0	248 	 248 	 2.48	1656114025.2644467 
15	0	 4	 6	Col	226	 13	128 	 3456 	 34.56	1656114025.2644467 
15	0	 4	 4	Col	165	 5	153 	 1433 	 14.33	1656114025.2644467 
15	0	 4	 1	Col	196	 1	212 	 468 	 4.68	1656114025.2644467 
15	0	 4	 1	Col	230	 13	193 	 3521 	 35.21	1656114025.2644467 
15	0	 4	 6	Col	68	 12	63 	 3135 	 31.35	1656114025.2644467 
15	0	 4	 4	Col	231	 5	232 	 1512 	 15.12	1656114025.2644467 
15	0	 4	 1	Col	228	 12	114 	 3186 	 31.86	1656114025.2644467 
15	0	 4	 15	Row	15	 10	21 	 2581 	 25.81	1656114025.2644467 
15	0	 4	 24	Col	15	 10	46 	 2606 	 26.06	1656114025.2644467 
15	0	 4	 6	Col	163	 11	27 	 2843 	 28.43	1656114025.2644467 
15	0	 4	 1	Col	244	 15	38 	 3878 	 38.78	1656114025.2644467 
15	0	 4	 34	Row	160	 5	139 	 1419 	 14.19	1656114025.2644467 
15	0	 4	 4	Col	115	 11	40 	 2856 	 28.56	1656114025.2644467 
15	0	 4	 1	Col	17	 0	110 	 110 	 1.1	1656114025.2644467 
15	0	 4	 6	Col	6	 15	144 	 3984 	 39.84	1656114025.2644467 
15	0	 4	 4	Col	115	 0	191 	 191 	 1.91	1656114025.2644467 
15	0	 4	 1	Col	44	 14	63 	 3647 	 36.47	1656114025.2644467 
15	0	 4	 0	Row	220	 2	49 	 561 	 5.61	1656114025.2644467 
15	0	 4	 13	Col	220	 2	50 	 562 	 5.62	1656114025.2644467 
15	0	 4	 31	Col	224	 2	237 	 749 	 7.49	1656114025.2644467 
15	0	 4	 1	Col	57	 13	155 	 3483 	 34.83	1656114025.2644467 
15	0	 4	 6	Col	133	 1	57 	 313 	 3.13	1656114025.2644467 
15	0	 4	 34	Row	84	 6	174 	 1710 	 17.1	1656114025.2644467 
15	0	 4	 4	Col	10	 12	90 	 3162 	 31.62	1656114025.2644467 
15	0	 4	 1	Col	84	 14	150 	 3734 	 37.34	1656114025.2644467 
15	0	 4	 6	Col	10	 14	129 	 3713 	 37.13	1656114025.2644467 
15	0	 4	 4	Col	10	 1	11 	 267 	 2.67	1656114025.2644467 
15	0	 4	 34	Row	84	 9	204 	 2508 	 25.08	1656114025.2644467 
15	0	 4	 1	Col	109	 14	214 	 3798 	 37.98	1656114025.2644467 
15	0	 4	 1	Col	126	 0	175 	 175 	 1.75	1656114025.2644467 
15	0	 4	 6	Col	101	 11	221 	 3037 	 30.37	1656114025.2644467 
15	0	 4	 4	Col	72	 7	4 	 1796 	 17.96	1656114025.2644467 
15	0	 4	 19	Row	221	 7	128 	 1920 	 19.2	1656114025.2644467 
15	0	 4	 32	Col	221	 7	123 	 1915 	 19.15	1656114025.2644467 
15	0	 4	 1	Col	155	 1	161 	 417 	 4.17	1656114025.2644467 
15	0	 4	 6	Col	186	 11	17 	 2833 	 28.33	1656114025.2644467 
15	0	 4	 4	Col	130	 8	115 	 2163 	 21.63	1656114025.2644467 
15	0	 4	 34	Row	72	 13	202 	 3530 	 35.3	1656114025.2644467 
15	0	 4	 1	Col	7	 14	228 	 3812 	 38.12	1656114025.2644467 
15	0	 4	 1	Col	7	 5	20 	 1300 	 13.0	1656114025.2644467 
15	0	 [0;31;40m1[0m	 7	Row	5	 4	4 	 1028 	 10.28	1656114025.2644467 
15	[0;31;40m16[0m	 4	 3	Col	7	 7	61 	 1853 	 18.53	1656114025.2644467 

16	0	 4	 1	Col	33	 2	115 	 627 	 6.27	1656114026.0265412 
16	0	 4	 34	Row	217	 6	32 	 1568 	 15.68	1656114026.0265412 
16	0	 4	 1	Col	3	 14	114 	 3698 	 36.98	1656114026.0265412 
16	0	 4	 4	Col	74	 0	40 	 40 	 0.4	1656114026.0265412 
16	0	 4	 6	Col	208	 15	82 	 3922 	 39.22	1656114026.0265412 
16	0	 4	 1	Col	3	 1	153 	 409 	 4.09	1656114026.0265412 
16	0	 4	 4	Col	74	 8	89 	 2137 	 21.37	1656114026.0265412 
16	0	 4	 34	Row	51	 3	50 	 818 	 8.18	1656114026.0265412 
16	0	 4	 6	Col	208	 14	119 	 3703 	 37.03	1656114026.0265412 
16	0	 4	 1	Col	51	 1	171 	 427 	 4.27	1656114026.0265412 
16	0	 4	 4	Col	167	 7	76 	 1868 	 18.68	1656114026.0265412 
16	0	 4	 6	Col	96	 13	183 	 3511 	 35.11	1656114026.0265412 
16	0	 4	 1	Col	86	 2	52 	 564 	 5.64	1656114026.0265412 
16	0	 4	 1	Col	119	 0	201 	 201 	 2.01	1656114026.0265412 
16	0	 4	 4	Col	221	 6	170 	 1706 	 17.06	1656114026.0265412 
16	0	 4	 6	Col	206	 14	6 	 3590 	 35.9	1656114026.0265412 
16	0	 4	 1	Col	138	 1	38 	 294 	 2.94	1656114026.0265412 
16	0	 4	 4	Col	7	 2	87 	 599 	 5.99	1656114026.0265412 
16	0	 4	 1	Col	176	 1	178 	 434 	 4.34	1656114026.0265412 
16	0	 4	 6	Col	56	 10	196 	 2756 	 27.56	1656114026.0265412 
16	0	 4	 1	Col	204	 2	203 	 715 	 7.15	1656114026.0265412 
16	0	 4	 15	Row	137	 10	71 	 2631 	 26.31	1656114026.0265412 
16	0	 4	 4	Col	55	 12	92 	 3164 	 31.64	1656114026.0265412 
16	0	 4	 29	Col	137	 10	72 	 2632 	 26.32	1656114026.0265412 
16	0	 4	 6	Col	145	 1	197 	 453 	 4.53	1656114026.0265412 
16	0	 4	 1	Col	235	 13	127 	 3455 	 34.55	1656114026.0265412 
16	0	 4	 34	Col	135	 9	205 	 2509 	 25.09	1656114026.0265412 
16	0	 4	 4	Col	142	 11	50 	 2866 	 28.66	1656114026.0265412 
16	0	 4	 1	Col	8	 2	91 	 603 	 6.03	1656114026.0265412 
16	0	 4	 6	Col	5	 0	141 	 141 	 1.41	1656114026.0265412 
16	0	 4	 1	Col	45	 1	189 	 445 	 4.45	1656114026.0265412 
16	0	 4	 4	Col	237	 8	47 	 2095 	 20.95	1656114026.0265412 
16	0	 4	 6	Col	138	 0	37 	 37 	 0.37	1656114026.0265412 
16	0	 4	 1	Col	88	 3	220 	 988 	 9.88	1656114026.0265412 
16	0	 4	 4	Col	52	 11	57 	 2873 	 28.73	1656114026.0265412 
16	0	 4	 1	Col	124	 1	45 	 301 	 3.01	1656114026.0265412 
16	0	 4	 6	Col	7	 11	48 	 2864 	 28.64	1656114026.0265412 
16	0	 4	 1	Col	160	 3	122 	 890 	 8.9	1656114026.0265412 
16	0	 4	 4	Col	142	 11	67 	 2883 	 28.83	1656114026.0265412 
16	0	 4	 1	Col	190	 3	51 	 819 	 8.19	1656114026.0265412 
16	0	 4	 6	Col	81	 15	22 	 3862 	 38.62	1656114026.0265412 

17	0	 4	 1	Row	53	 2	154 	 666 	 6.66	1656114026.8146455 
17	0	 4	 13	Row	25	 1	156 	 412 	 4.12	1656114026.8146455 
17	0	 4	 34	Row	130	 5	52 	 1332 	 13.32	1656114026.8146455 
17	0	 4	 0	Col	25	 1	142 	 398 	 3.98	1656114026.8146455 
17	0	 4	 1	Col	139	 13	88 	 3416 	 34.16	1656114026.8146455 
17	0	 4	 4	Col	209	 6	72 	 1608 	 16.08	1656114026.8146455 
17	0	 4	 6	Col	26	 4	43 	 1067 	 10.67	1656114026.8146455 
17	0	 4	 4	Col	209	 15	176 	 4016 	 40.16	1656114026.8146455 
17	0	 4	 9	Col	53	 2	171 	 683 	 6.83	1656114026.8146455 
17	0	 4	 6	Col	26	 11	137 	 2953 	 29.53	1656114026.8146455 
17	0	 4	 32	Col	242	 6	101 	 1637 	 16.37	1656114026.8146455 
17	0	 4	 4	Col	51	 12	133 	 3205 	 32.05	1656114026.8146455 
17	0	 4	 6	Col	124	 14	136 	 3720 	 37.2	1656114026.8146455 
17	0	 4	 4	Col	138	 4	142 	 1166 	 11.66	1656114026.8146455 
17	0	 4	 27	Row	188	 3	195 	 963 	 9.63	1656114026.8146455 
17	0	 4	 19	Col	188	 3	172 	 940 	 9.4	1656114026.8146455 
17	0	 4	 6	Col	8	 13	59 	 3387 	 33.87	1656114026.8146455 
17	0	 4	 4	Col	202	 10	146 	 2706 	 27.06	1656114026.8146455 
17	0	 4	 6	Col	85	 13	99 	 3427 	 34.27	1656114026.8146455 
17	0	 4	 4	Col	25	 9	22 	 2326 	 23.26	1656114026.8146455 
17	0	 4	 6	Col	181	 11	202 	 3018 	 30.18	1656114026.8146455 
17	0	 4	 4	Col	98	 7	242 	 2034 	 20.34	1656114026.8146455 
17	0	 4	 6	Col	251	 14	76 	 3660 	 36.6	1656114026.8146455 
17	0	 4	 32	Col	241	 6	55 	 1591 	 15.91	1656114026.8146455 
17	0	 4	 4	Col	168	 9	43 	 2347 	 23.47	1656114026.8146455 
17	0	 4	 6	Col	102	 0	139 	 139 	 1.39	1656114026.8146455 
17	0	 4	 4	Col	246	 9	72 	 2376 	 23.76	1656114026.8146455 
17	0	 4	 6	Col	224	 0	52 	 52 	 0.52	1656114026.8146455 
17	0	 4	 4	Col	70	 9	203 	 2507 	 25.07	1656114026.8146455 
17	0	 4	 6	Col	65	 9	224 	 2528 	 25.28	1656114026.8146455 

18	0	 4	 9	Row	230	 4	179 	 1203 	 12.03	1656114027.5792086 
18	0	 4	 14	Row	37	 2	75 	 587 	 5.87	1656114027.5792086 
18	0	 4	 34	Row	63	 11	174 	 2990 	 29.9	1656114027.5792086 
18	0	 4	 1	Col	152	 5	97 	 1377 	 13.77	1656114027.5792086 
18	0	 4	 4	Col	182	 15	144 	 3984 	 39.84	1656114027.5792086 
18	0	 4	 4	Col	182	 15	92 	 3932 	 39.32	1656114027.5792086 
18	0	 4	 6	Col	240	 5	158 	 1438 	 14.38	1656114027.5792086 
18	0	 4	 23	Col	37	 2	55 	 567 	 5.67	1656114027.5792086 
18	0	 4	 28	Col	230	 4	183 	 1207 	 12.07	1656114027.5792086 
18	0	 4	 6	Col	240	 14	81 	 3665 	 36.65	1656114027.5792086 
18	0	 4	 32	Col	92	 9	164 	 2468 	 24.68	1656114027.5792086 
18	0	 4	 4	Col	244	 9	255 	 2559 	 25.59	1656114027.5792086 
18	0	 4	 6	Col	94	 14	88 	 3672 	 36.72	1656114027.5792086 
18	0	 4	 34	Row	218	 15	44 	 3884 	 38.84	1656114027.5792086 
18	0	 4	 4	Col	64	 9	209 	 2513 	 25.13	1656114027.5792086 
18	0	 4	 6	Col	218	 12	175 	 3247 	 32.47	1656114027.5792086 
18	0	 4	 34	Row	50	 8	18 	 2066 	 20.66	1656114027.5792086 
18	0	 4	 4	Col	158	 9	59 	 2363 	 23.63	1656114027.5792086 
18	0	 4	 6	Col	50	 13	223 	 3551 	 35.51	1656114027.5792086 
18	0	 4	 34	Row	50	 1	7 	 263 	 2.63	1656114027.5792086 
18	0	 4	 4	Col	225	 8	59 	 2107 	 21.07	1656114027.5792086 
18	0	 4	 6	Col	158	 15	105 	 3945 	 39.45	1656114027.5792086 
18	0	 4	 34	Row	158	 4	177 	 1201 	 12.01	1656114027.5792086 
18	0	 4	 4	Col	47	 7	92 	 1884 	 18.84	1656114027.5792086 
18	0	 4	 6	Col	20	 13	198 	 3526 	 35.26	1656114027.5792086 
18	0	 4	 6	Row	91	 7	95 	 1887 	 18.87	1656114027.5792086 
18	0	 4	 34	Row	21	 1	136 	 392 	 3.92	1656114027.5792086 
18	0	 4	 4	Col	98	 9	91 	 2395 	 23.95	1656114027.5792086 
18	0	 4	 18	Col	91	 7	86 	 1878 	 18.78	1656114027.5792086 
18	0	 4	 6	Col	142	 1	138 	 394 	 3.94	1656114027.5792086 
18	0	 4	 34	Row	142	 5	140 	 1420 	 14.2	1656114027.5792086 
18	0	 4	 4	Col	172	 12	67 	 3139 	 31.39	1656114027.5792086 
18	0	 4	 6	Col	10	 2	180 	 692 	 6.92	1656114027.5792086 
18	0	 4	 7	Row	94	 0	196 	 196 	 1.96	1656114027.5792086 
18	0	 4	 14	Row	91	 8	189 	 2237 	 22.37	1656114027.5792086 
18	0	 4	 34	Row	107	 6	61 	 1597 	 15.97	1656114027.5792086 

19	0	 [0;31;40m2[0m	 43	Row	11	 3	4 	 772 	 7.72	1656114028.3611987 
19	[0;31;40m4[0m	 [0;31;40m1[0m	 32	Row	3	 2	4 	 516 	 5.16	1656114028.3611987 
19	[0;31;40m4[0m	 [0;31;40m2[0m	 7	Row	13	 0	4 	 4 	 0.04	1656114028.3611987 
19	[0;31;40m16[0m	 [0;31;40m6[0m	 20	Col	5	 8	4 	 2052 	 20.52	1656114028.3611987 
19	[0;31;40m18[0m	 [0;31;40m5[0m	 32	Row	3	 4	4 	 1028 	 10.28	1656114028.3611987 
19	[0;31;40m19[0m	 [0;31;40m0[0m	 27	Row	8	 14	4 	 3588 	 35.88	1656114028.3611987 
19	[0;31;40m16[0m	 4	 40	Col	10	 2	4 	 516 	 5.16	1656114028.3611987 
19	[0;31;40m19[0m	 [0;31;40m6[0m	 43	Row	3	 12	4 	 3076 	 30.76	1656114028.3611987 
19	[0;31;40m20[0m	 [0;31;40m0[0m	 29	Row	12	 1	4 	 260 	 2.6	1656114028.3611987 
19	[0;31;40m16[0m	 [0;31;40m6[0m	 46	Col	11	 0	61 	 61 	 0.61	1656114028.3611987 
19	0	 4	 4	Col	31	 6	21 	 1557 	 15.57	1656114028.3611987 
19	0	 4	 6	Col	80	 10	247 	 2807 	 28.07	1656114028.3611987 
19	0	 4	 4	Col	100	 6	43 	 1579 	 15.79	1656114028.3611987 
19	0	 4	 6	Col	173	 13	9 	 3337 	 33.37	1656114028.3611987 
19	0	 4	 4	Col	169	 5	171 	 1451 	 14.51	1656114028.3611987 
19	0	 4	 6	Col	27	 12	136 	 3208 	 32.08	1656114028.3611987 
19	0	 4	 34	Row	125	 11	0 	 2816 	 28.16	1656114028.3611987 
19	0	 4	 4	Col	241	 5	200 	 1480 	 14.8	1656114028.3611987 
19	0	 4	 6	Col	125	 5	106 	 1386 	 13.86	1656114028.3611987 
19	0	 4	 34	Row	193	 11	120 	 2936 	 29.36	1656114028.3611987 
19	0	 4	 4	Col	54	 5	192 	 1472 	 14.72	1656114028.3611987 
19	0	 4	 6	Col	193	 12	150 	 3222 	 32.22	1656114028.3611987 
19	0	 4	 34	Row	193	 1	36 	 292 	 2.92	1656114028.3611987 
19	0	 4	 4	Col	113	 4	42 	 1066 	 10.66	1656114028.3611987 
19	0	 4	 9	Row	46	 8	104 	 2152 	 21.52	1656114028.3611987 
19	0	 4	 28	Col	46	 8	109 	 2157 	 21.57	1656114028.3611987 
19	0	 4	 6	Col	36	 11	196 	 3012 	 30.12	1656114028.3611987 
19	0	 4	 34	Row	36	 11	191 	 3007 	 30.07	1656114028.3611987 
19	0	 4	 4	Col	162	 4	71 	 1095 	 10.95	1656114028.3611987 
19	0	 4	 6	Col	159	 13	34 	 3362 	 33.62	1656114028.3611987 
19	0	 4	 34	Row	160	 9	15 	 2319 	 23.19	1656114028.3611987 
19	0	 4	 4	Col	217	 7	3 	 1795 	 17.95	1656114028.3611987 

20	0	 4	 34	Row	0	 3	248 	 1016 	 10.16	1656114029.1480074 
20	0	 4	 1	Col	253	 6	71 	 1607 	 16.07	1656114029.1480074 
20	0	 4	 4	Col	49	 3	248 	 1016 	 10.16	1656114029.1480074 
20	0	 4	 6	Col	42	 14	104 	 3688 	 36.88	1656114029.1480074 
20	0	 4	 6	Col	42	 5	86 	 1366 	 13.66	1656114029.1480074 
20	0	 4	 4	Col	117	 9	181 	 2485 	 24.85	1656114029.1480074 
20	0	 4	 27	Row	202	 3	52 	 820 	 8.2	1656114029.1480074 
20	0	 4	 19	Col	202	 3	35 	 803 	 8.03	1656114029.1480074 
20	0	 4	 6	Col	166	 14	173 	 3757 	 37.57	1656114029.1480074 
20	0	 4	 4	Col	187	 5	150 	 1430 	 14.3	1656114029.1480074 
20	0	 4	 34	Col	46	 7	171 	 1963 	 19.63	1656114029.1480074 
20	0	 4	 6	Col	27	 13	88 	 3416 	 34.16	1656114029.1480074 
20	0	 4	 4	Col	251	 9	91 	 2395 	 23.95	1656114029.1480074 
20	0	 4	 6	Col	113	 11	147 	 2963 	 29.63	1656114029.1480074 
20	0	 4	 34	Row	205	 15	40 	 3880 	 38.8	1656114029.1480074 
20	0	 4	 4	Col	55	 6	54 	 1590 	 15.9	1656114029.1480074 
20	0	 4	 13	Row	252	 3	237 	 1005 	 10.05	1656114029.1480074 
20	0	 4	 19	Row	251	 4	4 	 1028 	 10.28	1656114029.1480074 
20	0	 4	 26	Row	252	 13	212 	 3540 	 35.4	1656114029.1480074 
20	0	 4	 25	Col	252	 3	231 	 999 	 9.99	1656114029.1480074 
20	0	 4	 6	Col	205	 11	222 	 3038 	 30.38	1656114029.1480074 
20	0	 [0;31;40m6[0m	 13	Col	11	 14	4 	 3588 	 35.88	1656114029.1480074 
20	[0;31;40m4[0m	 [0;31;40m2[0m	 60	Row	5	 12	4 	 3076 	 30.76	1656114029.1480074 
20	[0;31;40m16[0m	 4	 53	Col	5	 6	4 	 1540 	 15.4	1656114029.1480074 
20	[0;31;40m19[0m	 [0;31;40m7[0m	 59	Col	13	 15	61 	 3901 	 39.01	1656114029.1480074 
20	0	 4	 6	Row	60	 14	188 	 3772 	 37.72	1656114029.1480074 
20	0	 4	 34	Row	60	 5	127 	 1407 	 14.07	1656114029.1480074 
20	0	 4	 4	Col	181	 12	2 	 3074 	 30.74	1656114029.1480074 
20	0	 4	 6	Col	1	 13	5 	 3333 	 33.33	1656114029.1480074 
20	0	 4	 34	Row	153	 7	144 	 1936 	 19.36	1656114029.1480074 
20	0	 4	 4	Col	2	 6	216 	 1752 	 17.52	1656114029.1480074 
20	0	 4	 6	Col	21	 0	48 	 48 	 0.48	1656114029.1480074 
20	0	 4	 34	Row	21	 3	58 	 826 	 8.26	1656114029.1480074 
20	0	 4	 4	Col	70	 3	254 	 1022 	 10.22	1656114029.1480074 
20	0	 4	 6	Col	152	 15	216 	 4056 	 40.56	1656114029.1480074 
20	0	 4	 34	Row	139	 10	176 	 2736 	 27.36	1656114029.1480074 
20	0	 4	 4	Col	139	 10	167 	 2727 	 27.27	1656114029.1480074 

21	0	 4	 34	Row	100	 6	192 	 1728 	 17.28	1656114029.913366 
21	0	 4	 4	Col	99	 14	192 	 3776 	 37.76	1656114029.913366 
21	0	 4	 6	Col	153	 9	101 	 2405 	 24.05	1656114029.913366 
21	0	 4	 6	Col	153	 14	156 	 3740 	 37.4	1656114029.913366 
21	0	 4	 34	Row	100	 11	249 	 3065 	 30.65	1656114029.913366 
21	0	 [0;31;40m2[0m	 36	Row	11	 1	4 	 260 	 2.6	1656114029.913366 
21	0	 [0;31;40m5[0m	 9	Col	4	 2	4 	 516 	 5.16	1656114029.913366 
21	[0;31;40m16[0m	 [0;31;40m2[0m	 1	Row	4	 7	61 	 1853 	 18.53	1656114029.913366 
21	0	 4	 6	Col	20	 14	215 	 3799 	 37.99	1656114029.913366 
21	0	 4	 34	Row	1	 15	6 	 3846 	 38.46	1656114029.913366 
21	0	 4	 4	Col	209	 15	67 	 3907 	 39.07	1656114029.913366 
21	0	 4	 2	Row	41	 11	7 	 2823 	 28.23	1656114029.913366 
21	0	 4	 4	Col	41	 11	142 	 2958 	 29.58	1656114029.913366 
21	0	 4	 6	Col	4	 12	177 	 3249 	 32.49	1656114029.913366 
21	[0;31;40m7[0m	 [0;31;40m5[0m	 61	Row	61	 13	61 	 3389 	 33.89	1656114029.913366 
21	[0;31;40m7[0m	 [0;31;40m5[0m	 61	Row	61	 13	61 	 3389 	 33.89	1656114029.913366 
21	[0;31;40m7[0m	 [0;31;40m5[0m	 61	Row	61	 13	61 	 3389 	 33.89	1656114029.913366 
21	[0;31;40m7[0m	 [0;31;40m5[0m	 61	Row	61	 6	132 	 1668 	 16.68	1656114029.913366 
21	0	 4	 49	Col	4	 2	114 	 626 	 6.26	1656114029.913366 
21	0	 [0;31;40m2[0m	 32	Row	4	 6	238 	 1774 	 17.74	1656114029.913366 
21	[0;31;40m1[0m	 [0;31;40m3[0m	 38	Row	61	 13	61 	 3389 	 33.89	1656114029.913366 
21	0	 4	 4	Col	188	 1	252 	 508 	 5.08	1656114029.913366 
21	0	 4	 34	Row	188	 3	33 	 801 	 8.01	1656114029.913366 
21	0	 4	 6	Col	67	 8	219 	 2267 	 22.67	1656114029.913366 
21	0	 4	 34	Row	15	 1	180 	 436 	 4.36	1656114029.913366 
21	0	 4	 4	Col	15	 15	118 	 3958 	 39.58	1656114029.913366 
21	0	 4	 6	Col	131	 13	82 	 3410 	 34.1	1656114029.913366 
21	0	 4	 4	Col	113	 13	75 	 3403 	 34.03	1656114029.913366 
21	0	 4	 34	Row	113	 5	85 	 1365 	 13.65	1656114029.913366 
21	0	 4	 6	Col	238	 14	52 	 3636 	 36.36	1656114029.913366 
21	0	 4	 4	Col	210	 12	138 	 3210 	 32.1	1656114029.913366 
21	0	 4	 34	Row	210	 7	181 	 1973 	 19.73	1656114029.913366 
21	0	 4	 6	Col	87	 13	217 	 3545 	 35.45	1656114029.913366 
21	0	 4	 4	Col	62	 11	174 	 2990 	 29.9	1656114029.913366 
21	0	 4	 34	Row	62	 11	11 	 2827 	 28.27	1656114029.913366 
21	0	 4	 6	Col	208	 13	124 	 3452 	 34.52	1656114029.913366 

22	0	 [0;31;40m5[0m	 4	Row	1	 15	6 	 3846 	 38.46	1656114030.673393 
22	[0;31;40m18[0m	 [0;31;40m6[0m	 4	Row	13	 3	4 	 772 	 7.72	1656114030.673393 
22	[0;31;40m2[0m	 [0;31;40m6[0m	 4	Row	34	 3	13 	 781 	 7.81	1656114030.673393 
22	[0;31;40m21[0m	 [0;31;40m3[0m	 4	Row	132	 2	7 	 519 	 5.19	1656114030.673393 
22	[0;31;40m9[0m	 [0;31;40m0[0m	 4	Row	134	 3	2 	 770 	 7.7	1656114030.673393 
22	[0;31;40m24[0m	 [0;31;40m1[0m	 4	Row	34	 3	8 	 776 	 7.76	1656114030.673393 
22	[0;31;40m21[0m	 4	 4	Row	132	 9	14 	 2318 	 23.18	1656114030.673393 
22	[0;31;40m7[0m	 [0;31;40m0[0m	 4	Row	137	 14	6 	 3590 	 35.9	1656114030.673393 
22	[0;31;40m21[0m	 [0;31;40m1[0m	 4	Row	139	 3	4 	 772 	 7.72	1656114030.673393 
22	[0;31;40m2[0m	 [0;31;40m2[0m	 61	Row	61	 13	61 	 3389 	 33.89	1656114030.673393 
22	0	 4	 6	Col	132	 12	221 	 3293 	 32.93	1656114030.673393 
22	0	 4	 34	Row	121	 9	181 	 2485 	 24.85	1656114030.673393 
22	0	 4	 4	Col	121	 3	223 	 991 	 9.91	1656114030.673393 
22	0	 4	 6	Col	226	 11	234 	 3050 	 30.5	1656114030.673393 
22	0	 4	 34	Row	193	 7	41 	 1833 	 18.33	1656114030.673393 
22	0	 4	 4	Col	193	 7	34 	 1826 	 18.26	1656114030.673393 
22	0	 4	 6	Col	74	 15	127 	 3967 	 39.67	1656114030.673393 
22	0	 4	 34	Row	17	 10	101 	 2661 	 26.61	1656114030.673393 
22	0	 4	 4	Col	17	 10	96 	 2656 	 26.56	1656114030.673393 
22	0	 4	 17	Row	10	 0	4 	 4 	 0.04	1656114030.673393 
22	0	 [0;31;40m2[0m	 46	Row	13	 5	4 	 1284 	 12.84	1656114030.673393 
22	[0;31;40m16[0m	 [0;31;40m6[0m	 61	Col	5	 4	61 	 1085 	 10.85	1656114030.673393 
22	0	 4	 4	Col	195	 8	95 	 2143 	 21.43	1656114030.673393 
22	0	 4	 34	Row	195	 10	0 	 2560 	 25.6	1656114030.673393 
22	0	 4	 6	Col	81	 13	218 	 3546 	 35.46	1656114030.673393 
22	0	 4	 4	Col	11	 9	239 	 2543 	 25.43	1656114030.673393 
22	0	 4	 34	Row	11	 0	210 	 210 	 2.1	1656114030.673393 
22	0	 4	 6	Col	182	 11	69 	 2885 	 28.85	1656114030.673393 
22	0	 4	 4	Col	103	 6	85 	 1621 	 16.21	1656114030.673393 
22	0	 4	 34	Row	103	 5	124 	 1404 	 14.04	1656114030.673393 
22	0	 4	 6	Col	27	 13	127 	 3455 	 34.55	1656114030.673393 
22	0	 4	 4	Col	145	 5	1 	 1281 	 12.81	1656114030.673393 
22	0	 4	 34	Row	195	 15	60 	 3900 	 39.0	1656114030.673393 
22	0	 4	 6	Col	129	 15	26 	 3866 	 38.66	1656114030.673393 
22	0	 4	 4	Col	195	 6	102 	 1638 	 16.38	1656114030.673393 

23	0	 4	 6	Col	61	 13	4 	 3332 	 33.32	1656114031.4412935 
23	0	 4	 34	Row	28	 1	182 	 438 	 4.38	1656114031.4412935 
23	0	 4	 4	Col	131	 13	8 	 3336 	 33.36	1656114031.4412935 
23	0	 4	 6	Col	228	 0	167 	 167 	 1.67	1656114031.4412935 
23	0	 4	 27	Row	232	 4	39 	 1063 	 10.63	1656114031.4412935 
23	0	 4	 0	Col	232	 4	40 	 1064 	 10.64	1656114031.4412935 
23	0	 4	 4	Col	131	 10	42 	 2602 	 26.02	1656114031.4412935 
23	0	 4	 6	Col	52	 8	4 	 2052 	 20.52	1656114031.4412935 
23	0	 4	 4	Col	232	 10	14 	 2574 	 25.74	1656114031.4412935 
23	0	 4	 6	Col	140	 11	94 	 2910 	 29.1	1656114031.4412935 
23	0	 4	 4	Col	55	 7	220 	 2012 	 20.12	1656114031.4412935 
23	0	 4	 6	Col	247	 6	127 	 1663 	 16.63	1656114031.4412935 
23	0	 4	 4	Col	118	 12	171 	 3243 	 32.43	1656114031.4412935 
23	0	 4	 6	Row	32	 7	41 	 1833 	 18.33	1656114031.4412935 
23	0	 4	 23	Col	27	 2	77 	 589 	 5.89	1656114031.4412935 
23	0	 4	 30	Col	32	 7	16 	 1808 	 18.08	1656114031.4412935 
23	0	 4	 6	Col	61	 14	59 	 3643 	 36.43	1656114031.4412935 
23	[0;31;40m1[0m	 [0;31;40m6[0m	 59	Row	61	 13	61 	 3389 	 33.89	1656114031.4412935 
23	0	 4	 4	Col	201	 9	92 	 2396 	 23.96	1656114031.4412935 
23	0	 4	 6	Col	171	 10	54 	 2614 	 26.14	1656114031.4412935 
23	0	 4	 14	Row	29	 4	212 	 1236 	 12.36	1656114031.4412935 
23	0	 4	 23	Col	29	 4	194 	 1218 	 12.18	1656114031.4412935 
23	0	 4	 4	Col	32	 11	215 	 3031 	 30.31	1656114031.4412935 
23	0	 4	 6	Col	19	 11	7 	 2823 	 28.23	1656114031.4412935 
23	0	 4	 4	Col	121	 8	135 	 2183 	 21.83	1656114031.4412935 
23	0	 4	 6	Col	113	 13	76 	 3404 	 34.04	1656114031.4412935 
23	0	 4	 31	Col	181	 4	33 	 1057 	 10.57	1656114031.4412935 
23	0	 4	 4	Col	182	 7	157 	 1949 	 19.49	1656114031.4412935 
23	0	 4	 6	Col	222	 12	230 	 3302 	 33.02	1656114031.4412935 
23	0	 4	 4	Col	252	 7	183 	 1975 	 19.75	1656114031.4412935 
23	0	 4	 6	Col	88	 3	26 	 794 	 7.94	1656114031.4412935 

24	0	 4	 34	Row	28	 3	35 	 803 	 8.03	1656114032.1970596 
24	0	 4	 61	Row	61	 4	14 	 1038 	 10.38	1656114032.1970596 
24	0	 4	 14	Row	152	 5	253 	 1533 	 15.33	1656114032.1970596 
24	0	 4	 23	Row	52	 1	204 	 460 	 4.6	1656114032.1970596 
24	0	 4	 34	Row	37	 12	38 	 3110 	 31.1	1656114032.1970596 
24	0	 4	 4	Col	164	 7	168 	 1960 	 19.6	1656114032.1970596 
24	0	 4	 6	Col	36	 9	217 	 2521 	 25.21	1656114032.1970596 
24	0	 4	 23	Col	152	 5	236 	 1516 	 15.16	1656114032.1970596 
24	0	 [0;31;40m7[0m	 24	Col	5	 12	4 	 3076 	 30.76	1656114032.1970596 
24	[0;31;40m16[0m	 [0;31;40m6[0m	 36	Row	5	 0	4 	 4 	 0.04	1656114032.1970596 
24	[0;31;40m4[0m	 [0;31;40m2[0m	 37	Row	9	 4	4 	 1028 	 10.28	1656114032.1970596 
24	[0;31;40m16[0m	 4	 36	Col	12	 6	61 	 1597 	 15.97	1656114032.1970596 
24	0	 4	 6	Col	107	 11	78 	 2894 	 28.94	1656114032.1970596 
24	0	 4	 34	Row	107	 2	189 	 701 	 7.01	1656114032.1970596 
24	0	 4	 4	Col	197	 6	138 	 1674 	 16.74	1656114032.1970596 
24	0	 4	 6	Col	203	 9	125 	 2429 	 24.29	1656114032.1970596 
24	0	 4	 34	Row	203	 13	88 	 3416 	 34.16	1656114032.1970596 
24	0	 4	 4	Col	13	 8	177 	 2225 	 22.25	1656114032.1970596 
24	0	 4	 6	Col	39	 10	71 	 2631 	 26.31	1656114032.1970596 
24	0	 4	 34	Row	39	 1	126 	 382 	 3.82	1656114032.1970596 
24	0	 4	 4	Col	62	 10	71 	 2631 	 26.31	1656114032.1970596 
24	0	 4	 6	Col	122	 8	166 	 2214 	 22.14	1656114032.1970596 
24	0	 4	 34	Row	123	 14	157 	 3741 	 37.41	1656114032.1970596 
24	0	 4	 4	Col	150	 5	196 	 1476 	 14.76	1656114032.1970596 
24	0	 4	 6	Col	207	 9	199 	 2503 	 25.03	1656114032.1970596 
24	0	 4	 34	Row	206	 7	238 	 2030 	 20.3	1656114032.1970596 
24	0	 4	 4	Col	206	 7	213 	 2005 	 20.05	1656114032.1970596 
24	0	 4	 6	Col	48	 10	72 	 2632 	 26.32	1656114032.1970596 
24	0	 4	 34	Row	22	 6	86 	 1622 	 16.22	1656114032.1970596 
24	0	 4	 4	Col	22	 6	74 	 1610 	 16.1	1656114032.1970596 
24	0	 4	 6	Col	118	 10	98 	 2658 	 26.58	1656114032.1970596 
24	0	 4	 26	Row	175	 9	35 	 2339 	 23.39	1656114032.1970596 
24	0	 4	 34	Row	92	 14	140 	 3724 	 37.24	1656114032.1970596 
24	0	 4	 4	Col	177	 4	204 	 1228 	 12.28	1656114032.1970596 
24	0	 4	 31	Col	174	 4	225 	 1249 	 12.49	1656114032.1970596 
24	0	 4	 6	Col	221	 13	131 	 3459 	 34.59	1656114032.1970596 
24	0	 4	 34	Row	177	 8	73 	 2121 	 21.21	1656114032.1970596 
24	0	 4	 4	Col	177	 12	166 	 3238 	 32.38	1656114032.1970596 

