Col	Row	Count	Time
21	0	0	beam_20220609-214753
21	1	500	beam_20220609-214757
21	2	0	beam_20220609-214856
21	3	0	beam_20220609-214900
21	4	0	beam_20220609-214904
21	5	500	beam_20220609-214908
21	6	0	beam_20220609-215007
21	7	0	beam_20220609-215011
21	8	500	beam_20220609-215015
21	9	500	beam_20220609-215114
21	10	500	beam_20220609-215213
21	11	500	beam_20220609-215312
21	12	500	beam_20220609-215410
21	13	500	beam_20220609-215509
21	14	500	beam_20220609-215608
21	15	0	beam_20220609-215707
21	16	0	beam_20220609-215711
21	17	0	beam_20220609-215715
21	18	0	beam_20220609-215719
21	19	0	beam_20220609-215723
21	20	500	beam_20220609-215727
21	21	0	beam_20220609-215826
21	22	500	beam_20220609-215830
21	23	0	beam_20220609-215929
21	25	0	beam_20220609-215933
21	26	500	beam_20220609-215937
21	27	500	beam_20220609-220036
21	28	500	beam_20220609-220135
21	29	500	beam_20220609-220233
21	30	500	beam_20220609-220332
21	31	500	beam_20220609-220431
21	32	500	beam_20220609-220530
21	33	500	beam_20220609-220629
21	34	500	beam_20220609-220727
