Col	Row	Count	Time
32	0	0	beam_20220610-004810
32	1	0	beam_20220610-004814
32	2	0	beam_20220610-004818
32	3	500	beam_20220610-004822
32	4	500	beam_20220610-004920
32	5	0	beam_20220610-005019
32	6	0	beam_20220610-005023
32	7	500	beam_20220610-005027
32	8	500	beam_20220610-005125
32	9	500	beam_20220610-005223
32	10	0	beam_20220610-005321
32	11	0	beam_20220610-005325
32	12	500	beam_20220610-005329
32	13	0	beam_20220610-005427
32	14	500	beam_20220610-005431
32	15	0	beam_20220610-005529
32	16	500	beam_20220610-005533
32	17	0	beam_20220610-005631
32	18	0	beam_20220610-005635
32	19	0	beam_20220610-005639
32	20	0	beam_20220610-005644
32	21	500	beam_20220610-005648
32	22	500	beam_20220610-005746
32	23	0	beam_20220610-005845
32	24	0	beam_20220610-005849
32	25	500	beam_20220610-005853
32	26	0	beam_20220610-005951
32	27	500	beam_20220610-005955
32	28	0	beam_20220610-010053
32	29	0	beam_20220610-010057
32	30	0	beam_20220610-010101
32	31	0	beam_20220610-010105
32	32	500	beam_20220610-010109
32	33	0	beam_20220610-010207
32	34	0	beam_20220610-010211
