Col	Row	Count	Time
15	0	0	beam_20220601-181811
15	1	0	beam_20220601-181815
15	2	0	beam_20220601-181819
15	3	0	beam_20220601-181824
15	4	0	beam_20220601-181828
15	5	0	beam_20220601-181832
15	6	0	beam_20220601-181836
15	7	0	beam_20220601-181840
15	8	0	beam_20220601-181844
15	9	0	beam_20220601-181848
15	10	0	beam_20220601-181852
15	11	0	beam_20220601-181857
15	12	0	beam_20220601-181901
15	13	0	beam_20220601-181905
15	14	0	beam_20220601-181909
15	15	0	beam_20220601-181913
15	16	0	beam_20220601-181917
15	17	0	beam_20220601-181921
15	18	0	beam_20220601-181925
15	19	0	beam_20220601-181930
15	22	0	beam_20220601-181934
15	23	0	beam_20220601-181938
15	24	0	beam_20220601-181942
15	25	0	beam_20220601-181946
15	26	0	beam_20220601-181950
15	27	0	beam_20220601-181954
15	28	0	beam_20220601-181959
15	29	0	beam_20220601-182003
15	30	0	beam_20220601-182007
15	31	0	beam_20220601-182011
15	32	0	beam_20220601-182015
15	33	0	beam_20220601-182019
15	34	0	beam_20220601-182023
