Col	Row	Count	Time
21	0	0	beam_20220601-183743
21	1	0	beam_20220601-183747
21	2	0	beam_20220601-183751
21	3	0	beam_20220601-183755
21	4	0	beam_20220601-183759
21	5	0	beam_20220601-183803
21	6	0	beam_20220601-183807
21	7	0	beam_20220601-183811
21	8	0	beam_20220601-183816
21	9	0	beam_20220601-183820
21	10	0	beam_20220601-183824
21	11	0	beam_20220601-183828
21	12	0	beam_20220601-183832
21	13	0	beam_20220601-183836
21	14	0	beam_20220601-183840
21	15	0	beam_20220601-183845
21	16	0	beam_20220601-183849
21	17	0	beam_20220601-183853
21	18	0	beam_20220601-183857
21	19	0	beam_20220601-183901
21	20	0	beam_20220601-183905
21	21	0	beam_20220601-183909
21	22	0	beam_20220601-183913
21	23	0	beam_20220601-183918
21	24	0	beam_20220601-183922
21	25	0	beam_20220601-183926
21	26	0	beam_20220601-183930
21	27	0	beam_20220601-183934
21	28	0	beam_20220601-183938
21	29	0	beam_20220601-183942
21	30	0	beam_20220601-183946
21	31	0	beam_20220601-183951
21	32	0	beam_20220601-183955
21	33	0	beam_20220601-183959
21	34	0	beam_20220601-184003
