Col	Row	Count	Time
26	0	0	beam_20220601-185319
26	1	0	beam_20220601-185323
26	2	0	beam_20220601-185327
26	3	0	beam_20220601-185331
26	4	0	beam_20220601-185335
26	5	0	beam_20220601-185339
26	8	0	beam_20220601-185344
26	9	0	beam_20220601-185348
26	10	0	beam_20220601-185352
26	11	0	beam_20220601-185356
26	12	0	beam_20220601-185400
26	13	0	beam_20220601-185404
26	14	0	beam_20220601-185408
26	15	0	beam_20220601-185413
26	16	0	beam_20220601-185417
26	17	0	beam_20220601-185421
26	18	0	beam_20220601-185425
26	19	0	beam_20220601-185429
26	20	0	beam_20220601-185433
26	21	0	beam_20220601-185437
26	22	0	beam_20220601-185441
26	23	0	beam_20220601-185446
26	24	0	beam_20220601-185450
26	25	0	beam_20220601-185454
26	26	0	beam_20220601-185458
26	27	0	beam_20220601-185502
26	28	0	beam_20220601-185506
26	29	0	beam_20220601-185510
26	30	0	beam_20220601-185514
26	31	0	beam_20220601-185519
26	32	0	beam_20220601-185523
26	33	0	beam_20220601-185527
26	34	0	beam_20220601-185531
