Col	Row	Count	Time
18	0	0	beam_20220601-182850
18	1	0	beam_20220601-182855
18	2	0	beam_20220601-182859
18	3	0	beam_20220601-182903
18	4	0	beam_20220601-182907
18	5	0	beam_20220601-182911
18	6	0	beam_20220601-182915
18	7	0	beam_20220601-182919
18	8	0	beam_20220601-182924
18	9	0	beam_20220601-182928
18	10	0	beam_20220601-182932
18	11	0	beam_20220601-182936
18	12	0	beam_20220601-182940
18	13	0	beam_20220601-182944
18	14	0	beam_20220601-182948
18	15	0	beam_20220601-182952
18	16	0	beam_20220601-182956
18	17	0	beam_20220601-183001
18	18	0	beam_20220601-183005
18	19	0	beam_20220601-183009
18	20	0	beam_20220601-183013
18	21	0	beam_20220601-183017
18	22	0	beam_20220601-183021
18	23	0	beam_20220601-183025
18	24	0	beam_20220601-183029
18	25	0	beam_20220601-183034
18	26	0	beam_20220601-183038
18	27	0	beam_20220601-183042
18	28	0	beam_20220601-183046
18	29	0	beam_20220601-183050
18	30	0	beam_20220601-183054
18	31	0	beam_20220601-183058
18	32	0	beam_20220601-183102
18	33	0	beam_20220601-183106
18	34	0	beam_20220601-183111
