Col	Row	Count	Time
22	0	0	beam_20220601-184007
22	1	0	beam_20220601-184011
22	2	0	beam_20220601-184015
22	3	0	beam_20220601-184019
22	4	0	beam_20220601-184024
22	5	0	beam_20220601-184028
22	6	0	beam_20220601-184032
22	7	0	beam_20220601-184036
22	8	0	beam_20220601-184040
22	9	0	beam_20220601-184044
22	10	0	beam_20220601-184048
22	11	0	beam_20220601-184052
22	12	0	beam_20220601-184057
22	13	0	beam_20220601-184101
22	14	0	beam_20220601-184105
22	15	0	beam_20220601-184109
22	16	0	beam_20220601-184113
22	17	0	beam_20220601-184117
22	18	0	beam_20220601-184121
22	19	0	beam_20220601-184125
22	20	0	beam_20220601-184130
22	21	0	beam_20220601-184134
22	22	0	beam_20220601-184138
22	23	0	beam_20220601-184142
22	24	0	beam_20220601-184146
22	25	0	beam_20220601-184150
22	26	0	beam_20220601-184154
22	27	0	beam_20220601-184159
22	28	0	beam_20220601-184203
22	29	0	beam_20220601-184207
22	30	0	beam_20220601-184211
22	31	0	beam_20220601-184215
22	32	0	beam_20220601-184219
22	33	0	beam_20220601-184223
22	34	0	beam_20220601-184227
