Col	Row	Count	Time
8	0	0	beam_20220601-175811
8	1	0	beam_20220601-175815
8	2	0	beam_20220601-175819
8	3	0	beam_20220601-175823
8	4	0	beam_20220601-175827
8	5	0	beam_20220601-175831
8	6	0	beam_20220601-175835
8	7	0	beam_20220601-175840
8	8	0	beam_20220601-175844
8	9	0	beam_20220601-175848
8	10	0	beam_20220601-175852
8	11	0	beam_20220601-175856
8	12	0	beam_20220601-175900
8	13	0	beam_20220601-175904
8	14	0	beam_20220601-175908
8	15	0	beam_20220601-175913
8	16	0	beam_20220601-175917
8	17	0	beam_20220601-175921
8	18	0	beam_20220601-175925
8	19	0	beam_20220601-175929
8	20	0	beam_20220601-175933
8	21	0	beam_20220601-175937
8	22	0	beam_20220601-175941
8	23	0	beam_20220601-175946
8	24	0	beam_20220601-175950
8	25	0	beam_20220601-175954
8	26	0	beam_20220601-175958
8	27	0	beam_20220601-180002
8	28	0	beam_20220601-180006
8	29	0	beam_20220601-180010
8	30	0	beam_20220601-180014
8	31	0	beam_20220601-180018
8	32	0	beam_20220601-180023
8	33	0	beam_20220601-180027
8	34	0	beam_20220601-180031
