Col	Row	Count	Time
11	0	0	beam_20220601-180516
11	1	0	beam_20220601-180520
11	2	0	beam_20220601-180524
11	3	0	beam_20220601-180528
11	4	0	beam_20220601-180532
11	5	0	beam_20220601-180536
11	6	0	beam_20220601-180540
11	7	0	beam_20220601-180544
11	8	0	beam_20220601-180549
11	9	0	beam_20220601-180553
11	10	0	beam_20220601-180557
11	11	0	beam_20220601-180601
11	12	0	beam_20220601-180605
11	13	0	beam_20220601-180609
11	14	0	beam_20220601-180613
11	15	0	beam_20220601-180617
11	16	0	beam_20220601-180622
11	17	0	beam_20220601-180626
11	18	0	beam_20220601-180630
11	19	0	beam_20220601-180634
11	20	0	beam_20220601-180638
11	21	0	beam_20220601-180642
11	22	0	beam_20220601-180646
11	23	0	beam_20220601-180650
11	24	0	beam_20220601-180655
11	25	0	beam_20220601-180659
11	26	0	beam_20220601-180703
11	27	0	beam_20220601-180707
11	28	0	beam_20220601-180711
11	29	0	beam_20220601-180715
11	30	0	beam_20220601-180719
11	31	0	beam_20220601-180723
11	32	0	beam_20220601-180728
11	33	0	beam_20220601-180732
11	34	0	beam_20220601-180736
