Col	Row	Count	Time
0	0	0	beam_20220601-173432
0	1	0	beam_20220601-173436
0	2	0	beam_20220601-173440
0	3	0	beam_20220601-173444
0	4	0	beam_20220601-173449
0	5	0	beam_20220601-173453
0	6	0	beam_20220601-173457
0	7	0	beam_20220601-173501
0	8	0	beam_20220601-173505
0	9	0	beam_20220601-173509
0	10	0	beam_20220601-173513
0	11	0	beam_20220601-173517
0	12	0	beam_20220601-173522
0	13	0	beam_20220601-173526
0	14	0	beam_20220601-173530
0	15	0	beam_20220601-173534
0	16	0	beam_20220601-173538
0	17	0	beam_20220601-173542
0	18	0	beam_20220601-173546
0	19	0	beam_20220601-173551
0	20	0	beam_20220601-173555
0	21	0	beam_20220601-173559
0	22	0	beam_20220601-173603
0	23	0	beam_20220601-173607
0	24	0	beam_20220601-173611
0	25	0	beam_20220601-173615
0	26	0	beam_20220601-173619
0	27	0	beam_20220601-173624
0	28	0	beam_20220601-173628
0	29	0	beam_20220601-173632
0	30	0	beam_20220601-173636
0	31	0	beam_20220601-173640
0	32	0	beam_20220601-173644
0	33	0	beam_20220601-173648
0	34	0	beam_20220601-173652
