Col	Row	Count	Time
5	0	0	beam_20220601-174911
5	1	0	beam_20220601-174915
5	2	0	beam_20220601-174919
5	3	0	beam_20220601-174923
5	4	0	beam_20220601-174927
5	5	0	beam_20220601-174931
5	6	0	beam_20220601-174935
5	7	0	beam_20220601-174940
5	8	0	beam_20220601-174944
5	9	0	beam_20220601-174948
5	10	0	beam_20220601-174952
5	11	0	beam_20220601-174956
5	12	0	beam_20220601-175000
5	13	0	beam_20220601-175004
5	14	0	beam_20220601-175008
5	15	500	beam_20220601-175013
5	16	0	beam_20220601-175110
5	17	0	beam_20220601-175114
5	18	0	beam_20220601-175118
5	19	0	beam_20220601-175123
5	20	0	beam_20220601-175127
5	21	0	beam_20220601-175131
5	22	0	beam_20220601-175135
5	23	0	beam_20220601-175139
5	24	0	beam_20220601-175143
5	25	0	beam_20220601-175147
5	26	0	beam_20220601-175151
5	27	0	beam_20220601-175156
5	28	0	beam_20220601-175200
5	29	0	beam_20220601-175204
5	30	500	beam_20220601-175208
5	31	0	beam_20220601-175306
5	32	0	beam_20220601-175310
5	33	0	beam_20220601-175314
5	34	0	beam_20220601-175318
