Col	Row	Count	Time
6	0	0	beam_20220601-175322
6	1	0	beam_20220601-175326
6	2	0	beam_20220601-175330
6	3	0	beam_20220601-175334
6	4	0	beam_20220601-175339
6	5	0	beam_20220601-175343
6	6	0	beam_20220601-175347
6	7	0	beam_20220601-175351
6	8	0	beam_20220601-175355
6	9	0	beam_20220601-175359
6	10	0	beam_20220601-175403
6	11	0	beam_20220601-175408
6	12	0	beam_20220601-175412
6	13	0	beam_20220601-175416
6	14	0	beam_20220601-175420
6	15	0	beam_20220601-175424
6	16	0	beam_20220601-175428
6	17	0	beam_20220601-175432
6	18	0	beam_20220601-175436
6	19	0	beam_20220601-175440
6	20	0	beam_20220601-175445
6	21	0	beam_20220601-175449
6	22	0	beam_20220601-175453
6	23	0	beam_20220601-175457
6	24	0	beam_20220601-175501
6	25	0	beam_20220601-175505
6	26	0	beam_20220601-175509
6	27	0	beam_20220601-175513
6	28	0	beam_20220601-175517
6	29	0	beam_20220601-175522
6	30	0	beam_20220601-175526
6	31	0	beam_20220601-175530
6	32	0	beam_20220601-175534
6	33	0	beam_20220601-175538
6	34	0	beam_20220601-175542
