Col	Row	Count	Time
34	0	0	beam_20220601-191455
34	1	436	beam_20220601-191459
34	2	0	beam_20220601-191550
34	3	0	beam_20220601-191554
34	4	0	beam_20220601-191558
34	5	0	beam_20220601-191602
34	6	0	beam_20220601-191606
34	7	0	beam_20220601-191610
34	8	0	beam_20220601-191615
34	9	0	beam_20220601-191619
34	10	0	beam_20220601-191623
34	11	0	beam_20220601-191627
34	12	0	beam_20220601-191631
34	13	0	beam_20220601-191635
34	14	0	beam_20220601-191639
34	15	0	beam_20220601-191644
34	16	0	beam_20220601-191648
34	17	0	beam_20220601-191652
34	18	0	beam_20220601-191656
34	19	0	beam_20220601-191700
34	20	0	beam_20220601-191704
34	21	0	beam_20220601-191708
34	22	0	beam_20220601-191712
34	23	0	beam_20220601-191717
34	24	0	beam_20220601-191721
34	25	0	beam_20220601-191725
34	26	0	beam_20220601-191729
34	27	0	beam_20220601-191733
34	28	0	beam_20220601-191737
34	29	0	beam_20220601-191741
34	30	0	beam_20220601-191745
34	31	0	beam_20220601-191750
34	32	0	beam_20220601-191754
