Col	Row	Count	Time
29	0	0	beam_20220601-190257
29	1	0	beam_20220601-190301
29	2	0	beam_20220601-190305
29	3	0	beam_20220601-190309
29	4	0	beam_20220601-190313
29	5	0	beam_20220601-190317
29	6	0	beam_20220601-190321
29	7	0	beam_20220601-190326
29	8	0	beam_20220601-190330
29	9	0	beam_20220601-190334
29	10	0	beam_20220601-190338
29	11	0	beam_20220601-190342
29	12	0	beam_20220601-190346
29	13	0	beam_20220601-190350
29	14	0	beam_20220601-190354
29	15	0	beam_20220601-190359
29	16	0	beam_20220601-190403
29	17	0	beam_20220601-190407
29	18	0	beam_20220601-190411
29	19	0	beam_20220601-190415
29	20	0	beam_20220601-190419
29	21	0	beam_20220601-190423
29	22	0	beam_20220601-190427
29	23	0	beam_20220601-190432
29	24	0	beam_20220601-190436
29	25	0	beam_20220601-190440
29	26	0	beam_20220601-190444
29	27	0	beam_20220601-190448
29	28	0	beam_20220601-190452
29	29	0	beam_20220601-190456
29	30	0	beam_20220601-190500
29	31	0	beam_20220601-190505
29	32	0	beam_20220601-190509
29	33	0	beam_20220601-190513
29	34	0	beam_20220601-190517
