Col	Row	Count	Time
23	0	0	beam_20220601-184232
23	1	0	beam_20220601-184236
23	2	0	beam_20220601-184240
23	3	0	beam_20220601-184244
23	4	0	beam_20220601-184248
23	5	0	beam_20220601-184252
23	6	0	beam_20220601-184256
23	7	500	beam_20220601-184301
23	8	0	beam_20220601-184358
23	9	0	beam_20220601-184402
23	10	0	beam_20220601-184406
23	11	0	beam_20220601-184411
23	12	0	beam_20220601-184415
23	13	0	beam_20220601-184419
23	14	0	beam_20220601-184423
23	15	0	beam_20220601-184427
23	16	0	beam_20220601-184431
23	17	0	beam_20220601-184435
23	18	0	beam_20220601-184440
23	19	0	beam_20220601-184444
23	20	0	beam_20220601-184448
23	21	500	beam_20220601-184452
23	22	0	beam_20220601-184550
23	23	500	beam_20220601-184554
23	24	0	beam_20220601-184651
23	25	0	beam_20220601-184655
23	26	0	beam_20220601-184659
23	27	0	beam_20220601-184704
23	28	0	beam_20220601-184708
23	29	0	beam_20220601-184712
23	30	0	beam_20220601-184716
23	31	0	beam_20220601-184720
23	32	0	beam_20220601-184724
23	33	0	beam_20220601-184728
23	34	0	beam_20220601-184733
