Col	Row	Count	Time
19	0	0	beam_20220601-183115
19	1	0	beam_20220601-183119
19	2	0	beam_20220601-183123
19	3	0	beam_20220601-183127
19	4	0	beam_20220601-183131
19	5	0	beam_20220601-183135
19	6	0	beam_20220601-183139
19	7	0	beam_20220601-183144
19	8	0	beam_20220601-183148
19	9	0	beam_20220601-183152
19	10	0	beam_20220601-183156
19	11	0	beam_20220601-183200
19	12	0	beam_20220601-183204
19	13	0	beam_20220601-183208
19	14	0	beam_20220601-183212
19	15	0	beam_20220601-183217
19	16	0	beam_20220601-183221
19	17	0	beam_20220601-183225
19	18	0	beam_20220601-183229
19	19	0	beam_20220601-183233
19	20	0	beam_20220601-183237
19	21	0	beam_20220601-183241
19	22	0	beam_20220601-183246
19	23	0	beam_20220601-183250
19	24	0	beam_20220601-183254
19	25	0	beam_20220601-183258
19	26	0	beam_20220601-183302
19	27	0	beam_20220601-183306
19	28	0	beam_20220601-183310
19	29	0	beam_20220601-183314
19	30	0	beam_20220601-183319
19	31	0	beam_20220601-183323
19	34	0	beam_20220601-183327
