Col	Row	Count	Time
27	0	0	beam_20220601-185535
27	1	0	beam_20220601-185539
27	2	0	beam_20220601-185543
27	3	0	beam_20220601-185548
27	4	0	beam_20220601-185552
27	5	0	beam_20220601-185556
27	6	0	beam_20220601-185600
27	7	0	beam_20220601-185604
27	8	0	beam_20220601-185608
27	9	0	beam_20220601-185612
27	10	500	beam_20220601-185616
27	11	0	beam_20220601-185714
27	12	500	beam_20220601-185718
27	13	0	beam_20220601-185816
27	14	0	beam_20220601-185820
27	15	0	beam_20220601-185824
27	16	0	beam_20220601-185828
27	17	0	beam_20220601-185832
27	18	0	beam_20220601-185837
27	19	0	beam_20220601-185841
27	20	0	beam_20220601-185845
27	21	0	beam_20220601-185849
27	22	0	beam_20220601-185853
27	23	0	beam_20220601-185857
27	24	0	beam_20220601-185901
27	25	0	beam_20220601-185905
27	26	0	beam_20220601-185910
27	27	0	beam_20220601-185914
27	28	0	beam_20220601-185918
27	29	0	beam_20220601-185922
27	30	0	beam_20220601-185926
27	31	0	beam_20220601-185930
27	32	0	beam_20220601-185934
27	33	0	beam_20220601-185938
27	34	0	beam_20220601-185943
