Col	Row	Count	Time
1	0	0	beam_20220601-173657
1	1	0	beam_20220601-173701
1	2	0	beam_20220601-173705
1	3	0	beam_20220601-173709
1	4	0	beam_20220601-173713
1	5	0	beam_20220601-173717
1	6	0	beam_20220601-173721
1	7	0	beam_20220601-173725
1	8	0	beam_20220601-173730
1	9	0	beam_20220601-173734
1	10	0	beam_20220601-173738
1	11	0	beam_20220601-173742
1	12	0	beam_20220601-173746
1	13	0	beam_20220601-173750
1	14	0	beam_20220601-173754
1	15	0	beam_20220601-173759
1	16	0	beam_20220601-173803
1	17	0	beam_20220601-173807
1	18	0	beam_20220601-173811
1	19	0	beam_20220601-173815
1	20	0	beam_20220601-173819
1	21	0	beam_20220601-173823
1	22	0	beam_20220601-173827
1	23	0	beam_20220601-173832
1	24	0	beam_20220601-173836
1	25	0	beam_20220601-173840
1	26	0	beam_20220601-173844
1	27	0	beam_20220601-173848
1	28	0	beam_20220601-173852
1	29	0	beam_20220601-173856
1	30	0	beam_20220601-173901
1	31	0	beam_20220601-173905
1	32	0	beam_20220601-173909
1	33	0	beam_20220601-173913
1	34	0	beam_20220601-173917
