Col	Row	Count	Time
4	0	0	beam_20220601-174553
4	1	0	beam_20220601-174557
4	2	0	beam_20220601-174601
4	3	0	beam_20220601-174605
4	4	0	beam_20220601-174609
4	5	0	beam_20220601-174613
4	6	0	beam_20220601-174617
4	7	0	beam_20220601-174622
4	8	0	beam_20220601-174626
4	9	0	beam_20220601-174630
4	10	0	beam_20220601-174634
4	11	0	beam_20220601-174638
4	12	0	beam_20220601-174642
4	13	0	beam_20220601-174646
4	14	0	beam_20220601-174651
4	15	0	beam_20220601-174655
4	16	0	beam_20220601-174659
4	17	0	beam_20220601-174703
4	18	0	beam_20220601-174707
4	19	0	beam_20220601-174711
4	20	0	beam_20220601-174715
4	21	0	beam_20220601-174719
4	22	0	beam_20220601-174724
4	23	0	beam_20220601-174728
4	24	0	beam_20220601-174732
4	25	0	beam_20220601-174736
4	26	0	beam_20220601-174740
4	27	0	beam_20220601-174744
4	28	0	beam_20220601-174748
4	29	0	beam_20220601-174752
4	30	0	beam_20220601-174757
4	31	500	beam_20220601-174801
4	32	0	beam_20220601-174858
4	33	0	beam_20220601-174902
4	34	0	beam_20220601-174907
