Col	Row	Count	Time
28	0	0	beam_20220601-185947
28	1	0	beam_20220601-185951
28	2	0	beam_20220601-185955
28	3	0	beam_20220601-185959
28	4	0	beam_20220601-190003
28	5	0	beam_20220601-190007
28	6	0	beam_20220601-190011
28	7	0	beam_20220601-190016
28	8	0	beam_20220601-190020
28	9	0	beam_20220601-190024
28	10	0	beam_20220601-190028
28	11	0	beam_20220601-190032
28	12	0	beam_20220601-190036
28	13	500	beam_20220601-190040
28	14	0	beam_20220601-190138
28	15	0	beam_20220601-190142
28	16	0	beam_20220601-190146
28	17	0	beam_20220601-190151
28	18	0	beam_20220601-190155
28	19	0	beam_20220601-190159
28	20	0	beam_20220601-190203
28	21	0	beam_20220601-190207
28	22	0	beam_20220601-190211
28	23	0	beam_20220601-190215
28	24	0	beam_20220601-190219
28	27	0	beam_20220601-190224
28	28	0	beam_20220601-190228
28	29	0	beam_20220601-190232
28	30	0	beam_20220601-190236
28	31	0	beam_20220601-190240
28	32	0	beam_20220601-190244
28	33	0	beam_20220601-190248
28	34	0	beam_20220601-190253
