Col	Row	Count	Time
15	0	0	beam_20220601-100520
15	1	0	beam_20220601-100618
15	2	0	beam_20220601-100715
15	3	0	beam_20220601-100813
15	4	0	beam_20220601-100911
15	5	0	beam_20220601-101008
15	6	0	beam_20220601-101106
15	7	500	beam_20220601-101204
15	8	0	beam_20220601-101301
15	9	500	beam_20220601-101359
15	10	433	beam_20220601-101457
15	11	406	beam_20220601-101554
15	12	0	beam_20220601-101652
15	13	0	beam_20220601-101750
15	16	0	beam_20220601-101848
15	17	0	beam_20220601-101945
15	18	0	beam_20220601-102043
15	19	0	beam_20220601-102141
15	20	0	beam_20220601-102238
15	23	0	beam_20220601-102336
15	24	0	beam_20220601-102434
15	25	356	beam_20220601-102531
15	26	0	beam_20220601-102629
15	27	0	beam_20220601-102727
15	28	0	beam_20220601-102825
15	29	0	beam_20220601-102922
15	30	0	beam_20220601-103020
15	31	0	beam_20220601-103118
15	32	500	beam_20220601-103215
15	33	0	beam_20220601-103313
15	34	456	beam_20220601-103411
