Col	Row	Count	Time
29	0	0	beam_20220601-164712
29	1	0	beam_20220601-164716
29	2	0	beam_20220601-164720
29	3	0	beam_20220601-164725
29	4	0	beam_20220601-164729
29	5	0	beam_20220601-164733
29	6	0	beam_20220601-164737
29	7	0	beam_20220601-164741
29	8	0	beam_20220601-164745
29	9	0	beam_20220601-164749
29	10	0	beam_20220601-164753
29	11	0	beam_20220601-164758
29	12	0	beam_20220601-164802
29	13	500	beam_20220601-164806
29	14	0	beam_20220601-164904
29	15	0	beam_20220601-164908
29	16	0	beam_20220601-164912
29	17	0	beam_20220601-164916
29	18	0	beam_20220601-164920
29	19	0	beam_20220601-164924
29	20	0	beam_20220601-164928
29	21	0	beam_20220601-164932
29	22	0	beam_20220601-164937
29	23	0	beam_20220601-164941
29	24	0	beam_20220601-164945
29	25	0	beam_20220601-164949
29	26	325	beam_20220601-164953
29	27	0	beam_20220601-165032
29	28	0	beam_20220601-165036
29	29	0	beam_20220601-165040
29	30	0	beam_20220601-165044
29	31	0	beam_20220601-165048
29	32	500	beam_20220601-165053
29	33	0	beam_20220601-165150
29	34	0	beam_20220601-165154
