Col	Row	Count	Time
33	0	0	beam_20220601-171550
33	1	0	beam_20220601-171554
33	2	0	beam_20220601-171558
33	3	500	beam_20220601-171602
33	4	0	beam_20220601-171700
33	5	0	beam_20220601-171704
33	6	0	beam_20220601-171708
33	7	500	beam_20220601-171712
33	8	0	beam_20220601-171810
33	9	0	beam_20220601-171814
33	10	0	beam_20220601-171818
33	11	227	beam_20220601-171822
33	12	0	beam_20220601-171850
33	13	500	beam_20220601-171854
33	14	0	beam_20220601-171952
33	15	500	beam_20220601-171956
33	16	0	beam_20220601-172054
33	17	0	beam_20220601-172058
33	18	0	beam_20220601-172102
33	19	0	beam_20220601-172106
33	20	0	beam_20220601-172110
33	21	0	beam_20220601-172115
33	22	0	beam_20220601-172119
33	23	0	beam_20220601-172123
33	24	0	beam_20220601-172127
33	25	0	beam_20220601-172131
33	26	0	beam_20220601-172135
33	27	0	beam_20220601-172139
33	28	0	beam_20220601-172143
33	29	0	beam_20220601-172147
33	30	0	beam_20220601-172152
33	31	0	beam_20220601-172156
33	32	0	beam_20220601-172200
33	33	0	beam_20220601-172204
33	34	0	beam_20220601-172208
