Col	Row	Count	Time
8	0	0	beam_20220531-231559
8	1	0	beam_20220531-231658
8	2	500	beam_20220531-231757
8	3	0	beam_20220531-231855
8	4	496	beam_20220531-231954
8	5	500	beam_20220531-232053
8	6	500	beam_20220531-232152
8	7	0	beam_20220531-232251
8	8	0	beam_20220531-232349
8	9	500	beam_20220531-232448
8	10	491	beam_20220531-232547
8	11	0	beam_20220531-232646
8	12	0	beam_20220531-232745
8	13	0	beam_20220531-232843
8	14	0	beam_20220531-232942
8	15	0	beam_20220531-233041
8	16	0	beam_20220531-233140
8	17	0	beam_20220531-233239
8	18	500	beam_20220531-233337
8	19	200	beam_20220531-233436
8	20	0	beam_20220531-233535
8	21	0	beam_20220531-233634
8	22	258	beam_20220531-233733
8	23	0	beam_20220531-233831
8	24	0	beam_20220531-233930
8	25	0	beam_20220531-234029
8	26	500	beam_20220531-234127
8	27	0	beam_20220531-234226
8	28	0	beam_20220531-234325
8	29	0	beam_20220531-234424
8	30	0	beam_20220531-234523
8	31	0	beam_20220531-234621
8	32	0	beam_20220531-234720
8	33	0	beam_20220531-234819
8	34	264	beam_20220531-234918
