Col	Row	Count	Time
24	0	0	beam_20220601-145736
24	1	0	beam_20220601-145834
24	2	500	beam_20220601-145932
24	3	0	beam_20220601-150029
24	4	453	beam_20220601-150127
24	5	0	beam_20220601-150225
24	6	417	beam_20220601-150322
24	7	0	beam_20220601-150420
24	8	0	beam_20220601-150518
24	9	123	beam_20220601-150615
24	10	500	beam_20220601-150713
24	11	0	beam_20220601-150811
24	12	0	beam_20220601-150909
24	13	0	beam_20220601-151006
24	14	500	beam_20220601-151104
24	15	0	beam_20220601-151202
24	16	500	beam_20220601-151259
24	17	0	beam_20220601-151357
24	18	466	beam_20220601-151455
24	19	500	beam_20220601-151552
24	20	0	beam_20220601-151650
24	21	0	beam_20220601-151748
24	22	0	beam_20220601-151845
24	23	0	beam_20220601-151943
24	24	0	beam_20220601-152041
24	26	0	beam_20220601-152138
24	27	0	beam_20220601-152236
24	28	0	beam_20220601-152334
24	29	0	beam_20220601-152431
24	30	0	beam_20220601-152529
24	31	0	beam_20220601-152627
24	32	0	beam_20220601-152724
24	33	124	beam_20220601-152822
24	34	0	beam_20220601-152920
