Col	Row	Count	Time
26	0	0	beam_20220601-160357
26	1	0	beam_20220601-160454
26	2	0	beam_20220601-160552
26	3	500	beam_20220601-160650
26	4	0	beam_20220601-160747
26	5	497	beam_20220601-160845
26	6	0	beam_20220601-160943
26	7	477	beam_20220601-161040
26	8	0	beam_20220601-161138
26	9	0	beam_20220601-161236
26	10	0	beam_20220601-161333
26	11	0	beam_20220601-161431
26	12	0	beam_20220601-161529
26	13	0	beam_20220601-161626
26	14	0	beam_20220601-161724
26	15	0	beam_20220601-161822
26	16	500	beam_20220601-161919
26	17	442	beam_20220601-162017
26	18	0	beam_20220601-162115
26	19	0	beam_20220601-162212
26	20	0	beam_20220601-162310
26	21	500	beam_20220601-162408
26	22	0	beam_20220601-162505
26	23	415	beam_20220601-162603
26	24	0	beam_20220601-162701
26	25	492	beam_20220601-162758
26	26	0	beam_20220601-162856
26	27	0	beam_20220601-162954
26	28	0	beam_20220601-163051
