Col	Row	Count	Time
27	0	0	beam_20220601-163312
27	1	0	beam_20220601-163317
27	2	0	beam_20220601-163321
27	3	0	beam_20220601-163325
27	4	0	beam_20220601-163329
27	5	0	beam_20220601-163333
27	6	0	beam_20220601-163337
27	7	0	beam_20220601-163341
27	8	0	beam_20220601-163346
27	9	0	beam_20220601-163350
27	10	500	beam_20220601-163354
27	11	0	beam_20220601-163451
27	12	500	beam_20220601-163456
27	13	500	beam_20220601-163553
27	14	0	beam_20220601-163651
27	15	0	beam_20220601-163655
27	16	0	beam_20220601-163659
27	17	0	beam_20220601-163703
27	18	500	beam_20220601-163707
27	19	0	beam_20220601-163805
27	20	0	beam_20220601-163809
27	21	0	beam_20220601-163813
27	22	0	beam_20220601-163817
27	23	0	beam_20220601-163821
27	24	0	beam_20220601-163826
27	25	142	beam_20220601-163830
27	26	0	beam_20220601-163849
27	27	0	beam_20220601-163853
27	28	0	beam_20220601-163858
27	29	0	beam_20220601-163902
27	30	0	beam_20220601-163906
27	31	0	beam_20220601-163910
27	32	0	beam_20220601-163914
27	33	0	beam_20220601-163918
27	34	0	beam_20220601-163922
